4000,2338,1598
4001,3643,2145
4002,4001,3885
4003,4000,3261
4004,2279,2030
4005,2340,2138
4006,4002,3977
4007,3069,1281
4008,3686,2860
4009,4007,2309
4010,4003,2395
4011,4004,477
4012,3539,3526
4013,4009,2133
4014,3827,3712
4015,4006,2497
4016,4010,1315
4017,3755,2746
4018,1242,433
4019,4005,96
4020,4013,2559
4021,4015,3292
4022,4011,2243
4023,3707,2374
4024,3950,1201
4025,4021,3920
4026,4019,1951
4027,3650,2070
4028,4020,2051
4029,4028,33
4030,4022,2306
4031,4024,3763
4032,4027,1013
4033,4018,2383
4034,3768,3346
4035,1926,1857
4036,3068,3036
4037,4025,1219
4038,4016,3208
4039,4030,2661
4040,1096,390
4041,3290,150
4042,4037,3377
4043,3600,3427
4044,4033,1098
4045,4032,2387
4046,4026,94
4047,4038,2403
4048,3530,3108
4049,4029,4023
4050,3928,3666
4051,4031,3689
4052,3860,3088
4053,4039,3110
4054,2430,2287
4055,3023,41
4056,3153,1177
4057,4045,74
4058,4052,4017
4059,409,207
4060,4042,1073
4061,3298,2118
4062,4047,4043
4063,3448,3234
4064,4058,3260
4065,4012,117
4066,4049,2074
4067,4044,53
4068,4041,3033
4069,4060,4048
4070,3095,2259
4071,2331,2302
4072,3019,47
4073,4062,1357
4074,2582,220
4075,4069,3734
4076,4066,4056
4077,3970,79
4078,4073,3300
4079,4075,4008
4080,4067,4040
4081,4014,3146
4082,3279,3015
4083,389,20
4084,3711,3691
4085,4050,4035
4086,4078,4051
4087,4055,3203
4088,3919,3899
4089,4068,3856
4090,3982,2264
4091,4076,2339
4092,2057,1649
4093,4053,2849
4094,3698,3555
4095,2222,1742
4096,4079,3998
4097,4072,3057
4098,4096,2466
4099,3429,3276
4100,3319,3259
4101,2464,1984
4102,4087,4085
4103,1131,815
4104,4064,3606
4105,4081,1188
4106,4046,4036
4107,4034,3681
4108,4065,1084
4109,4090,1137
4110,4106,4086
4111,3770,3391
4112,3610,3601
4113,4091,4054
4114,4101,4098
4115,3496,43
4116,398,367
4117,2099,2035
4118,3695,1523
4119,4080,2164
4120,4093,2008
4121,4104,2729
4122,1838,1544
4123,4114,4061
4124,3805,3022
4125,4077,3064
4126,4089,3246
4127,4070,1657
4128,4074,490
4129,215,77
4130,4057,2294
4131,3633,135
4132,4105,4095
4133,4126,4107
4134,4120,1154
4135,2662,1093
4136,4088,3908
4137,4071,1881
4138,4119,4103
4139,4132,3438
4140,2120,497
4141,2580,429
4142,4110,124
4143,3456,3173
4144,4063,1144
4145,1446,1018
4146,4111,3447
4147,4134,1892
4148,3047,2317
4149,4136,4097
4150,2679,1439
4151,4142,4122
4152,1778,1133
4153,4113,2232
4154,3205,1968
4155,3629,3244
4156,2273,2199
4157,253,112
4158,4143,4099
4159,4117,3561
4160,4153,3799
4161,4138,714
4162,4121,3083
4163,4123,2443
4164,3359,3187
4165,4092,2378
4166,4135,4131
4167,4083,3909
4168,4059,3753
4169,410,138
4170,3183,3004
4171,4161,4147
4172,151,86
4173,4148,2328
4174,4163,4139
4175,285,75
4176,401,368
4177,4125,1647
4178,4137,204
4179,1834,251
4180,4151,3954
4181,4133,4115
4182,4128,4108
4183,2536,1195
4184,3943,2104
4185,3365,3310
4186,2244,2233
4187,3769,3683
4188,4124,2391
4189,3403,1566
4190,2477,1675
4191,4180,3459
4192,1489,1478
4193,4156,3229
4194,3441,246
4195,2181,465
4196,4152,1349
4197,4174,4084
4198,2522,1631
4199,2886,1536
4200,4173,4130
4201,2071,168
4202,1481,353
4203,1150,1052
4204,3506,2149
4205,4102,1928
4206,3961,1513
4207,4191,1425
4208,1347,371
4209,4116,72
4210,2685,1890
4211,3131,89
4212,4160,3100
4213,4162,4154
4214,3220,243
4215,4145,1321
4216,4197,2438
4217,4166,1039
4218,449,152
4219,3098,1924
4220,3554,1777
4221,4127,1734
4222,4149,3717
4223,3449,3029
4224,4212,1504
4225,4177,4170
4226,231,107
4227,4168,3596
4228,3905,3902
4229,4158,3674
4230,4225,4216
4231,4189,1265
4232,4109,3469
4233,2832,1423
4234,4190,1567
4235,3184,3094
4236,4224,4217
4237,4178,146
4238,4214,4094
4239,4181,4155
4240,4200,4165
4241,1661,501
4242,2412,1220
4243,62,12
4244,4210,4118
4245,4211,237
4246,4146,3374
4247,4129,2816
4248,3761,97
4249,3495,3198
4250,4207,3254
4251,4232,4171
4252,453,261
4253,1275,1082
4254,4205,1283
4255,4176,392
4256,4236,901
4257,4250,4204
4258,4182,170
4259,4239,2564
4260,4240,1338
4261,4256,2487
4262,4184,2511
4263,4169,354
4264,4193,1292
4265,4233,3814
4266,4188,2523
4267,3671,1107
4268,1342,963
4269,1772,1589
4270,257,59
4271,4192,1815
4272,4254,1020
4273,4112,2368
4274,3967,2352
4275,4238,4213
4276,4257,1886
4277,4100,3959
4278,4198,1825
4279,1334,1272
4280,4195,3846
4281,4259,1747
4282,3781,252
4283,4261,1676
4284,4221,3051
4285,4247,73
4286,1433,357
4287,3369,413
4288,2183,2129
4289,4269,3529
4290,4251,2632
4291,3294,1615
4292,4264,4206
4293,4230,3269
4294,4208,3382
4295,2192,2064
4296,4260,1840
4297,4243,171
4298,2393,2337
4299,4159,2301
4300,4227,2878
4301,4201,2353
4302,4276,103
4303,4244,2550
4304,3457,2680
4305,4283,762
4306,3440,3243
4307,2343,1040
4308,4293,3400
4309,4255,119
4310,4281,3819
4311,4229,3356
4312,4237,3137
4313,4272,3212
4314,4305,3164
4315,4082,1979
4316,4302,4284
4317,4308,3670
4318,2255,2174
4319,4314,2007
4320,3307,3041
4321,4141,9
4322,4317,2256
4323,4248,3958
4324,4290,4175
4325,4296,1692
4326,3085,2546
4327,3470,1941
4328,4313,4199
4329,3372,2380
4330,1577,1035
4331,4241,722
4332,4310,3742
4333,3514,1991
4334,4325,2308
4335,3904,3079
4336,495,403
4337,3966,3922
4338,1180,527
4339,4179,1430
4340,3907,1457
4341,3413,2844
4342,4319,2010
4343,2314,1311
4344,3395,46
4345,1087,880
4346,4306,4222
4347,4246,4235
4348,2432,2375
4349,4271,4245
4350,3708,1826
4351,4332,4220
4352,4297,1329
4353,3869,3210
4354,4288,4172
4355,3192,2193
4356,4324,4183
4357,3366,1122
4358,3332,2176
4359,4292,1557
4360,440,218
4361,3540,1400
4362,4326,2329
4363,4316,4312
4364,4331,4203
4365,1068,793
4366,4328,1708
4367,3384,287
4368,4299,3588
4369,4263,2565
4370,4342,3900
4371,4266,3820
4372,4300,3826
4373,4167,4144
4374,3373,2584
4375,1835,1605
4376,4356,742
4377,3221,1295
4378,2507,2202
4379,2514,1746
4380,4366,4343
4381,2218,1141
4382,3385,1994
4383,4322,4196
4384,4301,2988
4385,4376,4265
4386,4370,219
4387,4334,1168
4388,3103,2455
4389,4274,192
4390,260,255
4391,1601,37
4392,4347,4311
4393,4386,115
4394,3375,3222
4395,442,281
4396,4393,3299
4397,3773,3273
4398,2276,17
4399,4315,1497
4400,4285,1375
4401,3136,491
4402,4268,1814
4403,1877,1320
4404,4223,370
4405,1193,1006
4406,3721,4
4407,4363,4289
4408,4387,2332
4409,4351,3285
4410,4383,4234
4411,3286,3018
4412,4396,3971
4413,3626,3510
4414,4275,876
4415,3213,1266
4416,4359,3743
4417,4267,1230
4418,3910,1660
4419,4412,1282
4420,4150,2917
4421,4278,3123
4422,3831,3225
4423,4219,1126
4424,3306,929
4425,4385,987
4426,200,167
4427,1967,1856
4428,3211,3209
4429,3778,1603
4430,4409,3785
4431,4407,3043
4432,4298,2282
4433,1757,460
4434,2472,1251
4435,3314,317
4436,4431,3504
4437,4402,508
4438,4371,3258
4439,4321,184
4440,4253,1308
4441,2344,1299
4442,4419,1398
4443,4404,3675
4444,4282,307
4445,4425,1114
4446,4430,4303
4447,4416,1132
4448,4164,279
4449,4442,1037
4450,3547,2335
4451,4421,1239
4452,4187,4140
4453,4414,4392
4454,3160,3087
4455,4280,2388
4456,4368,3802
4457,4372,2108
4458,4436,4374
4459,4360,300
4460,3399,2759
4461,1125,626
4462,4408,2081
4463,4242,3329
4464,4215,1463
4465,4304,3590
4466,4389,343
4467,4380,344
4468,4445,658
4469,4294,3986
4470,439,108
4471,4277,3918
4472,1498,1224
4473,4287,2240
4474,3394,3257
4475,4458,1883
4476,4410,4327
4477,4345,3387
4478,4449,1337
4479,4375,339
4480,3921,1552
4481,4352,310
4482,4438,4231
4483,4468,4365
4484,3283,3193
4485,4478,4361
4486,4475,2047
4487,4323,1758
4488,4446,2877
4489,4262,2955
4490,4467,3297
4491,4373,3634
4492,2928,314
4493,4355,4286
4494,4349,1737
4495,2962,1127
4496,438,259
4497,4400,298
4498,3228,2367
4499,4369,3854
4500,4333,4258
4501,4185,3488
4502,4471,3309
4503,3172,1450
4504,4486,1306
4505,4338,1367
4506,4320,1083
4507,4504,4411
4508,4485,4462
4509,2621,1868
4510,4367,4307
4511,4476,4384
4512,3347,500
4513,4490,2911
4514,3101,1503
4515,3313,1831
4516,4477,2103
4517,4466,4447
4518,3825,2938
4519,906,15
4520,4483,1186
4521,4186,1079
4522,4364,1505
4523,4480,4451
4524,4273,3527
4525,470,51
4526,3340,2423
4527,4399,1529
4528,4346,2297
4529,4520,4354
4530,4461,4339
4531,587,118
4532,4456,3132
4533,3002,1384
4534,4279,1579
4535,2085,1710
4536,4270,423
4537,3944,3574
4538,4528,2056
4539,4513,1368
4540,4488,3178
4541,4511,1959
4542,4455,1372
4543,3128,3046
4544,2361,1415
4545,4391,2360
4546,4529,2097
4547,3185,2742
4548,4539,3960
4549,4417,1646
4550,4295,1051
4551,4403,1017
4552,4540,1101
4553,4401,2450
4554,4514,4418
4555,4507,1434
4556,4500,3709
4557,3517,3472
4558,2686,629
4559,292,238
4560,3638,3492
4561,425,337
4562,4541,2105
4563,4552,4453
4564,1876,360
4565,4555,3648
4566,4508,1606
4567,1382,935
4568,4228,3945
4569,4566,2420
4570,2234,210
4571,4473,199
4572,4405,3056
4573,4565,1537
4574,498,275
4575,4506,3090
4576,3836,3378
4577,4341,3868
4578,4335,3479
4579,4573,4517
4580,4546,4497
4581,4202,2170
4582,3171,104
4583,4420,286
4584,3197,1424
4585,1530,1379
4586,4567,4548
4587,4348,2015
4588,4530,4427
4589,2751,2608
4590,4532,1819
4591,4522,4499
4592,4554,4482
4593,236,202
4594,4489,1091
4595,2567,838
4596,4381,1417
4597,4437,1586
4598,4549,4377
4599,1333,1297
4600,4440,1386
4601,4249,1917
4602,4562,2508
4603,420,318
4604,106,42
4605,1860,1643
4606,4586,4569
4607,4329,1619
4608,4362,68
4609,4580,4494
4610,3895,860
4611,3021,270
4612,4602,4423
4613,4505,4459
4614,4519,4441
4615,2534,879
4616,2296,784
4617,2060,1591
4618,4465,1029
4619,4579,4516
4620,4209,350
4621,4556,3762
4622,4330,2185
4623,2454,189
4624,4491,4413
4625,4559,4309
4626,2480,1095
4627,3940,3722
4628,179,61
4629,3238,331
4630,4515,3775
4631,4502,3694
4632,1204,88
4633,4524,4429
4634,4406,291
4635,2326,1041
4636,4521,3236
4637,4544,2880
4638,4581,1681
4639,4576,4194
4640,3024,1585
4641,4394,3084
4642,805,635
4643,4619,4493
4644,4609,4378
4645,299,186
4646,4452,4218
4647,3061,3003
4648,334,258
4649,1914,778
4650,4612,1304
4651,3669,1206
4652,2943,2836
4653,4543,3887
4654,4503,949
4655,2812,2792
4656,4509,1885
4657,4397,452
4658,4457,4395
4659,3402,3322
4660,4553,2646
4661,4358,3189
4662,4594,3914
4663,2861,1894
4664,4598,3622
4665,4611,129
4666,1923,1648
4667,4536,4439
4668,2637,2088
4669,4613,1602
4670,4542,278
4671,4643,3255
4672,4379,2150
4673,4527,4510
4674,4382,4291
4675,4534,979
4676,2638,2354
4677,4671,3972
4678,4432,2096
4679,3653,3581
4680,4550,395
4681,1787,1257
4682,4450,2509
4683,4644,1560
4684,2547,1345
4685,1435,1028
4686,4588,1217
4687,4677,4472
4688,4577,3624
4689,2130,1253
4690,4523,2366
4691,4649,3859
4692,4398,1350
4693,4618,1919
4694,4659,2827
4695,4664,4650
4696,4653,4590
4697,3817,2143
4698,4606,4591
4699,4434,4426
4700,4673,1422
4701,1761,1216
4702,2602,1044
4703,4512,4463
4704,4634,4563
4705,4474,1976
4706,4687,1034
4707,4623,4538
4708,3165,2760
4709,3312,229
4710,3435,1891
4711,4621,1291
4712,1693,400
4713,4583,1471
4714,4706,2160
4715,4444,280
4716,4646,3929
4717,4564,1707
4718,4683,916
4719,4714,4592
4720,4422,3877
4721,3824,2993
4722,3170,1656
4723,4637,2691
4724,4704,4624
4725,3155,2372
4726,4603,272
4727,4695,4587
4728,2757,1108
4729,796,739
4730,4663,4571
4731,4578,3232
4732,3849,3619
4733,2881,837
4734,3803,397
4735,4469,416
4736,4600,3615
4737,4727,2781
4738,4336,418
4739,2594,705
4740,2112,1429
4741,4496,3835
4742,4702,4388
4743,4698,1187
4744,4660,2414
4745,4690,1393
4746,4672,2978
4747,4665,3049
4748,3397,3161
4749,4669,1164
4750,4595,791
4751,4718,4700
4752,4686,412
4753,4484,3499
4754,4743,1904
4755,4560,1821
4756,3705,468
4757,4479,2866
4758,4719,4596
4759,4668,2300
4760,4754,4599
4761,4749,4614
4762,1913,1645
4763,4711,1390
4764,4622,4357
4765,3345,1611
4766,3735,2635
4767,4744,2485
4768,4737,975
4769,4751,28
4770,4424,1104
4771,3380,268
4772,4443,1454
4773,1274,1067
4774,1376,923
4775,4344,3996
4776,4760,4638
4777,4713,1237
4778,4776,2136
4779,4769,1214
4780,4688,4662
4781,4350,3078
4782,4626,4535
4783,4340,283
4784,3764,1209
4785,2152,1580
4786,4752,4675
4787,3432,1348
4788,984,70
4789,4157,143
4790,3354,3122
4791,4558,1510
4792,4252,223
4793,4735,4689
4794,312,91
4795,4657,4518
4796,1925,1810
4797,4758,4635
4798,4654,358
4799,4353,3407
4800,3481,2910
4801,4470,6
4802,4585,2310
4803,2248,1452
4804,2678,2148
4805,4572,2260
4806,4667,4525
4807,4724,4656
4808,4755,1532
4809,4608,4337
4810,3995,2169
4811,1551,1002
4812,2837,2798
4813,4778,3348
4814,3169,2738
4815,4775,1824
4816,4501,1548
4817,4733,4498
4818,4730,3892
4819,4720,4633
4820,4741,4705
4821,4782,4597
4822,4779,4684
4823,3818,3360
4824,4574,196
4825,4648,346
4826,4802,776
4827,4762,4681
4828,3728,3318
4829,4415,3871
4830,4770,2078
4831,1870,1562
4832,4780,4750
4833,4495,1033
4834,3932,435
4835,3331,383
4836,4708,579
4837,3913,2006
4838,4699,1075
4839,3858,3251
4840,4604,4481
4841,4435,266
4842,4777,1076
4843,4658,639
4844,4797,3642
4845,872,476
4846,4454,3073
4847,4670,2311
4848,4652,3812
4849,4655,2926
4850,4740,2107
4851,4682,1878
4852,4531,2711
4853,4844,2676
4854,4813,3984
4855,4807,4747
4856,4610,1613
4857,4640,3657
4858,4636,2458
4859,4734,134
4860,4726,161
4861,4448,3417
4862,4768,2286
4863,4547,1119
4864,4601,2075
4865,4616,3127
4866,4433,2348
4867,2743,303
4868,4694,3875
4869,4676,2687
4870,4794,4487
4871,4832,4822
4872,3702,1032
4873,1729,191
4874,1402,365
4875,3376,3016
4876,4723,2557
4877,4766,4460
4878,4854,915
4879,2761,2677
4880,3821,2207
4881,3571,2324
4882,4631,25
4883,2408,1507
4884,4763,137
4885,1572,424
4886,4878,4761
4887,2825,2593
4888,4853,662
4889,4838,4742
4890,4627,4537
4891,149,10
4892,1614,1269
4893,4753,4630
4894,4757,1085
4895,4607,2854
4896,4888,1859
4897,3985,3218
4898,3182,2641
4899,4725,2098
4900,3339,1739
4901,4575,3730
4902,4584,3806
4903,4871,940
4904,1370,407
4905,4896,1322
4906,3162,1460
4907,4826,4745
4908,4855,4557
4909,316,306
4910,3651,256
4911,4764,3487
4912,4736,2376
4913,4625,273
4914,3039,892
4915,4862,2572
4916,4716,4226
4917,4691,3428
4918,972,736
4919,3832,3797
4920,1686,363
4921,4645,351
4922,4905,4680
4923,993,765
4924,4886,4318
4925,4696,3544
4926,4615,1156
4927,4746,4678
4928,4703,1473
4929,4772,4641
4930,4721,475
4931,4915,4793
4932,4908,2996
4933,4617,4570
4934,4924,4786
4935,4791,849
4936,4932,1590
4937,2390,593
4938,4551,1319
4939,1247,790
4940,4903,1062
4941,4701,1827
4942,4895,3625
4943,4936,4861
4944,4639,1327
4945,4922,4767
4946,4836,4729
4947,466,313
4948,712,545
4949,4847,1353
4950,4693,4390
4951,4545,4492
4952,1394,434
4953,1359,843
4954,4561,133
4955,4907,122
4956,4940,789
4957,3409,2947
4958,4858,3792
4959,1795,1358
4960,1748,1674
4961,4876,4812
4962,1437,1210
4963,4943,4857
4964,4738,4628
4965,4942,2091
4966,4759,1113
4967,4863,1973
4968,4820,694
4969,4710,4707
4970,3751,2542
4971,933,610
4972,4927,4661
4973,4865,4829
4974,4912,4850
4975,4842,1211
4976,2079,1414
4977,4945,1022
4978,185,67
4979,3081,716
4980,4818,3549
4981,4804,2456
4982,4901,2885
4983,3231,803
4984,4873,1839
4985,4882,4620
4986,4977,4917
4987,4852,3631
4988,4833,862
4989,1494,175
4990,3215,3006
4991,3672,446
4992,4883,4827
4993,4533,3873
4994,4935,2470
4995,4845,4679
4996,3311,2895
4997,4568,3632
4998,4934,4856
4999,176,31
5000,3964,2313
5001,4986,4974
5002,4968,3052
5003,4464,2251
5004,4816,4674
5005,3948,2495
5006,2465,2215
5007,4956,3009
5008,274,205
5009,4931,2379
5010,1811,496
5011,3852,3074
5012,4849,2829
5013,4821,1559
5014,3404,1571
5015,4632,1561
5016,4843,148
5017,457,56
5018,2671,1927
5019,5005,5001
5020,4944,3978
5021,4771,2788
5022,1408,529
5023,2019,1194
5024,2278,1709
5025,4996,2371
5026,5007,4788
5027,4806,3532
5028,5009,4859
5029,4992,4961
5030,3822,3661
5031,4848,3682
5032,4831,1279
5033,4799,2848
5034,4963,4808
5035,4765,3437
5036,5019,1666
5037,5026,540
5038,3729,232
5039,4728,2615
5040,4926,2945
5041,4998,4774
5042,4929,4928
5043,2494,2168
5044,4841,194
5045,2258,686
5046,4949,4582
5047,4980,2970
5048,3265,3082
5049,5034,3884
5050,4872,1965
5051,3991,2189
5052,415,254
5053,4717,1340
5054,5013,1111
5055,3925,1388
5056,4925,4874
5057,1622,1456
5058,4685,1285
5059,4809,3202
5060,3665,233
5061,4860,4840
5062,4803,2141
5063,4798,263
5064,3392,3158
5065,4783,1218
5066,5041,4987
5067,3020,302
5068,1932,1466
5069,4946,4894
5070,1768,296
5071,4815,1313
5072,3744,2995
5073,4692,2929
5074,5028,4971
5075,4952,4902
5076,3389,304
5077,3865,2467
5078,5071,4712
5079,4938,1677
5080,4526,1021
5081,3483,13
5082,5066,4889
5083,2643,1986
5084,4805,750
5085,426,187
5086,4731,3855
5087,5053,1410
5088,3630,1701
5089,2461,541
5090,4884,1833
5091,178,84
5092,4939,781
5093,5049,3837
5094,4972,4965
5095,2665,2590
5096,4995,4911
5097,5037,517
5098,5093,4982
5099,4801,493
5100,1697,1324
5101,3275,3035
5102,4846,1651
5103,2634,2134
5104,5082,2139
5105,1691,1030
5106,3602,3505
5107,481,87
5108,2897,2891
5109,451,130
5110,5036,4970
5111,4899,2714
5112,4651,2157
5113,504,319
5114,1395,419
5115,5104,1184
5116,5097,4887
5117,5059,2220
5118,5115,2847
5119,5020,848
5120,5110,1952
5121,4966,601
5122,4864,4589
5123,4787,1181
5124,5054,2436
5125,5050,5027
5126,5074,2082
5127,4870,1134
5128,5090,743
5129,5120,5051
5130,4869,2493
5131,1170,572
5132,5116,606
5133,4988,2907
5134,5079,1129
5135,5126,203
5136,3396,3007
5137,5094,2023
5138,4913,1655
5139,5132,2712
5140,4795,3500
5141,5002,1704
5142,4814,3931
5143,5098,190
5144,4890,3256
5145,5135,4958
5146,5056,2750
5147,4921,1950
5148,5129,5025
5149,5118,4933
5150,5139,1445
5151,4900,4868
5152,1916,1116
5153,5143,4973
5154,5016,4920
5155,4819,524
5156,5150,3104
5157,5047,4919
5158,4955,995
5159,3017,444
5160,4951,1323
5161,4914,2476
5162,5156,1167
5163,4739,38
5164,944,800
5165,1516,1365
5166,3896,3062
5167,3663,624
5168,5137,2327
5169,4866,1714
5170,4969,473
5171,1280,1149
5172,5148,2385
5173,2072,772
5174,2785,227
5175,5162,1396
5176,5149,5029
5177,5154,3898
5178,5073,4923
5179,5172,2530
5180,2633,2323
5181,4647,3248
5182,4904,1346
5183,1543,111
5184,5179,5086
5185,5146,4810
5186,5175,4975
5187,5021,2543
5188,5039,4950
5189,5160,2228
5190,5169,4941
5191,5176,5069
5192,4981,3383
5193,4994,2462
5194,5043,5003
5195,4800,4605
5196,5085,5044
5197,1749,411
5198,467,322
5199,4891,348
5200,3989,3591
5201,5141,3509
5202,5145,3536
5203,5184,4796
5204,5084,3227
5205,5191,1016
5206,5024,4830
5207,4789,1
5208,3949,3811
5209,4781,3531
5210,1175,1094
5211,2896,2254
5212,5153,659
5213,5186,990
5214,4893,2570
5215,2961,604
5216,2883,297
5217,5202,3293
5218,5212,5203
5219,3791,2965
5220,5010,4715
5221,5177,751
5222,5205,3953
5223,461,406
5224,717,528
5225,5217,1441
5226,4867,3342
5227,5124,1897
5228,5158,2753
5229,5119,1568
5230,4906,3054
5231,4897,2688
5232,5076,1776
5233,3952,2252
5234,3874,1061
5235,5218,1502
5236,4979,4851
5237,1361,1238
5238,5012,4756
5239,5213,1050
5240,4993,4709
5241,3350,3305
5242,5057,4984
5243,3616,3462
5244,3947,1793
5245,5061,4885
5246,5193,1784
5247,5221,1818
5248,5168,1120
5249,5100,2188
5250,441,341
5251,4828,3442
5252,2486,1563
5253,387,144
5254,5095,4962
5255,5138,5038
5256,5102,4985
5257,5222,5045
5258,3494,1499
5259,3418,1600
5260,3296,1832
5261,2446,2009
5262,2990,1391
5263,5185,5096
5264,4948,605
5265,2411,155
5266,5134,5070
5267,4877,3649
5268,5052,3117
5269,5155,5004
5270,3639,3618
5271,5257,1263
5272,3289,1679
5273,5035,4983
5274,2478,1354
5275,3795,1403
5276,4976,1634
5277,1642,1624
5278,2656,212
5279,5271,5228
5280,5072,109
5281,3058,234
5282,1638,602
5283,3235,7
5284,5201,1665
5285,5239,3801
5286,3201,1312
5287,4839,2213
5288,5225,598
5289,5227,1740
5290,5092,2933
5291,1409,565
5292,5164,5125
5293,4964,52
5294,3336,2810
5295,3224,1054
5296,5015,510
5297,5033,4880
5298,5065,5011
5299,1109,586
5300,5128,197
5301,4835,1515
5302,4823,2952
5303,5279,746
5304,3048,436
5305,2652,1508
5306,5032,3464
5307,5288,1626
5308,5157,3452
5309,2673,55
5310,5151,1351
5311,3433,3154
5312,5303,3594
5313,5231,1472
5314,3710,1763
5315,5195,1128
5316,5189,1066
5317,1721,1183
5318,5187,2720
5319,5285,5040
5320,5127,2625
5321,1008,58
5322,4967,2551
5323,5235,904
5324,5105,1863
5325,5312,5242
5326,5256,1852
5327,4898,2405
5328,5170,333
5329,4773,1072
5330,5307,2116
5331,5289,1146
5332,2856,157
5333,5248,4837
5334,5319,982
5335,5133,1625
5336,5182,5152
5337,5077,5063
5338,5308,5215
5339,3697,1796
5340,5123,2867
5341,3270,2716
5342,3303,142
5343,5323,1461
5344,5166,5144
5345,5343,5284
5346,3121,2510
5347,4824,24
5348,5194,1009
5349,5330,5000
5350,3696,3115
5351,2599,865
5352,5046,2039
5353,2705,655
5354,5161,1250
5355,5316,5142
5356,5087,5060
5357,4916,3668
5358,5345,5078
5359,5188,2266
5360,3611,2269
5361,5117,4784
5362,165,30
5363,5244,3767
5364,4930,377
5365,1191,588
5366,3419,2767
5367,5325,5237
5368,5062,4959
5369,5349,3071
5370,3086,1381
5371,5334,5300
5372,1594,836
5373,5042,3560
5374,2146,2127
5375,5204,5080
5376,2165,1569
5377,3038,2778
5378,5367,909
5379,5246,710
5380,2406,1706
5381,3055,2853
5382,2457,1042
5383,5331,5190
5384,5075,1117
5385,5328,382
5386,4989,4879
5387,1316,325
5388,3575,3126
5389,3756,1802
5390,4697,2463
5391,4666,1244
5392,347,327
5393,5378,2864
5394,5214,3550
5395,5147,139
5396,5338,2707
5397,5131,928
5398,5371,1694
5399,4997,3736
5400,5369,2745
5401,5247,332
5402,5293,5197
5403,2417,1841
5404,3393,2416
5405,4785,2086
5406,5393,1426
5407,5310,2319
5408,2503,1581
5409,3522,213
5410,1493,1189
5411,5406,2247
5412,5341,2771
5413,5348,1159
5414,3974,3063
5415,5400,5273
5416,5358,248
5417,5263,824
5418,5373,5058
5419,4629,1620
5420,1535,1014
5421,5083,779
5422,5140,361
5423,5174,3882
5424,5130,5111
5425,5068,1233
5426,5249,5229
5427,4722,2034
5428,5380,2068
5429,4991,408
5430,5108,3443
5431,3699,2835
5432,5379,5234
5433,5411,5335
5434,3204,2110
5435,1641,672
5436,5416,5306
5437,5232,2863
5438,2657,1728
5439,5183,3635
5440,5298,2033
5441,5292,5121
5442,5181,3011
5443,4947,4792
5444,2167,39
5445,3471,3351
5446,3880,3334
5447,2156,1774
5448,5230,1451
5449,3135,2125
5450,5364,5297
5451,4825,180
5452,3579,1155
5453,2346,2020
5454,5436,562
5455,5433,1786
5456,3750,2042
5457,3851,8
5458,5333,2669
5459,846,685
5460,4748,3151
5461,2364,966
5462,5351,5290
5463,5396,5384
5464,5415,5326
5465,2739,1549
5466,5455,5243
5467,5454,734
5468,5398,1305
5469,4811,691
5470,5467,1152
5471,5091,499
5472,5466,2094
5473,5361,3480
5474,5196,3917
5475,5245,4978
5476,1431,701
5477,5472,5159
5478,3621,3168
5479,4834,1820
5480,5477,936
5481,5254,5219
5482,924,719
5483,5022,2226
5484,5321,5266
5485,5363,5089
5486,5240,3439
5487,3951,3604
5488,5468,5163
5489,5470,2726
5490,2357,2245
5491,2312,943
5492,3515,1556
5493,5173,2533
5494,1362,692
5495,5356,1995
5496,3992,3277
5497,5372,1862
5498,1780,1118
5499,5114,1942
5500,3881,1658
5501,5426,878
5502,5340,5320
5503,5488,874
5504,5099,92
5505,3130,228
5506,2973,1855
5507,4918,983
5508,2087,1019
5509,2872,1963
5510,5220,4910
5511,3829,336
5512,5211,166
5513,2303,1048
5514,5354,1872
5515,5424,2600
5516,2960,1145
5517,3367,1182
5518,5480,5432
5519,480,201
5520,5375,2629
5521,4953,2046
5522,5401,3747
5523,5280,3050
5524,5418,81
5525,5352,5023
5526,5337,1903
5527,2787,1521
5528,5489,5264
5529,1690,1267
5530,5464,3645
5531,5267,576
5532,5481,1592
5533,3291,3206
5534,5385,4732
5535,5353,977
5536,3102,2496
5537,3014,2045
5538,5322,2858
5539,1957,1459
5540,5528,5360
5541,5518,761
5542,2577,2223
5543,5269,4957
5544,2644,2237
5545,2535,2040
5546,5413,2265
5547,5109,1934
5548,5541,553
5549,5530,5088
5550,2544,448
5551,5224,859
5552,5199,422
5553,5548,669
5554,2459,1199
5555,5407,2409
5556,5448,5355
5557,1628,1151
5558,5540,5456
5559,214,164
5560,5291,1470
5561,5417,5403
5562,5553,5495
5563,5122,5081
5564,5301,3667
5565,5294,3754
5566,5336,856
5567,3475,3150
5568,2979,2802
5569,2050,1966
5570,5388,2941
5571,5387,2561
5572,2682,2429
5573,5238,5031
5574,5538,3774
5575,1783,1442
5576,2095,1756
5577,5067,3230
5578,5459,5296
5579,5207,193
5580,5558,3431
5581,5435,1492
5582,5503,5484
5583,1309,1221
5584,5268,224
5585,5192,1314
5586,5376,5226
5587,5329,1449
5588,5549,3841
5589,5055,1582
5590,3771,2921
5591,3398,3308
5592,3044,3042
5593,4881,126
5594,3190,1136
5595,5521,2093
5596,5318,3233
5597,1160,748
5598,5397,3288
5599,5534,5270
5600,1609,1558
5601,2197,1298
5602,5580,740
5603,5588,5180
5604,5216,955
5605,2636,1922
5606,5357,3727
5607,5602,5531
5608,5018,145
5609,3704,3386
5610,5274,3613
5611,5524,5339
5612,5546,5112
5613,2190,217
5614,1545,1166
5615,5430,2036
5616,5607,1945
5617,5262,2690
5618,2505,1596
5619,3543,1428
5620,5368,5324
5621,5603,78
5622,5463,1671
5623,5562,5441
5624,5507,5276
5625,5616,3776
5626,5315,1983
5627,5475,5250
5628,5625,3839
5629,4817,554
5630,2833,2221
5631,5522,913
5632,3484,2700
5633,5476,2957
5634,342,80
5635,2994,1743
5636,729,656
5637,5628,5439
5638,5621,5200
5639,5526,5474
5640,3080,2280
5641,5382,2404
5642,5555,2206
5643,5561,866
5644,5255,2868
5645,3133,3114
5646,5209,3578
5647,5425,1215
5648,471,211
5649,5520,3458
5650,5206,5165
5651,5493,5365
5652,5517,3662
5653,5282,3037
5654,5582,5178
5655,5275,3923
5656,5640,5482
5657,5574,5428
5658,5637,1468
5659,373,177
5660,5469,3703
5661,5450,2871
5662,1226,850
5663,5383,4960
5664,5623,5504
5665,5638,5167
5666,5566,5485
5667,5198,430
5668,2899,241
5669,5631,5497
5670,2513,1310
5671,5658,814
5672,5664,715
5673,1939,1936
5674,5458,548
5675,5479,5272
5676,2920,2441
5677,5586,5103
5678,3987,2597
5679,464,54
5680,4875,3032
5681,1766,988
5682,5665,5543
5683,5570,5501
5684,5008,335
5685,5261,2187
5686,3924,643
5687,5440,1185
5688,2851,1453
5689,5672,3405
5690,5427,2969
5691,2166,2069
5692,5394,1745
5693,5671,1901
5694,5643,808
5695,5693,1908
5696,5006,249
5697,1371,459
5698,5649,902
5699,5695,5666
5700,5236,3725
5701,3889,745
5702,5473,1059
5703,5622,2925
5704,3890,1599
5705,5532,5462
5706,5689,1964
5707,5287,2394
5708,3264,2651
5709,1669,1249
5710,5606,3941
5711,5698,503
5712,5359,5101
5713,5499,2369
5714,456,32
5715,2155,523
5716,2084,777
5717,5420,1243
5718,5706,3658
5719,5654,5410
5720,4990,2529
5721,3147,2537
5722,1407,1192
5723,5639,1741
5724,5408,5390
5725,5674,1325
5726,5402,2318
5727,2642,2552
5728,3274,1762
5729,5642,5251
5730,5718,5578
5731,5611,5502
5732,5500,2186
5733,5699,5589
5734,1933,428
5735,5233,3752
5736,5719,2555
5737,1672,93
5738,650,544
5739,3316,2131
5740,5171,1420
5741,2263,594
5742,5422,3740
5743,5597,5571
5744,5656,5581
5745,5514,2270
5746,5513,5447
5747,5452,1788
5748,5733,2241
5749,5560,985
5750,5730,5681
5751,5509,5366
5752,5617,877
5753,5395,454
5754,5750,698
5755,5627,1700
5756,5442,3364
5757,5596,5556
5758,5725,5650
5759,3706,1823
5760,5585,622
5761,5592,269
5762,5754,1363
5763,5483,1576
5764,3701,3612
5765,5327,3903
5766,5663,5494
5767,3263,1011
5768,5762,5705
5769,5346,506
5770,5683,240
5771,5552,66
5772,3983,1616
5773,5646,1173
5774,5748,812
5775,5535,5017
5776,3850,3335
5777,5599,2515
5778,3617,3585
5779,5755,16
5780,5729,5687
5781,5573,2958
5782,5694,542
5783,5539,5317
5784,5332,886
5785,5299,3976
5786,3656,657
5787,5277,2489
5788,3620,559
5789,3993,1003
5790,5399,3863
5791,5655,1980
5792,5496,5208
5793,5669,5644
5794,3143,2583
5795,2349,1854
5796,2253,1287
5797,3508,3107
5798,5768,5711
5799,2935,2874
5800,5682,5305
5801,2109,1912
5802,5736,136
5803,5713,5703
5804,3646,3129
5805,5620,1785
5806,5775,5386
5807,5591,3446
5808,5647,2439
5809,5774,5258
5810,2162,1575
5811,5515,328
5812,2595,704
5813,3262,2889
5814,5136,3476
5815,5600,5575
5816,5512,3077
5817,1779,114
5818,5802,741
5819,5302,3738
5820,5723,474
5821,614,547
5822,5809,599
5823,1972,1715
5824,5818,5726
5825,5742,5510
5826,2828,1875
5827,5822,5598
5828,5478,2062
5829,5798,839
5830,2090,364
5831,1993,1234
5832,3423,3140
5833,1804,1790
5834,1989,888
5835,5563,5344
5836,5800,2799
5837,1588,208
5838,5421,571
5839,5608,1004
5840,5836,5712
5841,5278,3324
5842,3930,1798
5843,3876,2724
5844,5782,2386
5845,5766,1527
5846,5824,5451
5847,1744,1670
5848,5696,113
5849,2992,2601
5850,5437,1064
5851,5744,5743
5852,5844,5827
5853,3524,1759
5854,3533,708
5855,5419,1328
5856,5829,5210
5857,5594,5313
5858,5803,2539
5859,5624,5564
5860,5635,2345
5861,5702,2501
5862,5758,5569
5863,5856,5583
5864,5525,3787
5865,5863,1816
5866,5760,5641
5867,3788,825
5868,5845,957
5869,1907,1789
5870,5265,2083
5871,5770,942
5872,5865,1546
5873,4892,1540
5874,5685,2080
5875,2422,2298
5876,5872,1477
5877,2184,1163
5878,2102,831
5879,5852,735
5880,2445,2175
5881,3226,3075
5882,5506,2811
5883,5389,1024
5884,5876,1496
5885,5868,1668
5886,5030,2980
5887,5491,3847
5888,5884,5752
5889,5613,763
5890,5675,1488
5891,5888,5551
5892,5577,2431
5893,5780,5405
5894,5260,3271
5895,5619,1097
5896,5527,5523
5897,5737,5662
5898,5885,5529
5899,5550,1318
5900,5688,5423
5901,5816,5404
5902,3436,1971
5903,2807,2022
5904,427,345
5905,5492,3186
5906,5858,5749
5907,5793,1654
5908,5808,5691
5909,3266,95
5910,5882,5618
5911,4593,169
5912,5811,5048
5913,5747,1427
5914,5779,5753
5915,5311,3410
5916,5879,2011
5917,492,110
5918,5867,5449
5919,5568,5281
5920,5840,1716
5921,5838,5716
5922,5498,2483
5923,5542,758
5924,5891,5304
5925,5286,3962
5926,5429,5107
5927,3379,102
5928,1369,352
5929,3716,1997
5930,2106,29
5931,3878,1520
5932,5751,1982
5933,2440,1639
5934,5862,2295
5935,5722,1078
5936,5920,5565
5937,2460,2250
5938,5924,5907
5939,5916,1808
5940,5745,5626
5941,5915,2721
5942,5791,5731
5943,5939,3813
5944,5783,5579
5945,1829,1484
5946,3700,1682
5947,5465,3580
5948,5943,5595
5949,5757,2413
5950,1722,802
5951,5629,567
5952,147,63
5953,123,23
5954,5309,2289
5955,5377,1380
5956,5871,5673
5957,4642,2782
5958,5948,1889
5959,5896,5820
5960,5833,1864
5961,5958,5769
5962,5934,1938
5963,5777,3134
5964,5724,5661
5965,5653,3338
5966,5864,3981
5967,5805,546
5968,5898,2654
5969,5906,5851
5970,2908,1684
5971,5453,1331
5972,5938,5735
5973,305,162
5974,5961,5866
5975,5295,1803
5976,1817,1623
5977,2211,1317
5978,5962,5587
5979,5846,5715
5980,5461,1570
5981,3956,3584
5982,5857,76
5983,1479,538
5984,5692,5486
5985,5974,2620
5986,5434,3975
5987,5446,613
5988,5746,3687
5989,3842,3408
5990,5861,5850
5991,3501,1711
5992,5949,5443
5993,5985,2449
5994,5993,2018
5995,5374,1689
5996,5677,5113
5997,1147,1065
5998,2426,1636
5999,5972,1007
6000,5680,293
6001,5508,640
6002,5740,5717
6003,3247,2664
6004,5670,2171
6005,5690,3424
6006,5999,590
6007,432,21
6008,5720,1225
6009,5914,443
6010,5545,3278
6011,3466,3076
6012,2500,141
6013,5601,1685
6014,6006,1752
6015,2805,326
6016,5707,1026
6017,5994,2605
6018,2997,1352
6019,5252,2224
6020,3327,83
6021,5935,5554
6022,2727,2481
6023,5956,5759
6024,6017,3572
6025,5710,469
6026,5806,952
6027,3194,289
6028,5968,5697
6029,5855,2569
6030,5810,5657
6031,5910,900
6032,5996,5610
6033,3341,2623
6034,6024,1374
6035,5979,5900
6036,1241,1088
6037,2901,2525
6038,5978,2964
6039,6014,706
6040,6034,5849
6041,2695,2384
6042,6039,5967
6043,3287,1974
6044,5825,2857
6045,5875,2576
6046,2932,1667
6047,5794,2490
6048,479,195
6049,5533,3328
6050,1921,764
6051,5612,518
6052,2882,2616
6053,5362,99
6054,5936,5859
6055,2410,1806
6056,6038,1174
6057,6035,5799
6058,3426,2203
6059,5511,5409
6060,5966,2701
6061,5817,3282
6062,3911,3216
6063,5940,5763
6064,920,700
6065,3109,2021
6066,6042,1781
6067,6066,1161
6068,5990,1232
6069,5633,225
6070,5951,1326
6071,5732,3493
6072,5969,5761
6073,5947,5660
6074,6054,3148
6075,6040,5738
6076,5946,5615
6077,6009,1474
6078,3636,1564
6079,3195,3149
6080,992,680
6081,5893,3415
6082,6067,5839
6083,6051,3834
6084,1750,1637
6085,6026,1268
6086,1850,1578
6087,5895,1782
6088,3118,2342
6089,5957,5412
6090,216,172
6091,1797,494
6092,3467,3239
6093,4954,1069
6094,1058,209
6095,5819,5792
6096,3454,3163
6097,5614,1525
6098,3640,2950
6099,6074,3520
6100,5908,5860
6101,3368,2563
6102,1412,585
6103,5789,2900
6104,6082,1610
6105,2796,2299
6106,3444,1531
6107,6104,3582
6108,5982,5901
6109,6075,5988
6110,2210,309
6111,3726,522
6112,4937,898
6113,6107,3593
6114,5381,2177
6115,6057,5878
6116,6027,2717
6117,5874,2124
6118,6099,2967
6119,6109,6021
6120,6113,1264
6121,5899,5576
6122,3434,558
6123,1207,766
6124,6028,1099
6125,5964,2027
6126,2976,1404
6127,6120,2954
6128,5942,5765
6129,4428,1360
6130,5921,5700
6131,6083,2249
6132,6127,783
6133,5516,396
6134,5784,2285
6135,5659,1294
6136,3848,1943
6137,5960,5841
6138,5873,581
6139,6056,702
6140,6119,1539
6141,3664,1587
6142,2953,989
6143,6062,5678
6144,198,125
6145,6115,1385
6146,6030,2723
6147,6001,539
6148,6140,5741
6149,5963,5887
6150,5834,868
6151,3489,153
6152,6081,5786
6153,5676,1528
6154,5923,5812
6155,5987,5781
6156,6033,3177
6157,5832,1731
6158,5870,5391
6159,6125,2370
6160,6137,5959
6161,3679,623
6162,532,320
6163,3465,3223
6164,6148,6072
6165,5431,399
6166,994,549
6167,3445,3295
6168,5954,5559
6169,6145,2842
6170,5929,5835
6171,6022,5998
6172,6002,873
6173,6139,5704
6174,5460,908
6175,5955,3521
6176,1303,822
6177,5970,3421
6178,5797,3478
6179,5992,1258
6180,6132,1584
6181,3557,1844
6182,5997,1476
6183,3460,2389
6184,2776,2453
6185,5505,3337
6186,5912,3450
6187,6121,889
6188,5223,49
6189,6180,1736
6190,5014,3843
6191,6118,799
6192,6023,1998
6193,1421,1176
6194,6149,5773
6195,6108,6071
6196,6000,1800
6197,5438,2052
6198,6164,2946
6199,6189,6173
6200,1307,667
6201,5980,3607
6202,5771,1719
6203,5283,3139
6204,5932,2358
6205,3605,3552
6206,5651,5630
6207,6198,660
6208,301,288
6209,2115,724
6210,6029,801
6211,5785,2117
6212,6087,6063
6213,6013,2968
6214,5584,140
6215,5804,3556
6216,6191,1227
6217,5721,1077
6218,5823,2972
6219,6076,1805
6220,6179,6018
6221,5848,2740
6222,5756,3685
6223,5604,2983
6224,3267,2585
6225,5854,3912
6226,6169,2322
6227,6226,5919
6228,5986,896
6229,6207,842
6230,6216,752
6231,6192,3519
6232,5652,1074
6233,5913,5897
6234,6008,830
6235,6146,1633
6236,2421,276
6237,6123,731
6238,5928,1100
6239,6230,3973
6240,5828,5772
6241,2428,1702
6242,5795,1005
6243,6124,2912
6244,5593,1231
6245,5547,445
6246,6199,5933
6247,6128,3647
6248,6131,5977
6249,6077,330
6250,5709,1387
6251,5847,1895
6252,6231,6229
6253,2850,2024
6254,3879,1355
6255,6239,5813
6256,5490,1012
6257,5347,1197
6258,6232,820
6259,6247,6068
6260,6004,2201
6261,6152,918
6262,2290,607
6263,5918,1541
6264,1289,414
6265,2239,1148
6266,6255,6073
6267,6095,3272
6268,6246,895
6269,1130,841
6270,2736,2663
6271,5890,5457
6272,5708,5414
6273,6049,2588
6274,5883,1663
6275,3637,2915
6276,6268,6212
6277,2744,709
6278,6025,5926
6279,2216,537
6280,2728,1378
6281,6252,1411
6282,6085,5950
6283,6281,804
6284,5444,1106
6285,6266,631
6286,6220,6110
6287,3844,2
6288,5727,1880
6289,6243,1080
6290,6019,5767
6291,1703,818
6292,6130,711
6293,6276,683
6294,2755,811
6295,6186,6143
6296,6156,5445
6297,3240,3181
6298,932,183
6299,1336,1190
6300,282,127
6301,6158,3676
6302,6227,1278
6303,6285,3592
6304,6257,3249
6305,6283,2649
6306,5971,564
6307,6235,5880
6308,6302,6249
6309,6305,6154
6310,5815,2772
6311,6303,2859
6312,5894,1695
6313,6078,1595
6314,3684,819
6315,2820,744
6316,6080,6064
6317,6311,1653
6318,5590,1063
6319,5944,226
6320,2172,315
6321,2589,627
6322,6155,3888
6323,2101,1000
6324,5889,1373
6325,3808,2479
6326,6309,1920
6327,5679,5667
6328,2931,2538
6329,6326,6289
6330,6261,5701
6331,6159,2236
6332,295,69
6333,6248,1644
6334,1981,1718
6335,2658,2578
6336,5350,271
6337,2076,1277
6338,2065,1847
6339,2355,1447
6340,1482,970
6341,6100,561
6342,5922,1801
6343,6138,6031
6344,3355,3059
6345,3026,2660
6346,3883,1799
6347,6317,5636
6348,6228,749
6349,6286,6032
6350,6203,6092
6351,5837,3096
6352,5917,1985
6353,3749,2708
6354,6225,5892
6355,6196,5975
6356,6003,526
6357,3853,3012
6358,6293,6046
6359,6330,2268
6360,159,36
6361,5788,5572
6362,6347,3576
6363,6263,6241
6364,6358,5903
6365,6329,5831
6366,6160,2609
6367,6364,2433
6368,3330,2227
6369,6331,1612
6370,3008,2123
6371,6059,6005
6372,6365,2927
6373,6367,5945
6374,6069,3748
6375,5826,85
6376,6372,6341
6377,1500,381
6378,6366,3105
6379,6373,6321
6380,1526,925
6381,1344,845
6382,5984,5981
6383,5853,3551
6384,6308,5952
6385,6379,6343
6386,3325,2831
6387,6384,688
6388,6376,6269
6389,6348,1538
6390,1724,795
6391,5965,1597
6392,6170,5927
6393,6312,3570
6394,3587,3534
6395,6184,5668
6396,6387,6260
6397,6385,6142
6398,5995,2424
6399,5905,128
6400,1142,1055
6401,6211,6061
6402,6210,6012
6403,6397,1203
6404,5941,3145
6405,3358,2028
6406,6301,6204
6407,6202,6188
6408,6060,2219
6409,6403,899
6410,6134,5877
6411,6388,6050
6412,6088,1514
6413,6172,5904
6414,2770,1958
6415,6409,792
6416,5931,5605
6417,6396,775
6418,6362,5739
6419,6133,2773
6420,6197,1092
6421,6221,2612
6422,6333,5925
6423,6411,2579
6424,3157,1760
6425,6313,6307
6426,6423,1822
6427,6122,5734
6428,355,173
6429,6426,2013
6430,6417,851
6431,2304,664
6432,6206,6106
6433,3934,1475
6434,6222,1931
6435,5796,2809
6436,6415,1364
6437,6429,6349
6438,6267,673
6439,6418,6392
6440,6190,3116
6441,6422,828
6442,6168,2904
6443,6378,1853
6444,6436,511
6445,6200,619
6446,6214,5684
6447,6444,730
6448,6413,5557
6449,2055,1169
6450,6359,6315
6451,6275,6052
6452,3891,1962
6453,1038,760
6454,6437,1884
6455,6194,3315
6456,5842,2693
6457,6345,3363
6458,2618,2037
6459,1554,768
6460,6278,324
6461,6450,1871
6462,6094,3988
6463,6089,378
6464,6086,3156
6465,2524,372
6466,6233,2951
6467,6425,6256
6468,6383,2381
6469,6447,5714
6470,2484,26
6471,5787,881
6472,6454,857
6473,2893,2655
6474,6295,620
6475,2689,2373
6476,6469,759
6477,1662,482
6478,6195,6171
6479,6322,6135
6480,6259,6175
6481,6218,2016
6482,6476,6421
6483,3482,3349
6484,6284,6136
6485,6472,6187
6486,6389,1200
6487,5991,3861
6488,5776,2779
6489,3845,747
6490,1031,937
6491,6319,1627
6492,6153,2200
6493,2277,1110
6494,6237,767
6495,6363,1723
6496,6079,5241
6497,6201,1680
6498,5686,1664
6499,6336,2734
6500,6402,6147
6501,2003,262
6502,6390,1726
6503,6047,3823
6504,6103,6016
6505,3072,721
6506,6485,1547
6507,6443,6288
6508,6205,5930
6509,5807,5259
6510,6182,6020
6511,6482,2235
6512,6044,2604
6513,6430,969
6514,6461,1918
6515,6043,2398
6516,1405,813
6517,6511,520
6518,1935,1485
6519,5911,250
6520,6506,3513
6521,6369,3317
6522,2271,1121
6523,3979,3939
6524,6316,882
6525,6441,1245
6526,6517,6150
6527,2153,637
6528,6093,3138
6529,5886,1205
6530,6512,6352
6531,6480,2763
6532,6439,6438
6533,6282,1738
6534,6455,1196
6535,5983,615
6536,6520,6324
6537,1448,1235
6538,6242,2804
6539,6526,1899
6540,2730,773
6541,6513,6442
6542,6219,2924
6543,6162,1555
6544,1261,630
6545,5106,3857
6546,6536,6486
6547,3422,678
6548,912,595
6549,6408,3414
6550,6270,1440
6551,6271,1178
6552,3980,533
6553,3430,1717
6554,2475,105
6555,6524,6420
6556,6525,1490
6557,6265,3507
6558,6539,3609
6559,6250,603
6560,6254,927
6561,6546,6325
6562,6561,6514
6563,2674,374
6564,6374,1356
6565,6478,6474
6566,6558,905
6567,6541,1975
6568,6381,6126
6569,6566,6533
6570,6323,6166
6571,2292,699
6572,6327,3344
6573,6532,2100
6574,6217,3420
6575,5801,3867
6576,3320,997
6577,5821,2272
6578,2400,2194
6579,6394,6037
6580,6573,3893
6581,5519,1509
6582,2784,1343
6583,6521,2834
6584,6565,6501
6585,6176,3242
6586,6569,6181
6587,6534,2875
6588,6306,2892
6589,1621,707
6590,6507,6055
6591,6567,2333
6592,6562,1053
6593,6586,670
6594,6432,6310
6595,6580,3677
6596,3040,486
6597,3280,2049
6598,6299,1240
6599,6213,6045
6600,6592,893
6601,6475,6339
6602,6543,926
6603,6342,6290
6604,6111,2830
6605,5778,3253
6606,3451,356
6607,6593,1727
6608,6600,6462
6609,6223,244
6610,6114,1978
6611,6382,3870
6612,6084,1909
6613,6479,6340
6614,2198,1341
6615,5487,3577
6616,6531,6183
6617,2038,560
6618,6375,5609
6619,6496,5632
6620,6355,4790
6621,6607,6591
6622,6608,3302
6623,6053,3176
6624,3106,362
6625,6328,2949
6626,6456,6419
6627,6440,1956
6628,6431,2154
6629,6595,6209
6630,6622,3564
6631,6238,1271
6632,2288,645
6633,3603,340
6634,6274,3758
6635,6287,1955
6636,2764,574
6637,6549,5909
6638,6262,6129
6639,2704,867
6640,6292,2293
6641,2113,1699
6642,6598,6406
6643,6070,5253
6644,2053,1954
6645,6400,2956
6646,3381,1248
6647,6629,1300
6648,2173,1089
6649,6273,1047
6650,6277,3142
6651,6630,6334
6652,6621,6174
6653,1001,514
6654,3245,3028
6655,5370,3713
6656,6530,6353
6657,6651,6590
6658,2334,671
6659,6354,6253
6660,6616,6338
6661,6272,3486
6662,6466,2813
6663,6391,2715
6664,6258,648
6665,405,338
6666,6647,6380
6667,2855,608
6668,6097,45
6669,6529,90
6670,6458,6010
6671,6503,6435
6672,5902,1255
6673,5544,417
6674,6467,2614
6675,6393,6350
6676,6583,6556
6677,6510,2442
6678,6449,2435
6679,6368,6318
6680,6618,6508
6681,6335,2684
6682,6291,1512
6683,6666,914
6684,6657,6571
6685,6015,5064
6686,6356,2984
6687,2427,2001
6688,6551,6215
6689,6660,6157
6690,6090,3
6691,6193,2987
6692,6542,2447
6693,6471,2208
6694,6683,6500
6695,1339,40
6696,5830,3188
6697,2261,1882
6698,3916,100
6699,6395,6105
6700,6587,2212
6701,6399,1071
6702,6674,6601
6703,6684,3933
6704,6638,1915
6705,2012,1462
6706,6703,634
6707,6491,6245
6708,6528,3512
6709,6652,6494
6710,6620,6361
6711,6706,2630
6712,6611,6499
6713,3498,2347
6714,6463,844
6715,3352,684
6716,6709,1688
6717,6495,2491
6718,6640,6538
6719,6711,1469
6720,4999,265
6721,6716,6445
6722,6719,965
6723,6694,3503
6724,6722,6493
6725,1260,618
6726,6320,2014
6727,6404,3693
6728,6424,264
6729,2653,1465
6730,6649,1732
6731,6724,6414
6732,6613,384
6733,6667,6401
6734,960,887
6735,2696,1807
6736,6725,6555
6737,6721,6398
6738,6731,6502
6739,6738,6236
6740,3388,2283
6741,3371,823
6742,5648,485
6743,1999,946
6744,6658,6642
6745,6739,2791
6746,1036,375
6747,6603,6572
6748,3207,3144
6749,3583,1254
6750,6464,2801
6751,2397,2002
6752,6737,1015
6753,6745,1770
6754,6676,2553
6755,5937,1043
6756,6691,2814
6757,6337,2402
6758,6723,6646
6759,6752,6614
6760,6753,6527
6761,6497,6489
6762,6700,5976
6763,5537,3477
6764,6760,769
6765,1902,5
6766,6161,723
6767,6656,6446
6768,6626,6377
6769,6612,1629
6770,6519,484
6771,2325,2225
6772,6758,2179
6773,6744,6540
6774,6550,2540
6775,6732,6605
6776,6764,6627
6777,2873,2128
6778,6563,1879
6779,6504,1139
6780,6351,2703
6781,6776,974
6782,6781,551
6783,5314,934
6784,6234,6112
6785,6535,2762
6786,6664,666
6787,6459,3528
6788,2959,2940
6789,6568,1593
6790,2257,1640
6791,6678,431
6792,5392,27
6793,472,206
6794,2591,394
6795,3092,727
6796,6782,6653
6797,6671,6151
6798,3690,2545
6799,6689,6410
6800,6581,6564
6801,6772,703
6802,6594,6584
6803,6796,6602
6804,6518,6346
6805,5989,1550
6806,6803,6631
6807,6177,1284
6808,6801,1765
6809,6091,649
6810,6599,2624
6811,3065,2359
6812,6806,2119
6813,6628,1996
6814,2790,827
6815,6808,1273
6816,2617,1143
6817,2870,1751
6818,6798,2808
6819,2451,1773
6820,2448,999
6821,2161,829
6822,6812,2981
6823,6815,6659
6824,2159,855
6825,6754,6585
6826,6736,6481
6827,6822,580
6828,5790,5764
6829,6702,536
6830,6699,6588
6831,6515,1495
6832,2196,1687
6833,6574,2948
6834,6717,6465
6835,6823,2735
6836,6208,19
6837,6761,6759
6838,6370,3411
6839,6453,679
6840,6692,2627
6841,6304,1506
6842,3569,2077
6843,3968,1081
6844,6498,6468
6845,2586,2498
6846,6637,188
6847,6509,5471
6848,6826,1270
6849,6279,2571
6850,6835,2999
6851,863,675
6852,6827,6484
6853,6829,6773
6854,1491,1486
6855,2865,2562
6856,2122,1228
6857,3089,737
6858,6688,1056
6859,6251,1849
6860,6852,1960
6861,6163,1366
6862,2838,2132
6863,6860,6813
6864,3281,3237
6865,6715,6244
6866,2884,738
6867,6863,3793
6868,6643,1929
6869,2939,1246
6870,3362,1725
6871,6867,6804
6872,6825,1458
6873,6837,6663
6874,6846,6755
6875,6871,3565
6876,6416,2977
6877,6850,653
6878,6434,5645
6879,6625,3737
6880,6610,1153
6881,6662,1112
6882,6677,6670
6883,6633,6141
6884,6875,6552
6885,2840,2305
6886,6682,6634
6887,6884,810
6888,6873,6298
6889,6668,6098
6890,6407,2697
6891,3807,1683
6892,2817,1483
6893,2067,1524
6894,3326,2399
6895,6877,6712
6896,6101,2765
6897,6872,6818
6898,2048,958
6899,2229,1988
6900,6714,6165
6901,2824,2769
6902,6102,2482
6903,6505,981
6904,6800,6492
6905,6762,6240
6906,6799,6786
6907,6888,6448
6908,6477,1874
6909,6710,3627
6910,6887,1124
6911,1970,1618
6912,2622,35
6913,907,884
6914,3343,1617
6915,6693,2242
6916,6839,1887
6917,6405,2205
6918,6907,557
6919,3997,1553
6920,6910,3757
6921,6920,713
6922,6853,6427
6923,6747,1843
6924,894,531
6925,391,323
6926,6589,6559
6927,6570,3333
6928,6921,1057
6929,2262,2209
6930,6928,931
6931,5342,487
6932,2741,573
6933,6897,552
6934,6740,919
6935,6918,1135
6936,3553,3124
6937,6935,809
6938,6930,1861
6939,6937,509
6940,6886,2966
6941,771,284
6942,6820,806
6943,6810,6490
6944,6847,3453
6945,6895,2862
6946,6939,2839
6947,6938,6687
6948,6679,1583
6949,1896,1713
6950,6947,2548
6951,6718,6650
6952,6922,6522
6953,2963,1335
6954,6791,2267
6955,6950,1138
6956,6858,6371
6957,6648,3491
6958,6955,6639
6959,6623,2869
6960,6868,948
6961,6117,2650
6962,6958,6885
6963,6878,3175
6964,6906,6582
6965,3301,1846
6966,6708,2575
6967,6962,1650
6968,6775,5953
6969,6488,5973
6970,6946,786
6971,6970,478
6972,6828,6545
6973,6967,6945
6974,6784,617
6975,6609,6433
6976,6768,6686
6977,2396,971
6978,6909,6733
6979,6797,3545
6980,6548,6185
6981,6933,6557
6982,5728,3688
6983,6793,230
6984,6690,366
6985,6971,875
6986,6985,521
6987,6807,5843
6988,6834,6751
6989,1977,1392
6990,6986,6924
6991,6838,6833
6992,6990,2971
6993,6167,3060
6994,6952,6641
6995,3250,2350
6996,6460,2902
6997,6964,6727
6998,3166,3005
6999,6905,6577
7000,3200,2631
7001,6769,1632
7002,1010,638
7003,6809,6779
7004,6007,1992
7005,6645,6264
7006,6992,951
7007,6790,6483
7008,6802,1873
7009,689,131
7010,6841,757
7011,3714,3390
7012,6144,488
7013,6729,2377
7014,6579,1910
7015,6619,6596
7016,6981,6848
7017,6360,6048
7018,2748,2603
7019,6997,2195
7020,6951,1987
7021,7008,3938
7022,7006,6926
7023,6881,6757
7024,2766,1836
7025,6777,1775
7026,6553,2437
7027,6943,2316
7028,7022,2556
7029,3804,3608
7030,6960,1171
7031,6789,6669
7032,6615,834
7033,6280,2930
7034,6836,163
7035,7021,939
7036,3199,3000
7037,6915,2914
7038,6774,2506
7039,6547,1767
7040,6788,6096
7041,2982,1937
7042,6904,6830
7043,6701,1406
7044,6923,6882
7045,3840,404
7046,7019,6734
7047,6869,2648
7048,7035,6994
7049,6880,2913
7050,6749,6314
7051,7028,6821
7052,2887,1753
7053,6929,6840
7054,483,98
7055,6996,2725
7056,6988,6973
7057,7051,7042
7058,7020,6857
7059,6654,5536
7060,6890,5869
7061,6756,6544
7062,6956,6554
7063,6473,385
7064,6575,826
7065,6766,2975
7066,2336,2121
7067,6487,1330
7068,359,235
7069,6726,2783
7070,6864,6344
7071,6976,6778
7072,6636,1162
7073,7016,1397
7074,7056,964
7075,7057,642
7076,6661,6516
7077,3490,2004
7078,903,891
7079,6680,2659
7080,6876,2794
7081,6866,2066
7082,1049,693
7083,6675,5881
7084,2598,945
7085,2000,625
7086,3732,575
7087,6697,2043
7088,6927,696
7089,6849,6735
7090,7075,652
7091,7090,7030
7092,7074,6224
7093,6058,5814
7094,6412,2916
7095,1157,976
7096,6987,3053
7097,6824,720
7098,7027,7001
7099,7010,6041
7100,6560,3864
7101,885,597
7102,7046,6730
7103,6386,2468
7104,959,956
7105,7058,2777
7106,6780,1413
7107,6770,1848
7108,2937,2519
7109,7073,1208
7110,7102,1812
7111,3473,349
7112,6931,6913
7113,7050,6999
7114,7080,6879
7115,816,174
7116,7091,6785
7117,6750,3957
7118,1332,967
7119,6968,3906
7120,6673,2718
7121,1733,616
7122,7116,535
7123,7114,6767
7124,7122,3463
7125,6914,2919
7126,6902,6451
7127,6707,5634
7128,7109,681
7129,6966,6944
7130,7092,1900
7131,3097,1172
7132,6978,6949
7133,7130,7014
7134,6961,463
7135,2531,1949
7136,7124,591
7137,7136,6832
7138,3284,2246
7139,1045,455
7140,3969,646
7141,221,82
7142,7137,853
7143,3370,3091
7144,7142,3001
7145,6948,6831
7146,2558,2063
7147,6874,6811
7148,3518,2026
7149,6916,2521
7150,6845,661
7151,7110,7039
7152,6980,6296
7153,2307,2275
7154,7133,7034
7155,7105,6856
7156,2341,2151
7157,6698,6665
7158,6979,1712
7159,7088,7023
7160,6854,6743
7161,3573,1432
7162,7154,7089
7163,7038,6954
7164,7144,2230
7165,7164,6843
7166,2158,515
7167,7151,2005
7168,7053,6783
7169,7055,3733
7170,3461,2499
7171,6011,1276
7172,6787,2025
7173,3120,2675
7174,7076,6672
7175,6859,6065
7176,7162,7007
7177,6975,6178
7178,6685,6036
7179,7128,2754
7180,3623,3595
7181,7094,6957
7182,7167,7118
7183,7104,6940
7184,6893,6470
7185,2793,1517
7186,6742,14
7187,7017,222
7188,7182,7101
7189,6883,181
7190,6696,1659
7191,7176,2667
7192,7179,7098
7193,6900,2797
7194,7165,7163
7195,1501,242
7196,7119,7054
7197,7132,7032
7198,6624,922
7199,2471,998
7200,7194,1673
7201,7113,6452
7202,7191,633
7203,7202,2795
7204,6965,3915
7205,7203,7188
7206,6901,1867
7207,7158,780
7208,6116,1948
7209,7192,6912
7210,7065,6604
7211,6655,1635
7212,7200,697
7213,7212,3798
7214,7213,6969
7215,7072,2320
7216,7096,5567
7217,6695,1444
7218,7214,7082
7219,3816,2092
7220,6795,1608
7221,7218,6457
7222,182,11
7223,2330,2217
7224,7024,6892
7225,3789,2698
7226,7147,2382
7227,1418,921
7228,6704,447
7229,7060,6332
7230,7099,329
7231,2639,2182
7232,7172,7168
7233,6294,1851
7234,6963,3589
7235,7069,2029
7236,7150,7043
7237,7221,1792
7238,6842,2568
7239,6917,6898
7240,6942,6713
7241,7237,7209
7242,7106,7093
7243,7205,7100
7244,7201,7129
7245,7199,1905
7246,1865,1102
7247,7169,3723
7248,6991,1105
7249,7243,530
7250,6617,628
7251,7249,7037
7252,7196,636
7253,7207,7044
7254,7247,3535
7255,7251,519
7256,2532,2526
7257,6891,3660
7258,6865,3990
7259,7152,1401
7260,3241,1630
7261,6792,158
7262,7079,7040
7263,6974,6861
7264,7255,2452
7265,7083,7015
7266,6896,3112
7267,7264,854
7268,2291,911
7269,7160,1791
7270,6932,3406
7271,7000,6851
7272,3641,1399
7273,7120,2204
7274,7061,1940
7275,2611,2560
7276,7241,1947
7277,7062,1893
7278,7267,7252
7279,7134,7071
7280,7195,7127
7281,7159,1443
7282,7276,3558
7283,7226,3833
7284,7282,807
7285,7208,7175
7286,7177,311
7287,7228,2392
7288,6995,3425
7289,7278,7197
7290,7185,7097
7291,7254,6523
7292,7253,7005
7293,7031,3541
7294,6746,654
7295,7140,6578
7296,3034,2786
7297,7284,7183
7298,6357,3537
7299,6911,6844
7300,7289,6919
7301,7078,6855
7302,7095,7025
7303,6934,3485
7304,7126,6805
7305,2822,65
7306,7300,1259
7307,7003,2694
7308,7297,663
7309,6814,2692
7310,7306,2610
7311,7308,1604
7312,3680,3546
7313,7310,1212
7314,1911,1290
7315,7121,774
7316,7131,6817
7317,6606,2672
7318,7313,817
7319,6635,2520
7320,2775,1755
7321,7318,2114
7322,7123,6959
7323,7018,1930
7324,7311,3830
7325,7324,2803
7326,7193,7108
7327,7198,7189
7328,7210,755
7329,7059,869
7330,7325,7269
7331,7238,996
7332,7048,6903
7333,7330,961
7334,3644,1383
7335,7332,7145
7336,7333,570
7337,7293,3784
7338,1419,568
7339,7112,6720
7340,7321,1416
7341,6681,2722
7342,6993,3673
7343,7232,6936
7344,7219,7067
7345,7009,6889
7346,1573,1533
7347,7340,3027
7348,725,641
7349,7173,2894
7350,2647,2527
7351,7190,3786
7352,7336,3815
7353,7347,7204
7354,7353,2419
7355,7354,7283
7356,7166,7103
7357,7352,3525
7358,7052,2469
7359,7281,7270
7360,6765,6728
7361,7355,7186
7362,7045,458
7363,7357,2554
7364,2918,1025
7365,7361,2574
7366,7365,1202
7367,7359,7301
7368,7242,1990
7369,7363,2474
7370,7174,6794
7371,7265,6763
7372,7366,7181
7373,7372,682
7374,7138,3304
7375,7326,7013
7376,7085,6771
7377,7259,556
7378,7369,583
7379,7287,7277
7380,6977,3866
7381,7378,369
7382,7234,7064
7383,7304,7047
7384,7381,968
7385,7280,7279
7386,7257,890
7387,7384,7155
7388,7314,7149
7389,7049,785
7390,7373,883
7391,7187,6644
7392,7012,116
7393,7390,7292
7394,7178,1213
7395,3401,2274
7396,7387,7367
7397,7274,6297
7398,6982,6908
7399,7286,2934
7400,1730,245
7401,7227,376
7402,7233,1252
7403,7393,1837
7404,3965,3219
7405,3045,2528
7406,7403,1467
7407,7328,294
7408,7262,1534
7409,7117,6899
7410,2089,1103
7411,7004,2846
7412,2549,2178
7413,7070,3214
7414,3113,1944
7415,7258,7231
7416,7268,3946
7417,7416,7396
7418,7240,3766
7419,7417,7275
7420,7419,7224
7421,7406,7239
7422,7377,7143
7423,7399,794
7424,7335,2315
7425,7244,3790
7426,7135,3516
7427,7319,3455
7428,7424,7084
7429,7245,7161
7430,6741,647
7431,7358,7235
7432,6862,1720
7433,7421,832
7434,7433,835
7435,7420,2747
7436,7184,582
7437,7316,2903
7438,7435,2425
7439,7434,1090
7440,7327,2517
7441,7438,7348
7442,6537,60
7443,7337,7271
7444,7441,7385
7445,7236,7002
7446,7063,6870
7447,7290,7148
7448,7439,7323
7449,7081,2356
7450,2774,421
7451,7107,18
7452,3152,2733
7453,7448,7331
7454,7146,2281
7455,2719,489
7456,7256,600
7457,7407,861
7458,7453,7368
7459,6989,239
7460,7458,7315
7461,7460,7298
7462,7389,7033
7463,7461,2502
7464,7250,676
7465,7463,1293
7466,3167,1771
7467,1223,1165
7468,7465,2238
7469,3567,611
7470,7341,674
7471,7349,388
7472,7343,1794
7473,2401,1070
7474,7428,7351
7475,7474,566
7476,7444,910
7477,7139,1286
7478,7468,6748
7479,7087,797
7480,3760,3416
7481,7263,2031
7482,7383,3901
7483,6816,1828
7484,7457,756
7485,7402,7206
7486,437,50
7487,7459,2054
7488,7476,7329
7489,7408,7229
7490,7475,7374
7491,3800,2974
7492,7432,7371
7493,7295,2492
7494,3159,2135
7495,7379,6953
7496,7211,1869
7497,7478,569
7498,7497,7370
7499,7488,2418
7500,7499,7230
7501,7422,3412
7502,3739,2365
7503,7115,753
7504,7498,7429
7505,7388,1754
7506,6819,2581
7507,2944,897
7508,7303,3772
7509,7500,7246
7510,2444,516
7511,7375,2699
7512,2843,2666
7513,7509,1140
7514,7513,695
7515,7220,2640
7516,7449,2434
7517,7490,7472
7518,7501,7011
7519,7514,7423
7520,7216,1511
7521,7026,2936
7522,7484,7464
7523,6894,947
7524,6300,1480
7525,7413,3066
7526,7504,7482
7527,7526,7401
7528,7412,7307
7529,7394,1158
7530,7217,2731
7531,7519,2619
7532,7527,7436
7533,7531,733
7534,7518,7248
7535,7443,7440
7536,7532,732
7537,7536,7492
7538,7322,1961
7539,2415,101
7540,577,507
7541,7533,2362
7542,7541,7356
7543,7360,7345
7544,7302,665
7545,2768,2214
7546,3759,1518
7547,2073,1027
7548,7415,687
7549,7491,2645
7550,7344,609
7551,7542,2986
7552,7551,2756
7553,7552,7505
7554,7553,2923
7555,2998,2607
7556,7451,7141
7557,7554,7223
7558,7538,7446
7559,7511,7418
7560,7557,543
7561,6632,1296
7562,7170,3678
7563,7560,7473
7564,7481,7273
7565,950,612
7566,7537,7471
7567,7566,505
7568,7517,1565
7569,7567,0
7570,7569,798
7571,2815,2518
7572,7570,2732
7573,7572,7456
7574,7568,770
7575,7445,2516
7576,3497,1813
7577,7525,3031
7578,3935,2670
7579,2592,1866
7580,7573,7350
7581,7580,3886
7582,7493,852
7583,3125,120
7584,7563,1696
7585,7584,2058
7586,7581,7483
7587,7411,3724
7588,7041,3783
7589,7454,7317
7590,7585,7470
7591,7590,7364
7592,7586,7338
7593,7592,644
7594,7466,726
7595,7579,7520
7596,7430,7380
7597,7593,3566
7598,7597,7535
7599,3321,2137
7600,7591,7489
7601,1858,1377
7602,7462,7427
7603,7524,2876
7604,3563,3559
7605,7425,3809
7606,7605,7291
7607,2888,57
7608,3614,3523
7609,7496,3597
7610,1888,525
7611,7594,7285
7612,7600,6925
7613,3586,2922
7614,7494,3999
7615,7598,632
7616,7558,986
7617,7508,7447
7618,7612,7506
7619,7521,840
7620,2473,2180
7621,7574,7086
7622,7495,978
7623,3468,1256
7624,7618,7547
7625,7529,2713
7626,7615,3252
7627,7626,7125
7628,7627,7397
7629,7624,7502
7630,7404,3119
7631,7629,7522
7632,2059,502
7633,7628,7516
7634,6984,6983
7635,7633,3568
7636,2818,1652
7637,7544,7392
7638,2668,64
7639,7635,7621
7640,1946,1487
7641,3838,821
7642,7512,2041
7643,7631,7548
7644,7622,3111
7645,7587,3013
7646,7643,1764
7647,7646,833
7648,7616,7578
7649,7299,2351
7650,7540,48
7651,7294,941
7652,3779,1301
7653,7647,7111
7654,7653,7339
7655,7637,7431
7656,7639,7515
7657,7599,7455
7658,7644,7066
7659,2906,2710
7660,7654,7467
7661,7576,154
7662,7391,450
7663,7660,1574
7664,7575,7171
7665,7386,7272
7666,7596,788
7667,7546,7382
7668,7479,7320
7669,7656,1179
7670,7669,787
7671,7437,7376
7672,3474,3025
7673,7528,962
7674,7670,2284
7675,7260,3093
7676,6941,3828
7677,7487,3598
7678,7398,3099
7679,7663,321
7680,7679,512
7681,7362,7157
7682,7029,3562
7683,7674,2845
7684,7683,555
7685,7662,7603
7686,7684,1288
7687,7619,7523
7688,7680,677
7689,7688,2758
7690,7689,2628
7691,7686,7651
7692,7571,7305
7693,7691,3357
7694,7442,4909
7695,7693,7346
7696,7668,2898
7697,7215,858
7698,7559,290
7699,7698,7485
7700,7562,7266
7701,7582,7534
7702,7617,7613
7703,7692,3179
7704,7673,7288
7705,7589,7450
7706,7690,1698
7707,7604,7296
7708,7664,7309
7709,7602,7077
7710,7507,1229
7711,7695,7601
7712,7711,621
7713,7712,1222
7714,7713,7649
7715,7706,1060
7716,7714,7677
7717,7225,2991
7718,7716,1115
7719,7718,7702
7720,7715,584
7721,7720,7657
7722,7721,690
7723,7708,7480
7724,7577,3070
7725,7719,7671
7726,7725,7614
7727,7726,7477
7728,7722,121
7729,7510,2852
7730,7648,1198
7731,7730,44
7732,3955,2879
7733,7667,7342
7734,6705,6428
7735,7728,7565
7736,7735,7530
7737,7736,7703
7738,7405,864
7739,2407,1262
7740,2191,1898
7741,7727,7334
7742,7741,7697
7743,7742,2321
7744,7743,7543
7745,7655,7642
7746,991,592
7747,7731,156
7748,7744,2126
7749,7748,3718
7750,7699,7068
7751,7749,2488
7752,7751,7636
7753,7658,2163
7754,7753,3741
7755,7701,589
7756,6972,3720
7757,7752,7561
7758,1519,980
7759,7678,7036
7760,7153,578
7761,7757,1735
7762,7710,7550
7763,7737,953
7764,7747,1607
7765,7761,7426
7766,7754,277
7767,7763,2596
7768,7767,782
7769,7768,2709
7770,7769,7611
7771,7545,2789
7772,7770,1086
7773,7765,7745
7774,7773,7764
7775,2606,938
7776,2806,2504
7777,1542,550
7778,7717,3659
7779,7774,2044
7780,7779,7549
7781,2142,132
7782,7661,7595
7783,7641,847
7784,7564,1809
7785,7784,954
7786,7620,1302
7787,6597,3731
7788,7707,1830
7789,7762,7180
7790,7755,3268
7791,7790,2613
7792,7772,2140
7793,7792,7588
7794,7793,7685
7795,7780,871
7796,7795,2144
7797,7796,7687
7798,7610,7608
7799,2702,2231
7800,7723,2890
7801,7733,7732
7802,7759,7606
7803,7797,7750
7804,7785,1123
7805,7414,1845
7806,7794,386
7807,7740,7704
7808,7803,3963
7809,7806,2752
7810,7681,7583
7811,7791,7666
7812,7808,7623
7813,7645,7410
7814,7812,7766
7815,7804,7395
7816,3796,973
7817,7705,2749
7818,7814,3780
7819,7809,2681
7820,7819,1438
7821,3196,1842
7822,7556,3942
7823,7818,2780
7824,7800,668
7825,7820,7786
7826,7825,7783
7827,7802,7539
7828,7823,7665
7829,2541,22
7830,7828,3810
7831,7830,3652
7832,7831,7650
7833,2942,2737
7834,7630,3361
7835,7815,7700
7836,3936,2032
7837,7696,3862
7838,7826,7503
7839,7838,7832
7840,7652,2985
7841,7632,3174
7842,7817,7771
7843,7824,7469
7844,7634,379
7845,7807,2017
7846,7156,1969
7847,3794,3067
7848,7625,2905
7849,7827,7609
7850,7849,7801
7851,7709,1522
7852,7851,7409
7853,7839,3994
7854,7853,7724
7855,7854,7844
7856,7816,7781
7857,1769,1389
7858,7222,393
7859,3654,2823
7860,7837,596
7861,7855,7729
7862,7861,7840
7863,7758,3872
7864,7862,7776
7865,7864,7486
7866,3353,247
7867,7842,7738
7868,7813,7659
7869,3937,267
7870,7865,3542
7871,7870,7775
7872,7811,3217
7873,6998,2061
7874,7694,7638
7875,3655,462
7876,7843,7778
7877,7876,7848
7878,7845,7640
7879,7871,7860
7880,7835,7829
7881,7880,7810
7882,7879,7867
7883,7805,7789
7884,7882,1705
7885,7850,7452
7886,7872,7676
7887,7884,1455
7888,2909,754
7889,7887,2800
7890,7889,1023
7891,7890,3548
7892,7891,7878
7893,7892,7777
7894,7863,308
7895,7886,7868
7896,7881,7672
7897,7893,2706
7898,7897,563
7899,7898,7877
7900,7896,7782
7901,7847,3765
7902,7899,3692
7903,7902,402
7904,7903,7734
7905,7798,2841
7906,3511,2587
7907,7836,2989
7908,7885,7746
7909,7675,1464
7910,7904,7869
7911,7822,7682
7912,3897,2566
7913,7908,6576
7914,3323,1236
7915,1678,1436
7916,7841,870
7917,7852,728
7918,7917,718
7919,7756,380
7920,7910,513
7921,7915,2826
7922,7920,7607
7923,7866,7787
7924,7833,2821
7925,7918,7261
7926,7922,7857
7927,7926,7921
7928,7927,3926
7929,7888,930
7930,7928,7859
7931,7930,7916
7932,7905,7788
7933,3782,3746
7934,2819,1906
7935,7900,7856
7936,7931,7760
7937,7883,7875
7938,3927,3180
7939,7936,7914
7940,7939,7874
7941,7907,7834
7942,7799,917
7943,7940,7894
7944,7925,7913
7945,7944,7400
7946,7945,7901
7947,7821,3030
7948,7919,7858
7949,3141,160
7950,7946,7895
7951,7935,7909
7952,7951,7943
7953,3191,2363
7954,7953,7923
7955,7952,3719
7956,7937,2512
7957,7950,7942
7958,7957,7932
7959,7955,7929
7960,7959,7924
7961,7960,1953
7962,7961,7906
7963,71,34
7964,7555,3599
7965,7958,7912
7966,3777,3502
7967,7962,7934
7968,7967,2147
7969,7968,7948
7970,7969,7846
7971,3628,651
7972,7970,1046
7973,7972,2573
7974,7954,7941
7975,7956,534
7976,7973,2683
7977,7976,7974
7978,7977,2626
7979,7965,2111
7980,7978,7949
7981,7979,7938
7982,7966,7911
7983,7981,7980
7984,7983,7964
7985,7984,7975
7986,7985,7982
7987,7986,7312
7988,7963,3538
7989,7933,7873
7990,7971,3745
7991,7990,3715
7992,7988,7987
7993,7992,7739
7994,7993,3894
7995,7994,7989
7996,7991,7947
7997,7996,7995
7998,7997,3010
