4000,2338,1598
4001,3643,2145
4002,4001,3885
4003,4000,3261
4004,2279,2030
4005,2340,2138
4006,4002,3977
4007,3069,1281
4008,3686,2860
4009,4007,2309
4010,4003,2395
4011,4004,477
4012,3539,3526
4013,4009,2133
4014,3827,3712
4015,4006,2497
4016,4010,1315
4017,3755,2746
4018,1242,433
4019,4005,96
4020,4013,2559
4021,4015,3292
4022,4011,2243
4023,3707,2374
4024,3950,1201
4025,4021,3920
4026,4019,1951
4027,3650,2070
4028,4020,2051
4029,4028,33
4030,4022,2306
4031,4024,3763
4032,4027,1013
4033,4018,2383
4034,3768,3346
4035,1926,1857
4036,3068,3036
4037,4025,1219
4038,4016,3208
4039,4030,2661
4040,1096,390
4041,3290,150
4042,4037,3377
4043,3600,3427
4044,4033,1098
4045,4032,2387
4046,4026,94
4047,4038,2403
4048,3530,3108
4049,4029,4023
4050,3928,3666
4051,4031,3689
4052,3860,3088
4053,4039,3110
4054,2430,2287
4055,3023,41
4056,3153,1177
4057,4045,74
4058,4052,4017
4059,409,207
4060,4042,1073
4061,3298,2118
4062,4047,4043
4063,3448,3234
4064,4058,3260
4065,4012,117
4066,4049,2074
4067,4044,53
4068,4041,3033
4069,4060,4048
4070,3095,2259
4071,2331,2302
4072,3019,47
4073,4062,1357
4074,2582,220
4075,4069,3734
4076,4066,4056
4077,3970,79
4078,4073,3300
4079,4075,4008
4080,4067,4040
4081,4014,3146
4082,3279,3015
4083,389,20
4084,3711,3691
4085,4050,4035
4086,4078,4051
4087,4055,3203
4088,3919,3899
4089,4068,3856
4090,3982,2264
4091,4076,2339
4092,2057,1649
4093,4053,2849
4094,3698,3555
4095,2222,1742
4096,4079,3998
4097,4072,3057
4098,4096,2466
4099,3429,3276
4100,3319,3259
4101,2464,1984
4102,4087,4085
4103,1131,815
4104,4064,3606
4105,4081,1188
4106,4046,4036
4107,4034,3681
4108,4065,1084
4109,4090,1137
4110,4106,4086
4111,3770,3391
4112,3610,3601
4113,4091,4054
4114,4101,4098
4115,3496,43
4116,398,367
4117,2099,2035
4118,3695,1523
4119,4080,2164
4120,4093,2008
4121,4104,2729
4122,1838,1544
4123,4114,4061
4124,3805,3022
4125,4077,3064
4126,4089,3246
4127,4070,1657
4128,4074,490
4129,215,77
4130,4057,2294
4131,3633,135
4132,4105,4095
4133,4126,4107
4134,4120,1154
4135,2662,1093
4136,4088,3908
4137,4071,1881
4138,4119,4103
4139,4132,3438
4140,2120,497
4141,2580,429
4142,4110,124
4143,3456,3173
4144,4063,1144
4145,1446,1018
4146,4111,3447
4147,4134,1892
4148,3047,2317
4149,4136,4097
4150,2679,1439
4151,4142,4122
4152,1778,1133
4153,4113,2232
4154,3205,1968
4155,3629,3244
4156,2273,2199
4157,253,112
4158,4143,4099
4159,4117,3561
4160,4153,3799
4161,4138,714
4162,4121,3083
4163,4123,2443
4164,3359,3187
4165,4092,2378
4166,4135,4131
4167,4083,3909
4168,4059,3753
4169,410,138
4170,3183,3004
4171,4161,4147
4172,151,86
4173,4148,2328
4174,4163,4139
4175,285,75
4176,401,368
4177,4125,1647
4178,4137,204
4179,1834,251
4180,4151,3954
4181,4133,4115
4182,4128,4108
4183,2536,1195
4184,3943,2104
4185,3365,3310
4186,2244,2233
4187,3769,3683
4188,4124,2391
4189,3403,1566
4190,2477,1675
4191,4180,3459
4192,1489,1478
4193,4156,3229
4194,3441,246
4195,2181,465
4196,4152,1349
4197,4174,4084
4198,2522,1631
4199,2886,1536
4200,4173,4130
4201,2071,168
4202,1481,353
4203,1150,1052
4204,3506,2149
4205,4102,1928
4206,3961,1513
4207,4191,1425
4208,1347,371
4209,4116,72
4210,2685,1890
4211,3131,89
4212,4160,3100
4213,4162,4154
4214,3220,243
4215,4145,1321
4216,4197,2438
4217,4166,1039
4218,449,152
4219,3098,1924
4220,3554,1777
4221,4127,1734
4222,4149,3717
4223,3449,3029
4224,4212,1504
4225,4177,4170
4226,231,107
4227,3905,3902
4228,4158,3674
4229,4225,4216
4230,4189,1265
4231,4109,3469
4232,4168,3596
4233,2832,1423
4234,4190,1567
4235,3184,3094
4236,4224,4217
4237,4178,146
4238,4214,4094
4239,4181,4155
4240,4200,4165
4241,1661,501
4242,2412,1220
4243,62,12
4244,4210,4118
4245,4211,237
4246,4146,3374
4247,4129,2816
4248,3761,97
4249,3495,3198
4250,4207,3254
4251,4231,4171
4252,453,261
4253,1275,1082
4254,4205,1283
4255,4176,392
4256,4236,901
4257,4250,4204
4258,4182,170
4259,4239,2564
4260,4240,1338
4261,4256,2487
4262,4184,2511
4263,4169,354
4264,4193,1292
4265,4233,3814
4266,4188,2523
4267,3671,1107
4268,1342,963
4269,1772,1589
4270,257,59
4271,4192,1815
4272,4254,1020
4273,4112,2368
4274,3967,2352
4275,4238,4213
4276,4257,1886
4277,4100,3959
4278,4198,1825
4279,1334,1272
4280,4195,3846
4281,4259,1747
4282,3781,252
4283,4261,1676
4284,4221,3051
4285,4247,73
4286,1433,357
4287,3369,413
4288,2183,2129
4289,4269,3529
4290,4251,2632
4291,3294,1615
4292,4264,4206
4293,4229,3269
4294,4208,3382
4295,2192,2064
4296,4260,1840
4297,4243,171
4298,2393,2337
4299,4159,2301
4300,4232,2878
4301,4201,2353
4302,4276,103
4303,4244,2550
4304,3457,2680
4305,4283,762
4306,3440,3243
4307,2343,1040
4308,4293,3400
4309,4255,119
4310,4281,3819
4311,4228,3356
4312,4237,3137
4313,4272,3212
4314,4305,3164
4315,4082,1979
4316,4302,4284
4317,4308,3670
4318,2255,2174
4319,4314,2007
4320,3307,3041
4321,4141,9
4322,4317,2256
4323,4248,3958
4324,4290,4175
4325,4296,1692
4326,3085,2546
4327,3470,1941
4328,4313,4199
4329,3372,2380
4330,1577,1035
4331,4241,722
4332,4310,3742
4333,3514,1991
4334,4325,2308
4335,3904,3079
4336,495,403
4337,3966,3922
4338,1180,527
4339,4179,1430
4340,3907,1457
4341,3413,2844
4342,4319,2010
4343,2314,1311
4344,3395,46
4345,1087,880
4346,4306,4222
4347,4246,4235
4348,2432,2375
4349,4271,4245
4350,3708,1826
4351,4332,4220
4352,4297,1329
4353,3869,3210
4354,4288,4172
4355,3192,2193
4356,4324,4183
4357,3366,1122
4358,3332,2176
4359,4292,1557
4360,440,218
4361,3540,1400
4362,4326,2329
4363,4316,4312
4364,4331,4203
4365,1068,793
4366,4328,1708
4367,3384,287
4368,4299,3588
4369,4263,2565
4370,4342,3900
4371,4266,3820
4372,4300,3826
4373,4167,4144
4374,3373,2584
4375,1835,1605
4376,4356,742
4377,3221,1295
4378,2507,2202
4379,2514,1746
4380,4366,4343
4381,2218,1141
4382,3385,1994
4383,4322,4196
4384,4301,2988
4385,4376,4265
4386,4370,219
4387,4334,1168
4388,3103,2455
4389,4274,192
4390,260,255
4391,1601,37
4392,4347,4311
4393,4386,115
4394,3375,3222
4395,442,281
4396,4393,3299
4397,3773,3273
4398,2276,17
4399,4315,1497
4400,4285,1375
4401,3136,491
4402,4268,1814
4403,1877,1320
4404,4223,370
4405,1193,1006
4406,3721,4
4407,4363,4289
4408,4387,2332
4409,4351,3285
4410,4383,4234
4411,3286,3018
4412,4396,3971
4413,3626,3510
4414,4275,876
4415,3213,1266
4416,4359,3743
4417,4267,1230
4418,3910,1660
4419,4412,1282
4420,4150,2917
4421,4278,3123
4422,3831,3225
4423,4219,1126
4424,3306,929
4425,4385,987
4426,200,167
4427,1967,1856
4428,3211,3209
4429,3778,1603
4430,4409,3785
4431,4407,3043
4432,4298,2282
4433,1757,460
4434,2472,1251
4435,3314,317
4436,4431,3504
4437,4402,508
4438,4371,3258
4439,4321,184
4440,4253,1308
4441,2344,1299
4442,4419,1398
4443,4404,3675
4444,4282,307
4445,4425,1114
4446,4430,4303
4447,4416,1132
4448,4164,279
4449,4442,1037
4450,3547,2335
4451,4421,1239
4452,4187,4140
4453,4414,4392
4454,3160,3087
4455,4280,2388
4456,4368,3802
4457,4372,2108
4458,4436,4374
4459,4360,300
4460,3399,2759
4461,1125,626
4462,4408,2081
4463,4242,3329
4464,4215,1463
4465,4304,3590
4466,4389,343
4467,4380,344
4468,4445,658
4469,4294,3986
4470,439,108
4471,4277,3918
4472,1498,1224
4473,4287,2240
4474,3394,3257
4475,4458,1883
4476,4410,4327
4477,4345,3387
4478,4449,1337
4479,4375,339
4480,3921,1552
4481,4352,310
4482,4438,4230
4483,4468,4365
4484,3283,3193
4485,4478,4361
4486,4475,2047
4487,4323,1758
4488,4446,2877
4489,4262,2955
4490,4467,3297
4491,4373,3634
4492,2928,314
4493,4355,4286
4494,4349,1737
4495,2962,1127
4496,438,259
4497,4400,298
4498,3228,2367
4499,4369,3854
4500,4333,4258
4501,4185,3488
4502,4471,3309
4503,3172,1450
4504,4486,1306
4505,4338,1367
4506,4320,1083
4507,4504,4411
4508,4485,4462
4509,2621,1868
4510,4367,4307
4511,4476,4384
4512,3347,500
4513,4490,2911
4514,3101,1503
4515,3313,1831
4516,4477,2103
4517,4466,4447
4518,3825,2938
4519,906,15
4520,4483,1186
4521,4186,1079
4522,4364,1505
4523,4480,4451
4524,4273,3527
4525,470,51
4526,3340,2423
4527,4399,1529
4528,4346,2297
4529,4520,4354
4530,4461,4339
4531,587,118
4532,4456,3132
4533,3002,1384
4534,4279,1579
4535,2085,1710
4536,4270,423
4537,3944,3574
4538,4528,2056
4539,4513,1368
4540,4488,3178
4541,4511,1959
4542,4455,1372
4543,3128,3046
4544,2361,1415
4545,4391,2360
4546,4529,2097
4547,3185,2742
4548,4539,3960
4549,4417,1646
4550,4295,1051
4551,4403,1017
4552,4540,1101
4553,4401,2450
4554,4514,4418
4555,4507,1434
4556,4500,3709
4557,3517,3472
4558,2686,629
4559,292,238
4560,3638,3492
4561,425,337
4562,4541,2105
4563,4552,4453
4564,1876,360
4565,4555,3648
4566,4508,1606
4567,1382,935
4568,4227,3945
4569,4566,2420
4570,2234,210
4571,4473,199
4572,4405,3056
4573,4565,1537
4574,498,275
4575,4506,3090
4576,3836,3378
4577,4341,3868
4578,4335,3479
4579,4573,4517
4580,4546,4497
4581,4202,2170
4582,3171,104
4583,4420,286
4584,3197,1424
4585,1530,1379
4586,4567,4548
4587,4348,2015
4588,4530,4427
4589,2751,2608
4590,4532,1819
4591,4522,4499
4592,4554,4482
4593,236,202
4594,4489,1091
4595,2567,838
4596,4381,1417
4597,4437,1586
4598,4549,4377
4599,1333,1297
4600,4440,1386
4601,4249,1917
4602,4562,2508
4603,420,318
4604,106,42
4605,1860,1643
4606,4586,4569
4607,4329,1619
4608,4362,68
4609,4580,4494
4610,3895,860
4611,3021,270
4612,4602,4423
4613,4505,4459
4614,4519,4441
4615,2534,879
4616,2296,784
4617,2060,1591
4618,4465,1029
4619,4579,4516
4620,4209,350
4621,4556,3762
4622,4330,2185
4623,2454,189
4624,4491,4413
4625,4559,4309
4626,2480,1095
4627,3940,3722
4628,179,61
4629,3238,331
4630,4515,3775
4631,4502,3694
4632,1204,88
4633,4524,4429
4634,4406,291
4635,2326,1041
4636,4521,3236
4637,4544,2880
4638,4581,1681
4639,4576,4194
4640,3024,1585
4641,4394,3084
4642,805,635
4643,4619,4493
4644,4609,4378
4645,299,186
4646,4452,4218
4647,3061,3003
4648,334,258
4649,1914,778
4650,4612,1304
4651,3669,1206
4652,2943,2836
4653,4543,3887
4654,4503,949
4655,2812,2792
4656,4509,1885
4657,4397,452
4658,4457,4395
4659,3402,3322
4660,4553,2646
4661,4358,3189
4662,4594,3914
4663,2861,1894
4664,4598,3622
4665,4611,129
4666,1923,1648
4667,4536,4439
4668,2637,2088
4669,4613,1602
4670,4542,278
4671,4643,3255
4672,4379,2150
4673,4527,4510
4674,4382,4291
4675,4534,979
4676,2638,2354
4677,4671,3972
4678,4432,2096
4679,3653,3581
4680,4550,395
4681,1787,1257
4682,4450,2509
4683,4644,1560
4684,2547,1345
4685,1435,1028
4686,4588,1217
4687,4677,4472
4688,4577,3624
4689,2130,1253
4690,4523,2366
4691,4649,3859
4692,4398,1350
4693,4618,1919
4694,4659,2827
4695,4664,4650
4696,4653,4590
4697,3817,2143
4698,4606,4591
4699,4434,4426
4700,4673,1422
4701,1761,1216
4702,2602,1044
4703,4512,4463
4704,4634,4563
4705,4474,1976
4706,4687,1034
4707,4623,4538
4708,3165,2760
4709,3312,229
4710,3435,1891
4711,4621,1291
4712,1693,400
4713,4583,1471
4714,4706,2160
4715,4444,280
4716,4646,3929
4717,4564,1707
4718,4683,916
4719,4714,4592
4720,4422,3877
4721,3824,2993
4722,3170,1656
4723,4637,2691
4724,4704,4624
4725,3155,2372
4726,4603,272
4727,4695,4587
4728,2757,1108
4729,796,739
4730,4663,4571
4731,4578,3232
4732,3849,3619
4733,2881,837
4734,3803,397
4735,4469,416
4736,4600,3615
4737,4727,2781
4738,4336,418
4739,2594,705
4740,2112,1429
4741,4496,3835
4742,4702,4388
4743,4698,1187
4744,4660,2414
4745,4690,1393
4746,4672,2978
4747,4665,3049
4748,3397,3161
4749,4669,1164
4750,4595,791
4751,4718,4700
4752,4686,412
4753,4484,3499
4754,4743,1904
4755,4560,1821
4756,3705,468
4757,4479,2866
4758,4719,4596
4759,4668,2300
4760,4754,4599
4761,4749,4614
4762,1913,1645
4763,4711,1390
4764,4622,4357
4765,3345,1611
4766,3735,2635
4767,4744,2485
4768,4737,975
4769,4751,28
4770,4424,1104
4771,3380,268
4772,4443,1454
4773,1274,1067
4774,1376,923
4775,4344,3996
4776,4760,4638
4777,4713,1237
4778,4776,2136
4779,4769,1214
4780,4688,4662
4781,4350,3078
4782,4626,4535
4783,4340,283
4784,3764,1209
4785,2152,1580
4786,4752,4675
4787,3432,1348
4788,984,70
4789,4157,143
4790,3354,3122
4791,4558,1510
4792,4252,223
4793,4735,4689
4794,312,91
4795,4657,4518
4796,1925,1810
4797,4758,4635
4798,4654,358
4799,4353,3407
4800,3481,2910
4801,4470,6
4802,4585,2310
4803,2248,1452
4804,2678,2148
4805,4572,2260
4806,4667,4525
4807,4724,4656
4808,4755,1532
4809,4608,4337
4810,3995,2169
4811,1551,1002
4812,2837,2798
4813,4778,3348
4814,3169,2738
4815,4775,1824
4816,4501,1548
4817,4733,4498
4818,4730,3892
4819,4720,4633
4820,4741,4705
4821,4782,4597
4822,4779,4684
4823,3818,3360
4824,4574,196
4825,4648,346
4826,4802,776
4827,4762,4681
4828,3728,3318
4829,4415,3871
4830,4770,2078
4831,1870,1562
4832,4780,4750
4833,4495,1033
4834,3932,435
4835,3331,383
4836,4708,579
4837,3913,2006
4838,4699,1075
4839,3858,3251
4840,4604,4481
4841,4435,266
4842,4777,1076
4843,4658,639
4844,4797,3642
4845,872,476
4846,4454,3073
4847,4670,2311
4848,4652,3812
4849,4655,2926
4850,4740,2107
4851,4682,1878
4852,4531,2711
4853,4844,2676
4854,4813,3984
4855,4807,4747
4856,4610,1613
4857,4640,3657
4858,4636,2458
4859,4734,134
4860,4726,161
4861,4448,3417
4862,4768,2286
4863,4547,1119
4864,4601,2075
4865,4616,3127
4866,4433,2348
4867,2743,303
4868,4694,3875
4869,4676,2687
4870,4794,4487
4871,4832,4822
4872,3702,1032
4873,1729,191
4874,1402,365
4875,3376,3016
4876,4723,2557
4877,4766,4460
4878,4854,915
4879,2761,2677
4880,3821,2207
4881,3571,2324
4882,4631,25
4883,2408,1507
4884,4763,137
4885,1572,424
4886,4878,4761
4887,2825,2593
4888,4853,662
4889,4838,4742
4890,4627,4537
4891,149,10
4892,1614,1269
4893,4753,4630
4894,4757,1085
4895,4607,2854
4896,4888,1859
4897,3985,3218
4898,3182,2641
4899,4725,2098
4900,3339,1739
4901,4575,3730
4902,4584,3806
4903,4871,940
4904,1370,407
4905,4896,1322
4906,3162,1460
4907,4826,4745
4908,4855,4557
4909,316,306
4910,3651,256
4911,4764,3487
4912,4736,2376
4913,4625,273
4914,3039,892
4915,4862,2572
4916,4716,4226
4917,4691,3428
4918,972,736
4919,3832,3797
4920,1686,363
4921,4645,351
4922,4905,4680
4923,993,765
4924,4886,4318
4925,4696,3544
4926,4615,1156
4927,4746,4678
4928,4703,1473
4929,4772,4641
4930,4721,475
4931,4915,4793
4932,4908,2996
4933,4617,4570
4934,4924,4786
4935,4791,849
4936,4932,1590
4937,2390,593
4938,4551,1319
4939,1247,790
4940,4903,1062
4941,4701,1827
4942,4895,3625
4943,4936,4861
4944,4639,1327
4945,4922,4767
4946,4836,4729
4947,466,313
4948,712,545
4949,4847,1353
4950,4693,4390
4951,4545,4492
4952,1394,434
4953,1359,843
4954,4561,133
4955,4907,122
4956,4940,789
4957,3409,2947
4958,4858,3792
4959,1795,1358
4960,1748,1674
4961,4876,4812
4962,1437,1210
4963,4943,4857
4964,4738,4628
4965,4942,2091
4966,4759,1113
4967,4863,1973
4968,4820,694
4969,4710,4707
4970,3751,2542
4971,933,610
4972,4927,4661
4973,4865,4829
4974,4912,4850
4975,4842,1211
4976,2079,1414
4977,4945,1022
4978,185,67
4979,3081,716
4980,4818,3549
4981,4804,2456
4982,4901,2885
4983,3231,803
4984,4873,1839
4985,4882,4620
4986,4977,4917
4987,4852,3631
4988,4833,862
4989,1494,175
4990,3215,3006
4991,3672,446
4992,4883,4827
4993,4533,3873
4994,4935,2470
4995,4845,4679
4996,3311,2895
4997,4568,3632
4998,4934,4856
4999,176,31
5000,3964,2313
5001,4986,4974
5002,4968,3052
5003,4464,2251
5004,4816,4674
5005,3948,2495
5006,2465,2215
5007,4956,3009
5008,274,205
5009,4931,2379
5010,1811,496
5011,3852,3074
5012,4849,2829
5013,4821,1559
5014,3404,1571
5015,4632,1561
5016,4843,148
5017,457,56
5018,2671,1927
5019,5005,5001
5020,4944,3978
5021,4771,2788
5022,1408,529
5023,2019,1194
5024,2278,1709
5025,4996,2371
5026,5007,4788
5027,4806,3532
5028,5009,4859
5029,4992,4961
5030,3822,3661
5031,4848,3682
5032,4831,1279
5033,4799,2848
5034,4963,4808
5035,4765,3437
5036,5019,1666
5037,5026,540
5038,3729,232
5039,4728,2615
5040,4926,2945
5041,4998,4774
5042,4929,4928
5043,2494,2168
5044,4841,194
5045,2258,686
5046,4949,4582
5047,4980,2970
5048,3265,3082
5049,5034,3884
5050,4872,1965
5051,3991,2189
5052,415,254
5053,4717,1340
5054,5013,1111
5055,3925,1388
5056,4925,4874
5057,1622,1456
5058,4685,1285
5059,4809,3202
5060,3665,233
5061,4860,4840
5062,4803,2141
5063,4798,263
5064,3392,3158
5065,4783,1218
5066,5041,4987
5067,3020,302
5068,1932,1466
5069,4946,4894
5070,1768,296
5071,4815,1313
5072,3744,2995
5073,4692,2929
5074,5028,4971
5075,4952,4902
5076,3389,304
5077,3865,2467
5078,5071,4712
5079,4938,1677
5080,4526,1021
5081,3483,13
5082,5066,4889
5083,4884,743
5084,2643,1986
5085,4805,750
5086,426,187
5087,4731,3855
5088,5053,1410
5089,3630,1701
5090,2461,541
5091,178,84
5092,4939,781
5093,5049,3837
5094,4972,4965
5095,2665,2590
5096,4995,4911
5097,5037,517
5098,5093,4982
5099,4801,493
5100,1697,1324
5101,3275,3035
5102,4846,1651
5103,2634,2134
5104,1691,1030
5105,3602,3505
5106,481,87
5107,2897,2891
5108,451,130
5109,5036,4970
5110,5082,1184
5111,5110,2139
5112,4899,2714
5113,4651,2157
5114,504,319
5115,1395,419
5116,5097,4887
5117,5059,2220
5118,5111,2847
5119,5020,848
5120,5109,1952
5121,4966,601
5122,4864,4589
5123,4787,1181
5124,5054,2436
5125,5050,5027
5126,5074,2082
5127,4870,1134
5128,5120,5051
5129,4869,2493
5130,1170,572
5131,5116,606
5132,4988,2907
5133,5079,1129
5134,5126,203
5135,3396,3007
5136,5083,1833
5137,5094,2023
5138,4913,1655
5139,5131,2712
5140,4795,3500
5141,5002,1704
5142,4814,3931
5143,5098,190
5144,4890,3256
5145,5134,4958
5146,5056,2750
5147,4921,1950
5148,5128,5025
5149,5118,4933
5150,5139,1445
5151,4900,4868
5152,1916,1116
5153,5143,4973
5154,5016,4920
5155,4819,524
5156,5150,3104
5157,5047,4919
5158,4955,995
5159,3017,444
5160,4951,1323
5161,4914,2476
5162,5156,1167
5163,4739,38
5164,944,800
5165,1516,1365
5166,3896,3062
5167,3663,624
5168,5137,2327
5169,4866,1714
5170,4969,473
5171,1280,1149
5172,5148,2385
5173,2072,772
5174,2785,227
5175,5162,1396
5176,5149,5029
5177,5154,3898
5178,5073,4923
5179,5172,2530
5180,2633,2323
5181,4647,3248
5182,4904,1346
5183,1543,111
5184,5179,5087
5185,5146,4810
5186,5175,4975
5187,5021,2543
5188,5039,4950
5189,5160,2228
5190,5169,4941
5191,5176,5069
5192,4981,3383
5193,4994,2462
5194,5043,5003
5195,4800,4605
5196,5086,5044
5197,1749,411
5198,467,322
5199,4891,348
5200,3989,3591
5201,5141,3509
5202,5145,3536
5203,5184,4796
5204,5085,3227
5205,5191,1016
5206,5024,4830
5207,4789,1
5208,3949,3811
5209,4781,3531
5210,1175,1094
5211,2896,2254
5212,5153,659
5213,5186,990
5214,4893,2570
5215,2961,604
5216,2883,297
5217,5202,3293
5218,5212,5203
5219,3791,2965
5220,5010,4715
5221,5177,751
5222,5205,3953
5223,461,406
5224,717,528
5225,5217,1441
5226,4867,3342
5227,5124,1897
5228,5158,2753
5229,5119,1568
5230,4906,3054
5231,4897,2688
5232,5076,1776
5233,3952,2252
5234,3874,1061
5235,5218,1502
5236,4979,4851
5237,1361,1238
5238,5012,4756
5239,5213,1050
5240,4993,4709
5241,3350,3305
5242,5057,4984
5243,3616,3462
5244,3947,1793
5245,5061,4885
5246,5193,1784
5247,5221,1818
5248,5168,1120
5249,5100,2188
5250,441,341
5251,4828,3442
5252,2486,1563
5253,387,144
5254,5095,4962
5255,5138,5038
5256,5102,4985
5257,5222,5045
5258,3494,1499
5259,3418,1600
5260,3296,1832
5261,2446,2009
5262,2990,1391
5263,5185,5096
5264,4948,605
5265,2411,155
5266,5133,5070
5267,4877,3649
5268,5052,3117
5269,5155,5004
5270,3639,3618
5271,5257,1263
5272,3289,1679
5273,5035,4983
5274,2478,1354
5275,3795,1403
5276,4976,1634
5277,1642,1624
5278,2656,212
5279,5271,5228
5280,5072,109
5281,3058,234
5282,1638,602
5283,3235,7
5284,5201,1665
5285,5239,3801
5286,3201,1312
5287,4839,2213
5288,5225,598
5289,5227,1740
5290,5092,2933
5291,1409,565
5292,5164,5125
5293,4964,52
5294,3336,2810
5295,3224,1054
5296,5015,510
5297,5033,4880
5298,5065,5011
5299,1109,586
5300,5136,197
5301,4835,1515
5302,4823,2952
5303,5279,746
5304,3048,436
5305,2652,1508
5306,5032,3464
5307,5288,1626
5308,5157,3452
5309,2673,55
5310,5151,1351
5311,3433,3154
5312,5303,3594
5313,5231,1472
5314,3710,1763
5315,5195,1128
5316,5189,1066
5317,1721,1183
5318,5187,2720
5319,5285,5040
5320,5127,2625
5321,1008,58
5322,4967,2551
5323,5235,904
5324,5104,1863
5325,5312,5242
5326,5256,1852
5327,4898,2405
5328,5170,333
5329,4773,1072
5330,5307,2116
5331,5289,1146
5332,2856,157
5333,5248,4837
5334,5319,982
5335,5132,1625
5336,5182,5152
5337,5077,5063
5338,5308,5215
5339,3697,1796
5340,5123,2867
5341,3270,2716
5342,3303,142
5343,5323,1461
5344,5166,5144
5345,5343,5284
5346,3121,2510
5347,4824,24
5348,5194,1009
5349,5330,5000
5350,3696,3115
5351,2599,865
5352,5046,2039
5353,2705,655
5354,5161,1250
5355,5316,5142
5356,5088,5060
5357,4916,3668
5358,5345,5078
5359,5188,2266
5360,3611,2269
5361,5117,4784
5362,165,30
5363,5244,3767
5364,4930,377
5365,1191,588
5366,3419,2767
5367,5325,5237
5368,5062,4959
5369,5349,3071
5370,3086,1381
5371,5334,5300
5372,1594,836
5373,5042,3560
5374,2146,2127
5375,5204,5080
5376,2165,1569
5377,3038,2778
5378,5367,909
5379,5246,710
5380,2406,1706
5381,3055,2853
5382,2457,1042
5383,5331,5190
5384,5075,1117
5385,5328,382
5386,4989,4879
5387,1316,325
5388,3575,3126
5389,3756,1802
5390,4697,2463
5391,4666,1244
5392,347,327
5393,5378,2864
5394,5214,3550
5395,5147,139
5396,5338,2707
5397,5130,928
5398,5371,1694
5399,4997,3736
5400,5369,2745
5401,5247,332
5402,5293,5197
5403,2417,1841
5404,3393,2416
5405,4785,2086
5406,5393,1426
5407,5310,2319
5408,2503,1581
5409,3522,213
5410,1493,1189
5411,5406,2247
5412,5341,2771
5413,5348,1159
5414,3974,3063
5415,5400,5273
5416,5358,248
5417,5263,824
5418,5373,5058
5419,4629,1620
5420,1535,1014
5421,5084,779
5422,5140,361
5423,5174,3882
5424,5129,5112
5425,5068,1233
5426,5249,5229
5427,4722,2034
5428,5380,2068
5429,4991,408
5430,5107,3443
5431,3699,2835
5432,5379,5234
5433,5411,5335
5434,3204,2110
5435,1641,672
5436,5416,5306
5437,5232,2863
5438,2657,1728
5439,5183,3635
5440,5298,2033
5441,5292,5121
5442,5181,3011
5443,4947,4792
5444,2167,39
5445,3471,3351
5446,3880,3334
5447,2156,1774
5448,5230,1451
5449,3135,2125
5450,5364,5297
5451,4825,180
5452,3579,1155
5453,2346,2020
5454,5436,562
5455,5433,1786
5456,3750,2042
5457,3851,8
5458,5333,2669
5459,846,685
5460,4748,3151
5461,2364,966
5462,5351,5290
5463,5396,5384
5464,5415,5326
5465,2739,1549
5466,5455,5243
5467,5454,734
5468,5398,1305
5469,4811,691
5470,5467,1152
5471,5091,499
5472,5466,2094
5473,5361,3480
5474,5196,3917
5475,5245,4978
5476,1431,701
5477,5472,5159
5478,3621,3168
5479,4834,1820
5480,5477,936
5481,5254,5219
5482,924,719
5483,5022,2226
5484,5321,5266
5485,5363,5090
5486,5240,3439
5487,3951,3604
5488,5468,5163
5489,5470,2726
5490,2357,2245
5491,2312,943
5492,3515,1556
5493,5173,2533
5494,1362,692
5495,5356,1995
5496,3992,3277
5497,5372,1862
5498,1780,1118
5499,5115,1942
5500,3881,1658
5501,5426,878
5502,5340,5320
5503,5488,874
5504,5099,92
5505,3130,228
5506,2973,1855
5507,4918,983
5508,2087,1019
5509,2872,1963
5510,5220,4910
5511,3829,336
5512,5211,166
5513,2303,1048
5514,5354,1872
5515,5424,2600
5516,2960,1145
5517,3367,1182
5518,5480,5432
5519,480,201
5520,5375,2629
5521,4953,2046
5522,5401,3747
5523,5280,3050
5524,5418,81
5525,5352,5023
5526,5337,1903
5527,2787,1521
5528,5489,5264
5529,1690,1267
5530,5464,3645
5531,5267,576
5532,5481,1592
5533,3291,3206
5534,5353,977
5535,3102,2496
5536,3014,2045
5537,5322,2858
5538,1957,1459
5539,5528,5360
5540,5518,761
5541,2577,2223
5542,5269,4957
5543,2644,2237
5544,2535,2040
5545,5413,2265
5546,5108,1934
5547,5540,553
5548,5530,5089
5549,2544,448
5550,5224,859
5551,5199,422
5552,5547,669
5553,2459,1199
5554,5407,2409
5555,5448,5355
5556,1628,1151
5557,5539,5456
5558,214,164
5559,5291,1470
5560,5417,5403
5561,5552,5495
5562,5122,5081
5563,5301,3667
5564,5294,3754
5565,5336,856
5566,3475,3150
5567,2979,2802
5568,2050,1966
5569,5388,2941
5570,5387,2561
5571,2682,2429
5572,5238,5031
5573,5537,3774
5574,1783,1442
5575,2095,1756
5576,5067,3230
5577,5459,5296
5578,5207,193
5579,5557,3431
5580,5435,1492
5581,5503,5484
5582,1309,1221
5583,5268,224
5584,5385,5270
5585,5584,4732
5586,5192,1314
5587,5376,5226
5588,5329,1449
5589,5548,3841
5590,5055,1582
5591,3771,2921
5592,3398,3308
5593,3044,3042
5594,4881,126
5595,3190,1136
5596,5521,2093
5597,5318,3233
5598,1160,748
5599,5397,3288
5600,1609,1558
5601,2197,1298
5602,5579,740
5603,5589,5180
5604,5216,955
5605,2636,1922
5606,5357,3727
5607,5602,5531
5608,5018,145
5609,3704,3386
5610,5274,3613
5611,5524,5339
5612,5545,5113
5613,2190,217
5614,1545,1166
5615,5430,2036
5616,5607,1945
5617,5262,2690
5618,2505,1596
5619,3543,1428
5620,5368,5324
5621,5603,78
5622,5463,1671
5623,5561,5441
5624,5507,5276
5625,5616,3776
5626,5315,1983
5627,5475,5250
5628,5625,3839
5629,4817,554
5630,2833,2221
5631,5522,913
5632,3484,2700
5633,5476,2957
5634,342,80
5635,2994,1743
5636,729,656
5637,5628,5439
5638,5621,5200
5639,5526,5474
5640,3080,2280
5641,5382,2404
5642,5554,2206
5643,5560,866
5644,5255,2868
5645,3133,3114
5646,5209,3578
5647,5425,1215
5648,471,211
5649,5520,3458
5650,5206,5165
5651,5493,5365
5652,5517,3662
5653,5282,3037
5654,5581,5178
5655,5275,3923
5656,5640,5482
5657,5573,5428
5658,5637,1468
5659,373,177
5660,5469,3703
5661,5450,2871
5662,1226,850
5663,5383,4960
5664,5623,5504
5665,5638,5167
5666,5565,5485
5667,5198,430
5668,2899,241
5669,5631,5497
5670,2513,1310
5671,5658,814
5672,5664,715
5673,1939,1936
5674,5458,548
5675,5479,5272
5676,2920,2441
5677,5587,5103
5678,3987,2597
5679,464,54
5680,4875,3032
5681,1766,988
5682,5665,5542
5683,5569,5501
5684,5008,335
5685,5261,2187
5686,3924,643
5687,5440,1185
5688,2851,1453
5689,5672,3405
5690,5427,2969
5691,2166,2069
5692,5394,1745
5693,5671,1901
5694,5643,808
5695,5693,1908
5696,5006,249
5697,1371,459
5698,5649,902
5699,5695,5666
5700,5236,3725
5701,3889,745
5702,5473,1059
5703,5622,2925
5704,3890,1599
5705,5532,5462
5706,5689,1964
5707,5287,2394
5708,3264,2651
5709,1669,1249
5710,5606,3941
5711,5698,503
5712,5359,5101
5713,5499,2369
5714,456,32
5715,2155,523
5716,2084,777
5717,5420,1243
5718,5706,3658
5719,5654,5410
5720,4990,2529
5721,3147,2537
5722,1407,1192
5723,5639,1741
5724,5408,5390
5725,5674,1325
5726,5402,2318
5727,2642,2552
5728,3274,1762
5729,5642,5251
5730,5718,5577
5731,5611,5502
5732,5500,2186
5733,5699,5590
5734,1933,428
5735,5233,3752
5736,5719,2555
5737,1672,93
5738,650,544
5739,3316,2131
5740,5171,1420
5741,2263,594
5742,5422,3740
5743,5598,5570
5744,5656,5580
5745,5514,2270
5746,5513,5447
5747,5452,1788
5748,5733,2241
5749,5559,985
5750,5730,5681
5751,5509,5366
5752,5617,877
5753,5395,454
5754,5750,698
5755,5627,1700
5756,5442,3364
5757,5597,5555
5758,5725,5650
5759,3706,1823
5760,5586,622
5761,5593,269
5762,5754,1363
5763,5483,1576
5764,3701,3612
5765,5327,3903
5766,5663,5494
5767,3263,1011
5768,5762,5705
5769,5346,506
5770,5683,240
5771,5551,66
5772,3983,1616
5773,5646,1173
5774,5748,812
5775,5534,5017
5776,3850,3335
5777,5585,2515
5778,3617,3585
5779,5755,16
5780,5729,5687
5781,5572,2958
5782,5694,542
5783,5538,5317
5784,5332,886
5785,5299,3976
5786,3656,657
5787,5277,2489
5788,3620,559
5789,3993,1003
5790,5399,3863
5791,5655,1980
5792,5496,5208
5793,5669,5644
5794,3143,2583
5795,2349,1854
5796,2253,1287
5797,3508,3107
5798,5768,5711
5799,2935,2874
5800,5682,5305
5801,2109,1912
5802,5736,136
5803,5713,5703
5804,3646,3129
5805,5620,1785
5806,5726,5451
5807,5775,5386
5808,5592,3446
5809,5647,2439
5810,5774,5258
5811,2162,1575
5812,5515,328
5813,2595,704
5814,3262,2889
5815,5135,3476
5816,5600,5574
5817,5512,3077
5818,1779,114
5819,5802,741
5820,5302,3738
5821,5723,474
5822,614,547
5823,5810,599
5824,1972,1715
5825,5742,5510
5826,2828,1875
5827,5823,5599
5828,5478,2062
5829,5798,839
5830,2090,364
5831,1993,1234
5832,3423,3140
5833,1804,1790
5834,5819,5806
5835,1989,888
5836,5562,5344
5837,5800,2799
5838,1588,208
5839,5421,571
5840,5608,1004
5841,5837,5712
5842,5278,3324
5843,3930,1798
5844,3876,2724
5845,5782,2386
5846,5766,1527
5847,1744,1670
5848,5696,113
5849,2992,2601
5850,5437,1064
5851,5744,5743
5852,5845,5827
5853,3524,1759
5854,3533,708
5855,5419,1328
5856,5829,5210
5857,5595,5313
5858,5803,2539
5859,5624,5563
5860,5635,2345
5861,5702,2501
5862,5758,5568
5863,5856,5582
5864,5525,3787
5865,5863,1816
5866,5760,5641
5867,3788,825
5868,5846,957
5869,1907,1789
5870,5265,2083
5871,5770,942
5872,5865,1546
5873,4892,1540
5874,5685,2080
5875,2422,2298
5876,5872,1477
5877,2184,1163
5878,2102,831
5879,5852,735
5880,2445,2175
5881,3226,3075
5882,5506,2811
5883,5389,1024
5884,5876,1496
5885,5868,1668
5886,5030,2980
5887,5491,3847
5888,5884,5752
5889,5613,763
5890,5675,1488
5891,5888,5550
5892,5576,2431
5893,5780,5405
5894,5260,3271
5895,5619,1097
5896,5527,5523
5897,5737,5662
5898,5885,5529
5899,5549,1318
5900,5688,5423
5901,5817,5404
5902,3436,1971
5903,2807,2022
5904,427,345
5905,5492,3186
5906,5858,5749
5907,5793,1654
5908,5809,5691
5909,3266,95
5910,5882,5618
5911,4593,169
5912,5812,5048
5913,5747,1427
5914,5779,5753
5915,5311,3410
5916,5879,2011
5917,492,110
5918,5867,5449
5919,5567,5281
5920,5841,1716
5921,5839,5716
5922,5498,2483
5923,5541,758
5924,5891,5304
5925,5286,3962
5926,5429,5106
5927,3379,102
5928,1369,352
5929,3716,1997
5930,2106,29
5931,3878,1520
5932,5751,1982
5933,2440,1639
5934,5862,2295
5935,5722,1078
5936,5920,5564
5937,2460,2250
5938,5924,5907
5939,5916,1808
5940,5745,5626
5941,5915,2721
5942,5791,5731
5943,5939,3813
5944,5783,5578
5945,1829,1484
5946,3700,1682
5947,5465,3580
5948,5834,5715
5949,5943,5596
5950,5757,2413
5951,1722,802
5952,5629,567
5953,147,63
5954,123,23
5955,5309,2289
5956,5377,1380
5957,5871,5673
5958,4642,2782
5959,5949,1889
5960,5896,5821
5961,5833,1864
5962,5959,5769
5963,5934,1938
5964,5777,3134
5965,5724,5661
5966,5653,3338
5967,5864,3981
5968,5805,546
5969,5898,2654
5970,5906,5851
5971,2908,1684
5972,5453,1331
5973,5938,5735
5974,305,162
5975,5962,5866
5976,5295,1803
5977,1817,1623
5978,2211,1317
5979,5963,5588
5980,5461,1570
5981,3956,3584
5982,5857,76
5983,1479,538
5984,5692,5486
5985,5975,2620
5986,5434,3975
5987,5446,613
5988,5746,3687
5989,3842,3408
5990,5861,5850
5991,3501,1711
5992,5950,5443
5993,5985,2449
5994,5993,2018
5995,5374,1689
5996,5677,5114
5997,1147,1065
5998,2426,1636
5999,5973,1007
6000,5680,293
6001,5508,640
6002,5740,5717
6003,3247,2664
6004,5670,2171
6005,5690,3424
6006,5999,590
6007,432,21
6008,5720,1225
6009,5914,443
6010,5544,3278
6011,3466,3076
6012,2500,141
6013,5601,1685
6014,6006,1752
6015,2805,326
6016,5707,1026
6017,5994,2605
6018,2997,1352
6019,5252,2224
6020,3327,83
6021,5935,5553
6022,2727,2481
6023,5957,5759
6024,6017,3572
6025,5710,469
6026,5807,952
6027,3194,289
6028,5969,5697
6029,5855,2569
6030,5811,5657
6031,5910,900
6032,5996,5610
6033,3341,2623
6034,5948,5799
6035,6024,1374
6036,1241,1088
6037,2901,2525
6038,5979,2964
6039,6014,706
6040,6035,5849
6041,2695,2384
6042,6039,5968
6043,6034,5900
6044,3287,1974
6045,5825,2857
6046,5875,2576
6047,2932,1667
6048,5794,2490
6049,479,195
6050,5533,3328
6051,1921,764
6052,5612,518
6053,2882,2616
6054,5362,99
6055,5936,5859
6056,2410,1806
6057,6038,1174
6058,3426,2203
6059,5511,5409
6060,5967,2701
6061,5818,3282
6062,3911,3216
6063,6042,1161
6064,5940,5763
6065,920,700
6066,3109,2021
6067,5990,1232
6068,5633,225
6069,5952,1326
6070,5732,3493
6071,5970,5761
6072,6063,1781
6073,5947,5660
6074,6055,3148
6075,5921,5700
6076,6040,5738
6077,5946,5615
6078,6009,1474
6079,3636,1564
6080,3195,3149
6081,992,680
6082,5893,3415
6083,6072,5840
6084,6052,3834
6085,1750,1637
6086,6026,1268
6087,1850,1578
6088,5895,1782
6089,3118,2342
6090,5958,5412
6091,216,172
6092,1797,494
6093,3467,3239
6094,4954,1069
6095,1058,209
6096,5820,5792
6097,3454,3163
6098,5614,1525
6099,3640,2950
6100,6074,3520
6101,5908,5860
6102,3368,2563
6103,1412,585
6104,5789,2900
6105,6083,1610
6106,2796,2299
6107,3444,1531
6108,6105,3582
6109,5982,5901
6110,6076,5988
6111,2210,309
6112,3726,522
6113,4937,898
6114,6108,3593
6115,5381,2177
6116,6043,5878
6117,6027,2717
6118,5874,2124
6119,6100,2967
6120,6110,6021
6121,6114,1264
6122,5899,5575
6123,3434,558
6124,1207,766
6125,6028,1099
6126,5965,2027
6127,2976,1404
6128,6121,2954
6129,5942,5765
6130,4428,1360
6131,6084,2249
6132,6128,783
6133,5516,396
6134,5784,2285
6135,5558,895
6136,5659,1294
6137,3848,1943
6138,5961,5842
6139,5873,581
6140,6057,702
6141,6120,1539
6142,3664,1587
6143,2953,989
6144,6062,5678
6145,198,125
6146,6116,1385
6147,6030,2723
6148,6001,539
6149,6141,5741
6150,5964,5887
6151,5835,868
6152,3489,153
6153,6082,5786
6154,5676,1528
6155,5923,5813
6156,5987,5781
6157,6033,3177
6158,5832,1731
6159,5870,5391
6160,6126,2370
6161,6138,5960
6162,3679,623
6163,532,320
6164,3465,3223
6165,6149,6071
6166,5431,399
6167,994,549
6168,3445,3295
6169,6146,2842
6170,5929,5836
6171,6022,5998
6172,6002,873
6173,6140,5704
6174,5460,908
6175,5956,3521
6176,1303,822
6177,5971,3421
6178,5797,3478
6179,5992,1258
6180,6132,1584
6181,3557,1844
6182,5997,1476
6183,3460,2389
6184,2776,2453
6185,5505,3337
6186,5912,3450
6187,6122,889
6188,5223,49
6189,6180,1736
6190,5014,3843
6191,6023,1998
6192,1421,1176
6193,6150,5773
6194,6109,6070
6195,6000,1800
6196,5438,2052
6197,6165,2946
6198,6189,6173
6199,1307,667
6200,5980,3607
6201,5771,1719
6202,5283,3139
6203,5932,2358
6204,3605,3552
6205,5651,5630
6206,6169,5919
6207,6197,660
6208,301,288
6209,2115,724
6210,6029,801
6211,5785,2117
6212,6088,6064
6213,6013,2968
6214,6119,1227
6215,6214,799
6216,5583,140
6217,5804,3556
6218,5721,1077
6219,5824,2972
6220,6077,1805
6221,6179,6018
6222,5848,2740
6223,5756,3685
6224,5604,2983
6225,3267,2585
6226,5854,3912
6227,5986,896
6228,6207,842
6229,6215,752
6230,6191,3519
6231,5652,1074
6232,5913,5897
6233,6008,830
6234,6147,1633
6235,2421,276
6236,6124,731
6237,5928,1100
6238,6229,3973
6239,5828,5772
6240,2428,1702
6241,5795,1005
6242,6125,2912
6243,5594,1231
6244,5546,445
6245,6198,5933
6246,6129,3647
6247,6131,5978
6248,6206,2322
6249,6078,330
6250,5709,1387
6251,5847,1895
6252,6230,6228
6253,2850,2024
6254,3879,1355
6255,6238,5814
6256,5490,1012
6257,5347,1197
6258,6231,820
6259,6246,6067
6260,6004,2201
6261,6153,918
6262,2290,607
6263,5918,1541
6264,1289,414
6265,2239,1148
6266,6255,6073
6267,6096,3272
6268,1130,841
6269,6135,5955
6270,2736,2663
6271,5890,5457
6272,5708,5414
6273,6050,2588
6274,5883,1663
6275,6245,6212
6276,3637,2915
6277,2744,709
6278,6025,5926
6279,2216,537
6280,2728,1378
6281,6252,1411
6282,6086,5951
6283,6281,804
6284,5444,1106
6285,6266,631
6286,6221,6111
6287,3844,2
6288,5727,1880
6289,6242,1080
6290,6019,5767
6291,1703,818
6292,6275,683
6293,6075,711
6294,2755,811
6295,6186,6144
6296,6157,5445
6297,3240,3181
6298,932,183
6299,1336,1190
6300,282,127
6301,6159,3676
6302,6248,1278
6303,6285,3592
6304,6257,3249
6305,6283,2649
6306,5972,564
6307,6234,5880
6308,6305,6155
6309,5816,2772
6310,6303,2859
6311,6302,775
6312,6311,6249
6313,5894,1695
6314,6079,1595
6315,3684,819
6316,2820,744
6317,6081,6065
6318,6310,1653
6319,5944,226
6320,2172,315
6321,2589,627
6322,6156,3888
6323,2101,1000
6324,5889,1373
6325,3808,2479
6326,6308,1920
6327,5679,5667
6328,5591,2227
6329,2931,2538
6330,6261,5701
6331,6160,2236
6332,295,69
6333,6326,2927
6334,6333,6289
6335,6247,1644
6336,1981,1718
6337,2658,2578
6338,5350,271
6339,2076,1277
6340,6292,6031
6341,2065,1847
6342,2355,1447
6343,1482,970
6344,6101,561
6345,5922,1801
6346,3355,3059
6347,3026,2660
6348,3883,1799
6349,6318,5636
6350,6227,749
6351,6286,6032
6352,6202,6093
6353,5838,3096
6354,5917,1985
6355,3749,2708
6356,6226,5892
6357,6195,5976
6358,6003,526
6359,3853,3012
6360,6330,2268
6361,159,36
6362,6340,6047
6363,5788,5571
6364,6349,3576
6365,6263,6240
6366,1554,768
6367,6334,5831
6368,6161,2609
6369,6362,5903
6370,6331,1612
6371,3008,2123
6372,6059,6005
6373,6068,3748
6374,5826,85
6375,6369,2433
6376,6367,6344
6377,1500,381
6378,6368,3105
6379,6375,6321
6380,1526,925
6381,6379,5945
6382,1344,845
6383,5984,5981
6384,5853,3551
6385,3325,2831
6386,6312,688
6387,6376,6268
6388,6386,5953
6389,6350,1538
6390,6381,1203
6391,1724,795
6392,5966,1597
6393,6170,5927
6394,6313,3570
6395,3587,3534
6396,6184,5668
6397,6390,6143
6398,6388,6260
6399,5995,2424
6400,5905,128
6401,1142,1055
6402,6211,6061
6403,6210,6012
6404,5941,3145
6405,6397,899
6406,3358,2028
6407,6301,6203
6408,6405,792
6409,6201,6188
6410,6060,2219
6411,6134,5877
6412,6387,6051
6413,6089,1514
6414,6172,5904
6415,2770,1958
6416,6139,1341
6417,5931,5605
6418,6364,5739
6419,6133,2773
6420,6196,1092
6421,6222,2612
6422,6335,5925
6423,6412,2579
6424,6408,1364
6425,3157,1760
6426,6314,6307
6427,6423,1822
6428,6123,5734
6429,355,173
6430,6427,2013
6431,6398,851
6432,2304,664
6433,6205,6107
6434,3934,1475
6435,6223,1931
6436,5796,2809
6437,6430,6351
6438,6267,673
6439,6424,730
6440,6418,6393
6441,6439,511
6442,6190,3116
6443,6422,828
6444,6378,1853
6445,6199,619
6446,6216,5684
6447,6414,5556
6448,6269,2904
6449,2055,1169
6450,6360,6316
6451,6276,6053
6452,3891,1962
6453,1038,760
6454,6437,1884
6455,6193,3315
6456,5843,2693
6457,6347,3363
6458,2618,2037
6459,6450,1871
6460,6095,3988
6461,6441,5714
6462,6090,378
6463,6087,3156
6464,2524,372
6465,5787,881
6466,6232,2951
6467,6426,6256
6468,6384,2381
6469,6328,620
6470,2484,26
6471,6454,857
6472,2893,2655
6473,6461,759
6474,2689,2373
6475,6473,6421
6476,1662,482
6477,6194,6171
6478,6322,6136
6479,6354,6045
6480,6259,6175
6481,3482,3349
6482,6284,6137
6483,6471,6187
6484,6219,2016
6485,6389,1200
6486,5991,3861
6487,5776,2779
6488,3845,747
6489,1031,937
6490,6319,1627
6491,6154,2200
6492,2277,1110
6493,6236,767
6494,6365,1723
6495,6295,2003
6496,6080,5241
6497,6200,1680
6498,5686,1664
6499,6338,2734
6500,6475,2235
6501,6403,6148
6502,6391,1726
6503,6048,3823
6504,3938,262
6505,3072,721
6506,6483,1547
6507,6444,6288
6508,6204,5930
6509,5808,5259
6510,6182,6020
6511,6431,969
6512,6500,520
6513,6459,1918
6514,6044,2398
6515,1405,813
6516,6104,6016
6517,1935,1485
6518,5911,250
6519,6506,3513
6520,6278,3979
6521,6520,324
6522,6512,6151
6523,6370,3317
6524,2271,1121
6525,6317,882
6526,6443,1245
6527,2153,637
6528,5886,1205
6529,6480,2763
6530,6440,6438
6531,6522,1899
6532,6282,1738
6533,6455,1196
6534,5983,615
6535,6519,6324
6536,1448,1235
6537,6241,2804
6538,6531,6416
6539,2730,773
6540,6511,6448
6541,6220,2924
6542,6163,1555
6543,1261,630
6544,6094,3512
6545,3422,678
6546,6410,3414
6547,6270,1440
6548,6271,1178
6549,3980,533
6550,6535,6485
6551,3430,1717
6552,2475,105
6553,6525,6420
6554,6526,1490
6555,6265,3507
6556,6538,3609
6557,6250,603
6558,6254,927
6559,6550,6325
6560,2674,2604
6561,6559,6513
6562,6373,1356
6563,6495,6477
6564,6556,905
6565,6382,6127
6566,6540,1975
6567,6564,6532
6568,6323,6167
6569,2292,699
6570,6327,3344
6571,6530,2100
6572,6218,3420
6573,5801,3867
6574,3320,997
6575,6287,1955
6576,5822,2272
6577,2400,2194
6578,6395,6037
6579,6571,3893
6580,5519,1509
6581,2784,1343
6582,6523,2834
6583,6176,3242
6584,6567,6181
6585,6533,2875
6586,6306,2892
6587,1621,707
6588,6507,6056
6589,6561,1053
6590,6433,6309
6591,6584,670
6592,6579,3677
6593,3040,486
6594,6566,2333
6595,6299,1240
6596,6213,6046
6597,6474,6342
6598,6542,926
6599,6345,6290
6600,6112,2830
6601,5778,3253
6602,3451,356
6603,6589,6460
6604,6603,893
6605,6591,1727
6606,6224,244
6607,6115,1978
6608,6383,3870
6609,6085,1909
6610,6478,6343
6611,5487,3577
6612,5105,4999
6613,6529,6183
6614,2038,560
6615,6374,5609
6616,6496,5632
6617,6357,4790
6618,6605,6594
6619,6604,3302
6620,6054,3176
6621,3106,362
6622,6329,2949
6623,6456,6419
6624,6442,1956
6625,6432,2154
6626,6592,6209
6627,6619,3564
6628,6237,1271
6629,2288,645
6630,3603,340
6631,6274,3758
6632,6469,6113
6633,6627,6336
6634,2764,574
6635,6262,6130
6636,2704,867
6637,6293,2293
6638,2113,1699
6639,6595,6407
6640,6069,5253
6641,6546,5937
6642,2053,1954
6643,6401,2956
6644,3381,1248
6645,6626,1300
6646,2173,1089
6647,6273,1047
6648,6277,3142
6649,6618,6174
6650,1001,514
6651,3245,3028
6652,5370,3713
6653,6479,6355
6654,6633,6588
6655,6563,2334
6656,6356,6253
6657,6613,6341
6658,6585,2212
6659,6272,3486
6660,6466,2813
6661,6392,2715
6662,6258,648
6663,405,338
6664,3939,3583
6665,2855,608
6666,912,595
6667,6098,45
6668,6528,90
6669,6458,6010
6670,6503,6436
6671,5902,1255
6672,5543,417
6673,6467,2614
6674,6394,6352
6675,6582,6554
6676,6510,2442
6677,6449,2435
6678,6615,6508
6679,6649,2198
6680,6337,2684
6681,6645,914
6682,6681,6380
6683,6291,1512
6684,6654,6569
6685,6015,5064
6686,6358,2984
6687,2427,2001
6688,6548,6217
6689,6657,6158
6690,6091,3
6691,6192,2987
6692,6541,2447
6693,6465,2208
6694,6682,6501
6695,1339,40
6696,5830,3188
6697,6544,3138
6698,2261,1882
6699,3916,100
6700,6396,6106
6701,6363,3528
6702,6400,1071
6703,6673,6597
6704,6684,3933
6705,6635,1915
6706,2012,1462
6707,6704,634
6708,6490,6244
6709,6707,2630
6710,6679,6493
6711,6608,6499
6712,3498,2347
6713,6462,844
6714,3352,684
6715,6494,2491
6716,3463,1688
6717,6637,6537
6718,6709,1469
6719,6718,965
6720,6710,6445
6721,6719,6492
6722,6320,2014
6723,6404,3693
6724,6553,1260
6725,6425,264
6726,2653,1465
6727,6647,1732
6728,6721,6415
6729,6610,384
6730,6665,6402
6731,960,887
6732,2696,1807
6733,1879,374
6734,6728,6502
6735,6720,6399
6736,6734,6235
6737,3388,2283
6738,3371,823
6739,6724,618
6740,5648,485
6741,1999,946
6742,6735,1015
6743,6736,2791
6744,1036,375
6745,6599,6570
6746,3207,3144
6747,6655,6504
6748,6463,2801
6749,2397,2002
6750,6743,1770
6751,6675,2553
6752,6653,6446
6753,6694,6644
6754,6753,3503
6755,6691,2814
6756,6339,2402
6757,6641,5909
6758,6750,6527
6759,6497,6488
6760,6658,5977
6761,5536,3477
6762,6758,769
6763,6639,6539
6764,6751,2545
6765,1902,5
6766,6162,723
6767,6623,6377
6768,6609,1629
6769,6518,484
6770,2325,2225
6771,6754,2179
6772,3330,1583
6773,6547,2540
6774,6729,6601
6775,6762,6624
6776,2873,2128
6777,6516,1139
6778,6353,2703
6779,6775,974
6780,6612,265
6781,6779,551
6782,3280,2049
6783,5314,934
6784,6534,2762
6785,6662,666
6786,6763,671
6787,2959,2940
6788,6565,1593
6789,2257,1640
6790,6677,431
6791,5392,27
6792,472,206
6793,2591,394
6794,3092,727
6795,6781,6650
6796,6670,6152
6797,6689,6411
6798,6580,6562
6799,6771,703
6800,6795,6628
6801,3690,2808
6802,6517,6348
6803,5989,1550
6804,6177,1284
6805,6799,1765
6806,6800,6598
6807,6092,649
6808,6596,2624
6809,6617,3627
6810,3065,2359
6811,6806,2119
6812,6625,1996
6813,2790,827
6814,6805,1273
6815,2617,1143
6816,2870,1751
6817,2451,1773
6818,2448,999
6819,2161,829
6820,6811,2981
6821,6814,6656
6822,2159,855
6823,6739,6484
6824,6764,6583
6825,6747,6590
6826,6820,580
6827,5790,5764
6828,6509,3060
6829,6703,536
6830,6700,6586
6831,6632,6514
6832,1043,515
6833,6233,6164
6834,2196,1687
6835,3425,3250
6836,6572,2948
6837,6715,6464
6838,6821,2735
6839,6759,6742
6840,6208,19
6841,6371,3411
6842,6453,679
6843,6692,2627
6844,6304,1506
6845,3569,2077
6846,3968,1081
6847,6498,6468
6848,2586,2498
6849,6823,1270
6850,6279,2571
6851,6838,2999
6852,863,675
6853,6826,6482
6854,6829,6786
6855,6560,6417
6856,1491,1486
6857,2865,2562
6858,2122,1228
6859,3089,737
6860,6688,1056
6861,6251,1849
6862,6853,1960
6863,2838,2132
6864,6862,6812
6865,3281,3237
6866,6714,6243
6867,2884,738
6868,6864,3793
6869,6640,1929
6870,2939,1246
6871,3362,1725
6872,6752,6142
6873,6868,6802
6874,6839,6661
6875,6809,6701
6876,6873,3565
6877,6851,653
6878,6824,1458
6879,6435,5645
6880,6622,3737
6881,6607,1153
6882,6660,1112
6883,6676,6669
6884,6876,6549
6885,2840,2305
6886,6683,6631
6887,6884,810
6888,6874,6298
6889,6667,6099
6890,6409,2697
6891,3807,1683
6892,2067,1524
6893,3326,2399
6894,6877,6711
6895,6118,1483
6896,2048,958
6897,2824,2769
6898,6103,2482
6899,6505,981
6900,6798,6491
6901,6760,6239
6902,6888,6447
6903,6797,6785
6904,6476,1874
6905,6790,2267
6906,6887,1124
6907,1970,1618
6908,2622,35
6909,907,884
6910,3343,1617
6911,6693,2242
6912,6878,552
6913,6842,1887
6914,6406,2205
6915,6902,557
6916,3997,1553
6917,6906,3757
6918,6102,2765
6919,6917,713
6920,6854,6428
6921,6745,1843
6922,894,531
6923,391,323
6924,6587,6557
6925,6568,3333
6926,6919,1057
6927,2262,2209
6928,6926,931
6929,2741,573
6930,5342,487
6931,6915,1135
6932,6737,919
6933,6166,806
6934,6931,809
6935,3553,3124
6936,6801,6687
6937,6928,1861
6938,6934,509
6939,6886,2966
6940,771,284
6941,6808,6489
6942,6938,6716
6943,6920,6524
6944,6894,2862
6945,6942,2839
6946,6937,2548
6947,1896,1713
6948,6717,6648
6949,6946,1138
6950,2963,1335
6951,6828,6697
6952,6949,6636
6953,6860,6372
6954,6646,3491
6955,6620,2869
6956,6833,617
6957,6869,948
6958,6952,6885
6959,6945,478
6960,6879,3175
6961,6831,6772
6962,6903,6581
6963,3301,1846
6964,6774,5954
6965,6958,1650
6966,5471,3453
6967,6912,6555
6968,6965,6819
6969,6968,6944
6970,6959,786
6971,6606,6434
6972,6792,230
6973,6767,6686
6974,2396,971
6975,6796,3545
6976,6666,6185
6977,6690,366
6978,6970,875
6979,6855,2977
6980,6804,5844
6981,6837,6749
6982,6978,521
6983,1977,1392
6984,6982,6922
6985,6841,6836
6986,6827,3857
6987,6875,6730
6988,6361,6049
6989,6951,6315
6990,6726,2377
6991,5728,3688
6992,6962,6723
6993,6943,6638
6994,6901,6576
6995,3200,2631
6996,6521,2725
6997,2229,1988
6998,6768,1632
6999,1010,638
7000,6807,6777
7001,6007,1992
7002,6643,6264
7003,6825,1873
7004,6789,6481
7005,6984,951
7006,7005,2971
7007,6967,6936
7008,689,131
7009,6844,757
7010,3714,3390
7011,6145,488
7012,6578,1910
7013,6616,6593
7014,7007,6849
7015,2748,2603
7016,6992,2195
7017,6948,1987
7018,7006,6924
7019,6757,188
7020,6882,6756
7021,2766,1836
7022,6776,1775
7023,6551,2437
7024,6941,2316
7025,7018,2556
7026,3804,3608
7027,6957,1171
7028,6788,6668
7029,6611,834
7030,6895,2650
7031,7016,6731
7032,6280,2930
7033,6840,163
7034,7025,6487
7035,3199,3000
7036,6911,2914
7037,6664,1254
7038,6773,2506
7039,6545,1767
7040,7003,939
7041,7034,6900
7042,6787,6097
7043,2982,1937
7044,6702,1406
7045,6921,6883
7046,3840,404
7047,6933,3766
7048,6870,2648
7049,6881,2913
7050,7040,6993
7051,2887,1753
7052,6927,6843
7053,6713,2937
7054,483,98
7055,7017,6859
7056,6981,6969
7057,6651,5535
7058,6996,2902
7059,6890,5869
7060,6755,6543
7061,6953,6552
7062,6472,385
7063,6652,2575
7064,6766,2975
7065,2336,2121
7066,6486,1330
7067,359,235
7068,6722,2783
7069,6865,6346
7070,6117,2407
7071,6634,1162
7072,7056,964
7073,7041,642
7074,7073,6830
7075,6979,2794
7076,2330,2217
7077,6659,6515
7078,6961,1063
7079,3490,2004
7080,7014,1397
7081,903,891
7082,6678,2659
7083,6867,2066
7084,1049,693
7085,6674,5881
7086,2598,945
7087,2000,625
7088,7031,1812
7089,6973,6733
7090,6698,2043
7091,6925,696
7092,7075,6880
7093,5974,458
7094,6850,6732
7095,6705,6225
7096,6058,5815
7097,7074,652
7098,7097,7027
7099,6413,2916
7100,1157,976
7101,6980,3053
7102,6822,720
7103,7024,6998
7104,7009,6041
7105,6558,3864
7106,6385,2468
7107,959,956
7108,885,597
7109,7055,2777
7110,6778,1413
7111,7088,6727
7112,3473,349
7113,6930,6909
7114,816,174
7115,7080,1208
7116,7098,6784
7117,6748,3957
7118,1332,967
7119,6964,3906
7120,7052,6366
7121,6672,2718
7122,1733,616
7123,7072,1900
7124,7116,535
7125,6910,2919
7126,6708,5634
7127,7092,6872
7128,2307,2275
7129,7115,681
7130,3097,1172
7131,7123,7012
7132,2531,1949
7133,7124,6834
7134,3284,2246
7135,6856,6741
7136,7133,591
7137,7019,6810
7138,1045,455
7139,3969,646
7140,7136,853
7141,221,82
7142,3370,3091
7143,7140,3001
7144,6898,6451
7145,3518,2026
7146,6913,2521
7147,6848,661
7148,7111,7039
7149,6976,6296
7150,7131,7033
7151,7109,6858
7152,2341,2151
7153,6699,6663
7154,6975,1712
7155,7091,7020
7156,7150,7094
7157,3573,1432
7158,7038,6905
7159,7143,2230
7160,7119,7054
7161,7148,2005
7162,6994,6452
7163,6780,6066
7164,1495,1301
7165,3461,2499
7166,3120,2675
7167,7077,6671
7168,7120,2025
7169,2158,14
7170,7156,7004
7171,7058,3723
7172,2817,1947
7173,6971,6178
7174,6685,6036
7175,7044,2754
7176,3623,3595
7177,7099,6954
7178,7161,7118
7179,6960,826
7180,6987,6947
7181,7053,2797
7182,7045,1517
7183,7107,6939
7184,6892,6470
7185,6988,222
7186,7178,7108
7187,7129,7103
7188,6696,1659
7189,7170,2667
7190,7168,6783
7191,7159,7158
7192,7191,6846
7193,2558,2063
7194,1501,242
7195,6621,922
7196,7189,2795
7197,6861,1948
7198,2471,998
7199,6630,181
7200,7192,1673
7201,6963,3915
7202,7196,633
7203,7202,854
7204,6989,6966
7205,6897,1867
7206,7154,780
7207,7171,3535
7208,7186,7105
7209,7208,7203
7210,7180,7029
7211,7200,3798
7212,7187,6908
7213,6011,1276
7214,7064,6600
7215,7211,697
7216,7215,7084
7217,7071,2320
7218,7101,5566
7219,6695,1444
7220,7137,2382
7221,7216,6457
7222,3816,2092
7223,6794,1608
7224,2519,1252
7225,182,11
7226,7030,463
7227,3789,2698
7228,1418,921
7229,7059,6332
7230,2639,2182
7231,7179,3589
7232,6294,1851
7233,7221,3558
7234,7068,2029
7235,7233,1792
7236,6972,329
7237,6845,2568
7238,7235,7212
7239,6914,6896
7240,7110,7096
7241,447,48
7242,7198,1905
7243,1865,1102
7244,6985,1105
7245,7209,6740
7246,7078,7050
7247,7220,3833
7248,6614,628
7249,7160,636
7250,3241,1630
7251,7245,519
7252,7251,530
7253,7226,7089
7254,7252,7036
7255,7206,7182
7256,2532,2526
7257,6891,3660
7258,6866,3990
7259,7149,1401
7260,7204,7162
7261,7047,6818
7262,7085,7013
7263,7254,2452
7264,6918,3112
7265,7082,7042
7266,2291,911
7267,7135,1791
7268,6929,3406
7269,6995,6852
7270,3641,1399
7271,7121,2204
7272,2611,2560
7273,3784,1940
7274,7263,7249
7275,7194,7126
7276,7155,1443
7277,7238,807
7278,7277,7172
7279,7173,311
7280,3732,575
7281,3166,3005
7282,6832,1202
7283,7181,6990
7284,6791,158
7285,7028,3541
7286,6744,654
7287,7261,6712
7288,7095,682
7289,7139,6577
7290,6769,1848
7291,3034,2786
7292,6359,3537
7293,6907,6847
7294,7274,6916
7295,7255,7002
7296,7294,1259
7297,7081,6857
7298,7100,7022
7299,7296,1212
7300,7299,2610
7301,6573,3673
7302,7278,663
7303,7210,6816
7304,6932,3485
7305,7144,6803
7306,2822,65
7307,7302,1604
7308,7307,7183
7309,7175,7147
7310,7102,2793
7311,7190,6935
7312,7000,2694
7313,7300,2114
7314,7313,7282
7315,1366,1262
7316,6813,2692
7317,7314,817
7318,7169,1025
7319,3680,3546
7320,1911,1290
7321,7122,774
7322,7317,7303
7323,6602,2672
7324,2775,1755
7325,6765,1893
7326,7308,3830
7327,7326,2803
7328,7015,1930
7329,7260,7037
7330,7322,7288
7331,7057,869
7332,7327,961
7333,7237,996
7334,3644,1383
7335,7332,570
7336,7335,7267
7337,7063,1635
7338,1419,568
7339,7127,6955
7340,6835,2350
7341,6680,2722
7342,7222,7066
7343,7008,6889
7344,1573,1533
7345,725,641
7346,7330,1416
7347,7166,2894
7348,2647,2527
7349,7346,3027
7350,7247,2668
7351,7246,6899
7352,7336,3525
7353,7352,3815
7354,7188,3965
7355,7349,7201
7356,7051,2469
7357,7276,7268
7358,7199,7195
7359,7355,2419
7360,7359,2574
7361,7240,1990
7362,7207,3733
7363,6575,3455
7364,7357,7297
7365,7353,2474
7366,7365,2554
7367,7360,7177
7368,755,294
7369,7167,6793
7370,7262,6761
7371,7134,3304
7372,7087,6770
7373,7259,556
7374,1730,245
7375,7366,583
7376,6974,3866
7377,7375,369
7378,7214,968
7379,7273,6893
7380,7305,7048
7381,7377,7151
7382,7257,890
7383,7060,6297
7384,7320,7146
7385,7275,7229
7386,7049,785
7387,7367,883
7388,7185,6642
7389,7387,7295
7390,7011,116
7391,7389,7350
7392,7363,2520
7393,7174,1213
7394,3401,2274
7395,7381,7364
7396,7373,6725
7397,6991,6904
7398,7113,794
7399,7279,2934
7400,7093,7046
7401,7130,2903
7402,7264,6956
7403,7285,7269
7404,7228,376
7405,3045,2528
7406,7253,2581
7407,7391,1837
7408,7407,1467
7409,6863,1720
7410,7117,6997
7411,2089,1103
7412,7001,2846
7413,2549,2178
7414,7378,7368
7415,7069,3214
7416,3113,1944
7417,7258,7230
7418,7351,7086
7419,7266,3946
7420,7395,7272
7421,7406,7112
7422,7287,7283
7423,7311,6536
7424,7197,3167
7425,7329,3790
7426,7132,3516
7427,7408,7239
7428,7420,2425
7429,7428,2747
7430,7242,7157
7431,7310,7145
7432,6738,647
7433,7356,7234
7434,7429,7345
7435,7434,7419
7436,7184,582
7437,7265,1534
7438,7427,835
7439,7438,832
7440,7418,2315
7441,7062,6871
7442,7439,1090
7443,7083,2356
7444,2774,421
7445,7290,18
7446,3152,2733
7447,7440,566
7448,7435,910
7449,7193,2281
7450,7448,674
7451,7442,7328
7452,2719,489
7453,7256,600
7454,7451,7333
7455,6983,239
7456,7070,2031
7457,7163,726
7458,7454,7361
7459,7450,2401
7460,7453,7321
7461,7386,7032
7462,7447,3786
7463,7424,6817
7464,7458,7292
7465,7459,7421
7466,7248,676
7467,7464,2502
7468,3739,2365
7469,7061,6950
7470,7467,1293
7471,1223,1165
7472,3760,3416
7473,3567,611
7474,7347,388
7475,7470,2238
7476,7138,1286
7477,7090,797
7478,7232,7205
7479,7021,3031
7480,7475,6746
7481,7396,7289
7482,7465,7331
7483,7380,3901
7484,7482,7104
7485,6815,1828
7486,437,50
7487,7455,2054
7488,3800,2974
7489,7409,7370
7490,7309,6999
7491,2918,2666
7492,7414,756
7493,7462,7371
7494,3159,2135
7495,7484,2418
7496,7480,569
7497,7495,7398
7498,7496,7369
7499,7481,7142
7500,7497,1140
7501,7500,7243
7502,7114,753
7503,7384,1754
7504,2944,897
7505,7304,3772
7506,7106,7076
7507,7498,7430
7508,2444,516
7509,7423,1794
7510,7501,695
7511,2592,1866
7512,7399,7341
7513,7223,2640
7514,7510,7318
7515,7457,7437
7516,7443,2434
7517,7231,1518
7518,7218,1511
7519,7023,2936
7520,7492,861
7521,7514,733
7522,7298,2843
7523,7507,7460
7524,7415,3066
7525,7509,7493
7526,7358,2517
7527,7523,7404
7528,7521,2619
7529,7413,7312
7530,7527,7483
7531,7469,609
7532,7463,7385
7533,3655,2392
7534,7528,2362
7535,7534,2756
7536,7433,7354
7537,7535,7512
7538,7530,7489
7539,7425,7362
7540,7526,7403
7541,2415,101
7542,7532,1771
7543,7393,2713
7544,7538,7436
7545,7544,732
7546,2876,1480
7547,7537,2986
7548,7545,505
7549,2768,2214
7550,2073,1027
7551,7417,687
7552,7339,2670
7553,7552,1961
7554,2492,852
7555,7547,7506
7556,7445,7141
7557,7555,7503
7558,7517,7301
7559,7499,7244
7560,7337,1869
7561,6629,1296
7562,7165,3678
7563,7557,7542
7564,950,612
7565,7479,7286
7566,7525,1565
7567,577,507
7568,7010,589
7569,2815,2518
7570,7348,7343
7571,7566,770
7572,7548,7474
7573,3219,3119
7574,7572,798
7575,7574,0
7576,7546,6300
7577,7575,2732
7578,3497,1813
7579,7577,3886
7580,2998,2607
7581,7563,543
7582,7553,986
7583,7520,7270
7584,7412,3724
7585,2888,57
7586,7559,3412
7587,7449,7323
7588,7579,644
7589,7581,1696
7590,7588,7338
7591,3935,550
7592,7518,7511
7593,7432,7376
7594,7392,7079
7595,3321,2137
7596,7522,665
7597,7590,3566
7598,7597,7485
7599,1858,1377
7600,7582,7441
7601,7598,7540
7602,3563,3559
7603,3614,3523
7604,7543,1158
7605,7531,7241
7606,7605,3111
7607,1888,525
7608,7589,2058
7609,7608,6923
7610,7505,7431
7611,7583,7466
7612,3586,2922
7613,7571,7280
7614,512,154
7615,7383,7379
7616,7601,632
7617,2473,2180
7618,7494,3999
7619,3468,1256
7620,7616,7570
7621,7564,947
7622,7613,6977
7623,7609,7468
7624,7623,7550
7625,7620,7125
7626,7219,2731
7627,7624,833
7628,3125,120
7629,7224,2699
7630,7625,3252
7631,3783,980
7632,2059,502
7633,7519,840
7634,7488,2645
7635,7627,1070
7636,2818,1652
7637,7630,7516
7638,7637,3568
7639,7638,787
7640,1946,1487
7641,7639,7622
7642,3838,821
7643,7236,7225
7644,7390,7067
7645,7635,7471
7646,7645,1764
7647,7584,3013
7648,7491,7452
7649,7293,2351
7650,7646,1574
7651,7650,7551
7652,7586,7568
7653,7594,7461
7654,7490,7316
7655,7651,7515
7656,7250,3093
7657,7606,7325
7658,2906,2710
7659,7641,7513
7660,6986,3720
7661,7654,450
7662,2041,1123
7663,7472,2516
7664,7593,788
7665,7422,290
7666,7665,7478
7667,7477,7324
7668,7659,1179
7669,3474,3025
7670,7410,7401
7671,7416,7213
7672,6940,3828
7673,7487,3598
7674,7397,3099
7675,7615,7554
7676,7668,7596
7677,7676,2284
7678,7655,321
7679,7678,2758
7680,7679,2628
7681,7026,3562
7682,7632,7043
7683,7680,7648
7684,7600,44
7685,7677,555
7686,7683,7611
7687,7685,2845
7688,7687,1288
7689,7576,7388
7690,7667,2898
7691,7402,7400
7692,7569,7306
7693,7529,7340
7694,7688,7344
7695,7694,3357
7696,7695,621
7697,7560,3597
7698,7663,7661
7699,7558,6168
7700,7456,7315
7701,7692,3179
7702,7696,7599
7703,7587,7444
7704,7602,7291
7705,7504,7342
7706,7666,7629
7707,7686,1698
7708,7707,677
7709,7708,7565
7710,7595,7502
7711,7693,962
7712,7702,7217
7713,7524,3070
7714,7712,7649
7715,7714,1222
7716,7715,7675
7717,7709,7164
7718,7612,7610
7719,7227,2991
7720,7684,7153
7721,7633,7614
7722,7716,7673
7723,7372,978
7724,7717,1060
7725,7591,1198
7726,7722,1115
7727,7674,7035
7728,7726,7618
7729,7728,7476
7730,7724,690
7731,7508,2852
7732,7730,584
7733,7657,7065
7734,7733,7405
7735,7732,7626
7736,6706,6429
7737,7706,7644
7738,7691,7271
7739,7631,308
7740,7699,3759
7741,7729,2321
7742,7562,7394
7743,2191,1898
7744,7705,7176
7745,7741,7334
7746,991,592
7747,3659,1229
7748,7745,2126
7749,7748,3718
7750,7749,7718
7751,7750,2488
7752,7720,1607
7753,7751,7636
7754,7642,7621
7755,4909,60
7756,7128,578
7757,7592,7578
7758,7753,1735
7759,7734,277
7760,7689,121
7761,7758,941
7762,7761,7561
7763,7735,953
7764,7763,2923
7765,7764,7701
7766,7698,2890
7767,7762,7426
7768,7549,2789
7769,7765,782
7770,7652,2613
7771,7769,2709
7772,7771,7760
7773,3955,2879
7774,7713,2606
7775,7772,7754
7776,7767,2044
7777,7776,7752
7778,7775,1086
7779,2806,2504
7780,7759,7533
7781,2142,132
7782,7766,668
7783,7770,3268
7784,847,596
7785,7773,7740
7786,7777,871
7787,7786,2163
7788,7787,7634
7789,7788,858
7790,7617,1302
7791,6782,3731
7792,7704,1830
7793,7747,7719
7794,7789,7607
7795,7794,2144
7796,7738,1809
7797,7795,7382
7798,7536,870
7799,7778,2596
7800,7799,2140
7801,7800,7682
7802,2702,2231
7803,7797,7619
7804,7803,7721
7805,7804,7737
7806,7573,3361
7807,7671,7658
7808,7780,3741
7809,7783,7664
7810,7801,2752
7811,7810,386
7812,7805,7723
7813,7812,3963
7814,7813,2780
7815,7814,7743
7816,7811,7790
7817,7816,1438
7818,7817,7710
7819,3796,973
7820,7815,3652
7821,7818,7662
7822,7821,7820
7823,7541,7539
7824,7823,3809
7825,7824,7727
7826,7785,7697
7827,3196,1842
7828,7604,2905
7829,7768,7703
7830,7556,3942
7831,2942,2737
7832,7711,2017
7833,2541,22
7834,7796,7628
7835,3936,2032
7836,7782,7473
7837,1769,1389
7838,7826,7825
7839,3779,2985
7840,7647,7411
7841,7798,2989
7842,7690,3862
7843,7822,7725
7844,7832,7640
7845,7152,1969
7846,3794,3067
7847,7755,379
7848,7841,1436
7849,7809,7567
7850,7829,2749
7851,7653,1522
7852,7843,3810
7853,7852,7774
7854,7853,3994
7855,1705,156
7856,7808,462
7857,7856,864
7858,7857,1845
7859,7850,7836
7860,7851,7670
7861,7858,7744
7862,7585,2681
7863,7446,7374
7864,3174,954
7865,7828,7793
7866,7854,7731
7867,7866,938
7868,7867,7779
7869,7862,7848
7870,7839,7756
7871,7742,1236
7872,7819,7781
7873,7849,7840
7874,3872,1519
7875,7834,7757
7876,3353,247
7877,7868,7842
7878,7877,7784
7879,7878,7486
7880,3937,267
7881,7281,2061
7882,7860,718
7883,7879,3654
7884,7883,3542
7885,7884,7859
7886,7885,7869
7887,7603,2800
7888,7844,7802
7889,7861,7792
7890,3323,3217
7891,2909,754
7892,7886,3548
7893,7892,1455
7894,7893,7871
7895,7838,7746
7896,7894,1023
7897,3692,2706
7898,7896,7736
7899,7898,563
7900,7899,7897
7901,7900,7865
7902,7806,728
7903,7846,3765
7904,7901,7643
7905,7904,402
7906,7830,7681
7907,3511,2587
7908,7873,7672
7909,7887,2841
7910,2823,2819
7911,7905,7880
7912,7656,1464
7913,7876,7791
7914,2363,64
7915,7874,7739
7916,7908,7807
7917,3897,2566
7918,7911,513
7919,7918,7888
7920,7919,1542
7921,7920,7870
7922,7895,6574
7923,7922,7863
7924,7875,7669
7925,7660,380
7926,7921,1678
7927,7926,3780
7928,7927,2826
7929,7831,2821
7930,7872,7833
7931,3927,3180
7932,7928,7909
7933,7891,930
7934,7916,7889
7935,7882,7284
7936,7930,7924
7937,7827,3030
7938,7932,7837
7939,7864,7700
7940,7902,7835
7941,7938,7915
7942,7939,7936
7943,7935,7903
7944,7941,3926
7945,7944,7855
7946,7890,3719
7947,7923,34
7948,7947,3628
7949,7948,7943
7950,7945,393
7951,3141,160
7952,3782,3746
7953,7950,1953
7954,7953,7914
7955,7934,7917
7956,7954,7929
7957,7956,1906
7958,7913,3191
7959,7946,2512
7960,7957,7933
7961,7960,7942
7962,7961,7907
7963,7912,7580
7964,7962,7910
7965,7955,7949
7966,7906,7847
7967,7964,7959
7968,7967,7845
7969,7968,7925
7970,7969,2147
7971,3777,3502
7972,7970,2683
7973,7972,1046
7974,7973,2573
7975,7963,7940
7976,7974,2626
7977,7976,7958
7978,2111,917
7979,7977,7951
7980,7978,7965
7981,7980,3538
7982,7979,534
7983,7982,7975
7984,7983,7966
7985,7981,71
7986,7985,7931
7987,7986,7984
7988,7987,7971
7989,7952,7881
7990,7988,3599
7991,7990,7319
7992,3745,651
7993,7991,7989
7994,7937,3715
7995,7994,7992
7996,7993,3010
7997,7996,7995
7998,7997,3894
