2000,1598,1013
2001,1242,433
2002,1281,33
2003,1315,1201
2004,1951,96
2005,1926,1857
2006,1096,390
2007,2001,1098
2008,2004,94
2009,2003,2000
2010,2007,53
2011,2002,1177
2012,409,207
2013,1219,1073
2014,2008,150
2015,2009,1357
2016,2005,41
2017,2010,2006
2018,477,117
2019,490,220
2020,389,20
2021,2013,1742
2022,1131,815
2023,2018,1084
2024,398,367
2025,1838,1544
2026,2017,215
2027,2026,77
2028,2011,1039
2029,2015,2014
2030,1567,47
2031,2021,1188
2032,2028,135
2033,2023,2019
2034,2022,1137
2035,1446,1018
2036,1649,1093
2037,1892,1154
2038,2031,1107
2039,1778,1133
2040,1220,79
2041,253,112
2042,1746,74
2043,1984,1349
2044,2029,124
2045,410,138
2046,151,86
2047,2025,1347
2048,285,75
2049,401,368
2050,2034,714
2051,1834,251
2052,1747,43
2053,2032,2016
2054,2044,204
2055,2050,2027
2056,1489,1478
2057,2054,1881
2058,1968,1777
2059,1481,353
2060,1150,1052
2061,2024,72
2062,2055,1195
2063,2035,1321
2064,2053,1676
2065,449,152
2066,1566,1265
2067,2043,2039
2068,237,89
2069,2012,1536
2070,231,107
2071,1734,1657
2072,2036,1840
2073,1661,501
2074,62,12
2075,2030,1675
2076,2040,1647
2077,453,261
2078,1275,1082
2079,2047,2038
2080,1513,880
2081,2049,392
2082,1825,1631
2083,2057,1425
2084,1051,465
2085,2033,170
2086,281,246
2087,1890,1523
2088,2045,354
2089,1342,963
2090,1772,1589
2091,2062,1423
2092,257,59
2093,2064,1504
2094,2056,1815
2095,1334,1272
2096,1433,357
2097,2037,742
2098,1424,413
2099,146,37
2100,2074,171
2101,2081,119
2102,2093,762
2103,2090,2083
2104,2102,901
2105,1959,168
2106,2091,1497
2107,429,403
2108,2094,2068
2109,1577,1035
2110,2073,722
2111,1979,73
2112,1928,115
2113,2097,2085
2114,1180,527
2115,1292,343
2116,2051,1430
2117,1283,1020
2118,2104,1400
2119,2103,2071
2120,2100,1329
2121,440,218
2122,371,243
2123,2110,2060
2124,1068,793
2125,2061,2020
2126,2088,2069
2127,1835,1605
2128,1924,1126
2129,2118,2072
2130,2080,1087
2131,2052,1821
2132,2095,1311
2133,1457,1132
2134,2111,2106
2135,2117,1708
2136,260,255
2137,1758,97
2138,2113,658
2139,2042,1338
2140,2079,2076
2141,2119,103
2142,2089,1814
2143,2123,2082
2144,1877,1320
2145,1193,1006
2146,1886,259
2147,2078,1141
2148,2138,987
2149,2121,2115
2150,1692,1537
2151,2129,1037
2152,2087,1266
2153,200,167
2154,1967,1856
2155,2134,2108
2156,1299,1282
2157,1757,460
2158,2107,2092
2159,2151,2112
2160,2139,1239
2161,2142,508
2162,1994,1615
2163,2058,1868
2164,2148,1991
2165,2075,2067
2166,2141,1306
2167,2086,442
2168,1125,626
2169,2166,1498
2170,219,15
2171,2063,1463
2172,439,108
2173,291,4
2174,2155,1737
2175,2159,1337
2176,2127,339
2177,2169,2150
2178,2120,310
2179,2149,2114
2180,1603,1548
2181,2130,1503
2182,1375,298
2183,1415,1251
2184,2122,270
2185,655,184
2186,2174,1114
2187,2140,1230
2188,2158,423
2189,2152,1885
2190,2177,1883
2191,2164,2046
2192,2175,344
2193,1646,1295
2194,2132,1368
2195,2187,1308
2196,470,51
2197,2126,88
2198,2170,906
2199,2190,2096
2200,2168,2116
2201,587,118
2202,2160,1505
2203,2066,1218
2204,2192,935
2205,2186,2124
2206,2165,1941
2207,2195,1386
2208,1557,192
2209,1471,1439
2210,2208,2179
2211,2204,1398
2212,2135,2059
2213,2143,1552
2214,2144,1017
2215,292,238
2216,307,252
2217,425,337
2218,1224,1168
2219,1876,360
2220,2098,199
2221,2211,1606
2222,2128,46
2223,2199,1434
2224,498,275
2225,2131,1590
2226,2205,2048
2227,370,304
2228,1382,1367
2229,2213,2202
2230,2194,1579
2231,2191,1291
2232,2207,1914
2233,2105,1917
2234,1530,1379
2235,1613,1529
2236,2200,2154
2237,236,202
2238,2099,1601
2239,2156,1333
2240,2161,1586
2241,420,318
2242,2163,1101
2243,106,42
2244,1860,1643
2245,2184,876
2246,2223,2218
2247,2197,1156
2248,2226,1422
2249,2239,1297
2250,1710,1216
2251,495,52
2252,2215,2101
2253,1040,287
2254,179,61
2255,2229,2221
2256,2181,1041
2257,2220,1894
2258,805,635
2259,2196,2188
2260,299,186
2261,334,258
2262,2147,1417
2263,2210,2153
2264,2232,1253
2265,1560,286
2266,1787,1591
2267,2248,1186
2268,1923,1648
2269,2267,838
2270,2146,1660
2271,2249,2198
2272,2193,1651
2273,2236,2230
2274,2182,2178
2275,2256,2246
2276,2255,1187
2277,2084,278
2278,2231,137
2279,2269,916
2280,1435,1028
2281,2125,1144
2282,1127,300
2283,2275,1034
2284,1473,1083
2285,1348,350
2286,1693,400
2287,1350,17
2288,2242,1585
2289,2219,1707
2290,2228,1602
2291,1206,196
2292,2212,892
2293,2233,1450
2294,2279,2278
2295,2241,272
2296,796,739
2297,1384,229
2298,860,776
2299,2250,1761
2300,2276,2273
2301,2225,2173
2302,2137,312
2303,2264,2245
2304,2171,2133
2305,2290,1164
2306,2070,2065
2307,2183,1370
2308,2283,778
2309,2206,1304
2310,2189,1429
2311,1913,1645
2312,2167,415
2313,2145,1091
2314,2266,1257
2315,2176,2109
2316,473,189
2317,879,28
2318,1274,1067
2319,545,500
2320,1376,923
2321,2298,2234
2322,1204,296
2323,2308,2262
2324,1095,476
2325,1919,1826
2326,2303,2222
2327,279,129
2328,984,70
2329,2041,143
2330,2077,223
2331,2209,1076
2332,2247,122
2333,1925,1810
2334,1079,610
2335,2172,6
2336,497,469
2337,1739,1580
2338,2271,1965
2339,1827,314
2340,407,317
2341,2281,263
2342,2294,1214
2343,1551,1002
2344,2162,1108
2345,2323,2270
2346,2305,2263
2347,2310,784
2348,1904,1393
2349,979,9
2350,2342,1390
2351,2261,346
2352,2299,2157
2353,1870,1562
2354,1543,416
2355,2300,2292
2356,2240,1111
2357,2272,2180
2358,397,104
2359,1237,765
2360,2214,1104
2361,491,313
2362,2338,1044
2363,2347,2288
2364,2302,91
2365,2295,161
2366,2350,1345
2367,2277,395
2368,1729,191
2369,1402,365
2370,1681,175
2371,249,210
2372,1572,424
2373,2216,280
2374,2314,2311
2375,1510,629
2376,2345,662
2377,2356,2257
2378,149,10
2379,2265,1211
2380,1614,1269
2381,1619,1516
2382,2309,975
2383,2244,915
2384,2253,493
2385,2376,2307
2386,2366,789
2387,2346,2282
2388,316,306
2389,1279,1085
2390,2355,2348
2391,2252,273
2392,2312,639
2393,2334,2326
2394,1976,1395
2395,972,736
2396,1686,363
2397,2260,351
2398,2385,1859
2399,2315,1507
2400,2332,412
2401,2317,1062
2402,2386,2328
2403,2301,1532
2404,2393,933
2405,2235,1167
2406,1247,790
2407,2398,1322
2408,2400,2390
2409,1394,434
2410,2387,2362
2411,1359,843
2412,2217,133
2413,2402,2274
2414,2344,1029
2415,1795,1358
2416,1748,1674
2417,1437,1210
2418,2203,1075
2419,2324,872
2420,2322,1319
2421,452,254
2422,2407,2353
2423,2403,2363
2424,2351,2254
2425,185,67
2426,2304,1312
2427,2238,1466
2428,2368,1839
2429,2422,1666
2430,2349,2289
2431,2340,438
2432,2389,1932
2433,2429,2419
2434,2404,1441
2435,2420,1768
2436,2293,949
2437,176,31
2438,1209,68
2439,2296,541
2440,2259,1032
2441,274,205
2442,1811,496
2443,2413,2379
2444,2377,1117
2445,457,56
2446,2373,256
2447,134,81
2448,1408,529
2449,1033,862
2450,2401,791
2451,1372,1353
2452,2433,1022
2453,2434,1611
2454,2436,358
2455,2408,2321
2456,2375,849
2457,2359,2331
2458,2313,750
2459,2443,517
2460,2399,686
2461,2319,712
2462,2450,940
2463,1410,1340
2464,1622,1456
2465,2280,1285
2466,2341,109
2467,2360,1129
2468,2432,2374
2469,1327,694
2470,1824,1803
2471,2423,194
2472,2396,2392
2473,2460,2201
2474,2286,1313
2475,2455,1217
2476,2452,1122
2477,2462,2459
2478,2405,1445
2479,426,187
2480,1691,1452
2481,2440,2320
2482,178,84
2483,2406,781
2484,2327,1549
2485,2391,232
2486,1697,1324
2487,2431,266
2488,2354,1502
2489,2333,283
2490,481,87
2491,451,130
2492,504,319
2493,2439,579
2494,2430,1927
2495,2453,2284
2496,2444,2394
2497,2476,2418
2498,1973,1119
2499,468,111
2500,1820,435
2501,2467,1677
2502,2475,1818
2503,2285,1181
2504,2409,475
2505,2494,1950
2506,2382,13
2507,1170,572
2508,2426,1009
2509,2337,1351
2510,2477,540
2511,2502,1184
2512,2251,63
2513,1863,1030
2514,1952,1625
2515,2478,2384
2516,2497,2361
2517,1916,1116
2518,2427,1323
2519,2372,2365
2520,2511,2383
2521,944,800
2522,2352,1714
2523,2493,2473
2524,2456,710
2525,1280,1149
2526,2516,1704
2527,2520,2370
2528,480,233
2529,2485,1655
2530,2243,341
2531,2227,1776
2532,2495,2357
2533,2447,203
2534,2316,333
2535,2481,1113
2536,2395,1414
2537,2466,2297
2538,1833,993
2539,2381,1365
2540,2527,746
2541,2471,659
2542,1749,411
2543,467,322
2544,2378,348
2545,2454,1521
2546,2449,2410
2547,2480,2415
2548,1819,772
2549,2329,1
2550,2532,803
2551,1175,1094
2552,2510,2435
2553,2515,2417
2554,2451,2367
2555,2472,148
2556,461,406
2557,2526,1461
2558,1709,1599
2559,717,528
2560,2457,705
2561,2552,1396
2562,2496,419
2563,2557,2541
2564,1361,1238
2565,1903,1571
2566,2518,1451
2567,1515,383
2568,2524,1784
2569,2540,846
2570,2224,24
2571,2464,2428
2572,2508,1159
2573,2569,2546
2574,387,144
2575,1243,995
2576,2325,2136
2577,2364,1134
2578,2561,2424
2579,2512,418
2580,1642,1624
2581,2484,1346
2582,1388,157
2583,1638,602
2584,1011,268
2585,1409,565
2586,2458,902
2587,604,436
2588,909,444
2589,2568,1061
2590,2573,2505
2591,1109,586
2592,2550,2461
2593,2554,2358
2594,1679,524
2595,2469,751
2596,1354,190
2597,2535,2185
2598,2339,1942
2599,2578,2553
2600,1831,1616
2601,2539,2501
2602,1980,1454
2603,1721,1183
2604,1780,1563
2605,1008,58
2606,2468,2318
2607,2414,1069
2608,2523,1016
2609,2590,2335
2610,2562,2504
2611,1569,1194
2612,2522,1740
2613,2537,1936
2614,2592,1626
2615,2503,1852
2616,2563,2488
2617,990,606
2618,2421,361
2619,2572,325
2620,2438,1064
2621,165,30
2622,1191,588
2623,2589,2474
2624,2599,1050
2625,2616,904
2626,1594,836
2627,1066,166
2628,1983,1250
2629,982,741
2630,1484,441
2631,1878,716
2632,2397,139
2633,2483,865
2634,1670,1561
2635,2624,2617
2636,2506,598
2637,2609,1263
2638,2268,1244
2639,347,327
2640,2637,1426
2641,2507,928
2642,2640,2608
2643,1665,1215
2644,2560,38
2645,1493,1189
2646,2517,2369
2647,1986,929
2648,1472,1136
2649,2635,874
2650,1535,1014
2651,2625,2566
2652,2620,1403
2653,2597,2521
2654,1897,1527
2655,2595,1862
2656,2636,2545
2657,2529,2487
2658,2559,1391
2659,2614,2596
2660,1641,672
2661,2463,510
2662,297,201
2663,2258,1832
2664,2610,1146
2665,2651,856
2666,2619,924
2667,1568,1499
2668,2564,622
2669,2587,748
2670,2536,1634
2671,2558,1221
2672,1850,331
2673,2291,1197
2674,2343,691
2675,2482,499
2676,1431,701
2677,2665,1793
2678,2565,248
2679,2499,211
2680,2448,1872
2681,2649,1305
2682,2677,562
2683,2642,2571
2684,2446,2442
2685,1058,848
2686,2644,743
2687,2519,454
2688,1362,692
2689,2577,2531
2690,2681,1694
2691,2612,2416
2692,1559,1371
2693,2683,2588
2694,2682,734
2695,2659,1701
2696,2486,878
2697,2598,1934
2698,2586,503
2699,2425,1700
2700,1690,1267
2701,2530,147
2702,2695,1716
2703,2694,1945
2704,2513,601
2705,1639,1155
2706,2606,1072
2707,2703,740
2708,2655,2555
2709,2693,936
2710,2709,1786
2711,1957,1459
2712,2465,1508
2713,685,214
2714,2600,1891
2715,446,408
2716,2544,422
2717,2686,2538
2718,2664,1470
2719,2710,1995
2720,2547,1592
2721,2708,332
2722,2707,2582
2723,2702,605
2724,2719,2661
2725,1628,1151
2726,1972,576
2727,1783,1442
2728,2724,553
2729,988,977
2730,2549,193
2731,2660,1492
2732,2722,1706
2733,2594,25
2734,2628,1128
2735,2728,669
2736,1120,593
2737,2633,234
2738,2690,2542
2739,2732,2581
2740,2626,2380
2741,2718,2585
2742,2509,657
2743,2498,428
2744,2723,624
2745,2336,2306
2746,1609,1558
2747,2548,866
2748,2653,802
2749,1142,837
2750,2739,2330
2751,2735,761
2752,2514,719
2753,2657,2479
2754,1741,824
2755,1316,1160
2756,2411,1908
2757,2670,983
2758,2658,859
2759,2738,2717
2760,1545,1166
2761,2492,303
2762,2720,2687
2763,2666,269
2764,342,80
2765,729,656
2766,966,698
2767,1494,1317
2768,2601,1325
2769,2748,1669
2770,2750,1152
2771,1233,745
2772,2706,2371
2773,1596,32
2774,2656,78
2775,2646,1024
2776,2770,2643
2777,2741,2669
2778,2613,212
2779,2668,2623
2780,2692,459
2781,373,177
2782,1226,850
2783,1004,145
2784,2776,1901
2785,2679,1314
2786,1841,1658
2787,2528,225
2788,2543,430
2789,2751,715
2790,2784,1963
2791,2744,2652
2792,464,54
2793,2534,382
2794,2691,2654
2795,2712,1796
2796,2441,335
2797,2790,2731
2798,1774,594
2799,2696,532
2800,2789,2772
2801,2769,1021
2802,2777,2489
2803,2762,2737
2804,2779,2752
2805,2759,2629
2806,2805,2605
2807,1889,1468
2808,2797,808
2809,2800,1966
2810,471,448
2811,2556,164
2812,1407,1192
2813,2753,240
2814,2650,2575
2815,2806,2645
2816,2808,814
2817,1939,650
2818,1460,1309
2819,1672,93
2820,2525,1420
2821,2721,913
2822,2607,1600
2823,2754,1790
2824,2791,825
2825,2671,443
2826,2729,1766
2827,2768,2647
2828,2716,66
2829,2809,2551
2830,1182,1047
2831,2698,2680
2832,1449,381
2833,2641,1800
2834,2733,2615
2835,2774,2757
2836,2711,2603
2837,2816,2798
2838,1453,197
2839,2824,1328
2840,1854,1145
2841,2829,1964
2842,2678,1804
2843,1823,1118
2844,2839,2837
2845,1428,1097
2846,777,55
2847,1982,1185
2848,2632,2491
2849,2802,2755
2850,2821,957
2851,2689,2533
2852,2841,2826
2853,955,567
2854,336,213
2855,2746,2727
2856,1779,114
2857,1048,217
2858,2801,1785
2859,559,558
2860,614,547
2861,1581,92
2862,2819,1788
2863,1993,1234
2864,1576,896
2865,1989,888
2866,2780,1671
2867,2835,2567
2868,2852,1496
2869,1588,208
2870,2847,2742
2871,2630,2583
2872,2763,377
2873,1196,943
2874,2833,1582
2875,2631,571
2876,2794,2700
2877,2704,546
2878,2850,2813
2879,2868,2831
2880,2576,2
2881,2714,1745
2882,2815,2287
2883,1907,1789
2884,2879,2858
2885,2673,2570
2886,2602,1287
2887,768,328
2888,224,140
2889,2758,877
2890,2701,126
2891,2611,2593
2892,1743,1715
2893,2803,1752
2894,2786,1636
2895,142,29
2896,2882,523
2897,2825,2699
2898,2500,1488
2899,2842,2756
2900,1352,599
2901,1668,1427
2902,427,345
2903,2773,1938
2904,2844,812
2905,1019,539
2906,2896,136
2907,2849,985
2908,2237,169
2909,2697,1627
2910,2818,99
2911,2804,2771
2912,1258,506
2913,492,110
2914,2889,2884
2915,2904,2807
2916,2817,544
2917,2827,1174
2918,2876,1038
2919,2634,180
2920,1163,927
2921,1684,548
2922,1369,352
2923,2854,1656
2924,2684,2618
2925,2907,2866
2926,2685,758
2927,2861,2676
2928,2872,822
2929,2775,1575
2930,1620,7
2931,2914,1363
2932,2911,2870
2933,141,102
2934,2812,1078
2935,958,302
2936,2931,1816
2937,2906,2713
2938,2936,2877
2939,2938,839
2940,2836,2730
2941,1685,1298
2942,2843,764
2943,2878,1654
2944,1875,85
2945,2674,2470
2946,1474,16
2947,2785,1232
2948,2584,1909
2949,2893,1310
2950,123,23
2951,2937,2846
2952,2918,2688
2953,2939,1477
2954,2743,155
2955,1808,1476
2956,305,162
2957,2862,2782
2958,1817,1623
2959,2823,2747
2960,1360,886
2961,1479,538
2962,2814,1802
2963,2778,1864
2964,2953,1546
2965,2928,1722
2966,2766,1540
2967,2799,942
2968,2917,1005
2969,2726,795
2970,1147,1065
2971,2445,952
2972,2921,2875
2973,2915,2874
2974,2964,1007
2975,2834,1054
2976,432,21
2977,2951,2579
2978,2977,831
2979,2591,640
2980,2974,1161
2981,2736,898
2982,2926,209
2983,1326,554
2984,2916,542
2985,2980,590
2986,2973,2627
2987,1711,1071
2988,1241,1088
2989,2925,918
2990,2986,735
2991,2985,2845
2992,479,195
2993,1587,1199
2994,2886,970
2995,2787,2662
2996,2978,1385
2997,2962,2820
2998,549,518
2999,2990,2899
3000,920,700
3001,2991,1667
3002,2856,1805
3003,992,680
3004,1570,900
3005,2968,2725
3006,2648,1974
3007,2740,1855
3008,3001,1610
3009,1750,1637
3010,2949,2946
3011,2867,1806
3012,2795,1074
3013,2932,2865
3014,216,172
3015,1797,494
3016,1373,763
3017,2760,1525
3018,3008,1264
3019,1412,1318
3020,3018,1781
3021,2734,125
3022,293,262
3023,1556,623
3024,1759,643
3025,2929,2863
3026,1695,1682
3027,2715,2490
3028,1829,709
3029,2783,330
3030,3010,2848
3031,1207,766
3032,2967,2943
3033,2972,711
3034,3020,2903
3035,1763,934
3036,2788,2621
3037,2975,752
3038,2781,1294
3039,1130,1099
3040,3034,706
3041,2857,1055
3042,2909,1528
3043,2745,324
3044,3040,783
3045,2667,1724
3046,2989,660
3047,3007,989
3048,2999,1374
3049,2957,2705
3050,3044,3013
3051,2822,912
3052,2963,631
3053,2894,1531
3054,3048,3046
3055,2900,1564
3056,3011,2933
3057,2965,2767
3058,721,76
3059,3005,2897
3060,2930,806
3061,1421,1176
3062,2838,227
3063,2966,1341
3064,2811,49
3065,1307,667
3066,2947,1541
3067,2828,1719
3068,3050,683
3069,301,288
3070,2971,1268
3071,1331,564
3072,2672,1578
3073,326,128
3074,2891,466
3075,1999,1998
3076,3062,2996
3077,2934,1411
3078,2997,873
3079,1921,1053
3080,1387,1249
3081,3025,841
3082,3031,731
3083,3068,1782
3084,2761,83
3085,3032,1844
3086,2922,1100
3087,3077,3054
3088,1026,153
3089,2994,2942
3090,3083,2901
3091,1702,372
3092,3056,1997
3093,1042,704
3094,3055,1595
3095,2954,396
3096,3090,1584
3097,2869,320
3098,1289,414
3099,3002,2979
3100,1775,241
3101,1200,820
3102,3096,1736
3103,3087,2955
3104,3041,2604
3105,3102,627
3106,463,113
3107,2945,1404
3108,3030,1798
3109,2851,1380
3110,3057,744
3111,3037,607
3112,3076,2895
3113,3112,1278
3114,1703,818
3115,2959,2855
3116,3105,1644
3117,932,183
3118,1336,1190
3119,282,127
3120,3081,759
3121,3116,2871
3122,2920,1355
3123,3052,1760
3124,3113,1689
3125,3003,3000
3126,1343,1059
3127,2940,226
3128,1539,455
3129,3103,842
3130,3124,775
3131,2913,474
3132,3121,2927
3133,2998,994
3134,3047,3004
3135,1335,801
3136,3085,1364
3137,295,69
3138,2880,819
3139,1981,1718
3140,3026,271
3141,3129,3093
3142,2832,1500
3143,1943,1106
3144,3107,845
3145,3042,1356
3146,3130,688
3147,3092,1653
3148,1633,1012
3149,3141,3066
3150,3131,1985
3151,1756,889
3152,159,36
3153,3149,749
3154,3038,613
3155,3012,708
3156,3033,779
3157,3045,2969
3158,1971,1255
3159,3132,895
3160,3110,828
3161,3009,2948
3162,3146,851
3163,3120,2984
3164,1248,1173
3165,3159,899
3166,1225,830
3167,3153,1538
3168,3051,2765
3169,3016,2912
3170,3104,1612
3171,2981,1169
3172,1526,925
3173,1728,1509
3174,3162,2890
3175,3165,3108
3176,3167,3094
3177,3006,620
3178,3136,679
3179,3157,2982
3180,3115,3053
3181,2910,2892
3182,3176,1822
3183,3160,603
3184,3175,3029
3185,3182,804
3186,3059,702
3187,2924,2796
3188,3123,1853
3189,2864,1260
3190,375,309
3191,3178,3163
3192,3186,3028
3193,3049,39
3194,3134,581
3195,3185,3151
3196,2952,760
3197,3147,2905
3198,3067,3064
3199,2749,948
3200,355,173
3201,1440,456
3202,3184,1203
3203,3195,1884
3204,3065,619
3205,2859,673
3206,3078,2902
3207,3192,3174
3208,2983,2853
3209,3197,1300
3210,3111,887
3211,2958,2881
3212,1895,1744
3213,3203,1920
3214,3202,792
3215,2580,881
3216,2675,2412
3217,1662,482
3218,3155,3109
3219,3089,893
3220,3043,2793
3221,3213,3179
3222,3188,3017
3223,1031,937
3224,3191,3075
3225,3082,767
3226,2944,2919
3227,3019,585
3228,3221,1547
3229,3168,3138
3230,3214,3063
3231,3230,3194
3232,3196,1080
3233,3183,1871
3234,3133,1245
3235,1405,813
3236,2888,1555
3237,1935,1485
3238,2908,250
3239,3084,2970
3240,1231,509
3241,3207,969
3242,3228,561
3243,3125,882
3244,3222,1958
3245,1912,1762
3246,3209,3140
3247,3177,3021
3248,3143,844
3249,2961,615
3250,3205,3118
3251,3180,2622
3252,1448,1235
3253,3231,730
3254,2941,1733
3255,3233,670
3256,3253,511
3257,2898,8
3258,1261,630
3259,1765,1726
3260,3242,3219
3261,3022,1618
3262,3243,1092
3263,3097,2993
3264,1514,276
3265,3260,3169
3266,1922,1520
3267,2840,526
3268,3265,3079
3269,3239,1640
3270,3241,3226
3271,1003,649
3272,3036,2792
3273,3262,3189
3274,3256,520
3275,3268,857
3276,3274,3234
3277,3244,1880
3278,3145,3100
3279,1996,678
3280,3275,3224
3281,3276,3255
3282,3218,1847
3283,1344,90
3284,2663,399
3285,3246,1227
3286,1621,707
3287,3023,723
3288,3095,364
3289,3201,1240
3290,3144,724
3291,3210,2960
3292,3281,1899
3293,3292,2995
3294,3086,1271
3295,3099,608
3296,3285,799
3297,3070,1738
3298,3181,3139
3299,3277,1482
3300,2810,1918
3301,3232,3039
3302,3171,431
3303,3293,829
3304,1001,514
3305,3074,188
3306,3303,3071
3307,3290,646
3308,3206,3142
3309,3306,905
3310,405,338
3311,3309,3225
3312,3270,1597
3313,3311,1727
3314,3091,1723
3315,2638,1121
3316,3035,2887
3317,3299,45
3318,3298,699
3319,1475,222
3320,3280,926
3321,3114,1512
3322,3170,3161
3323,3296,637
3324,3156,747
3325,2885,757
3326,3229,595
3327,3014,3
3328,1339,40
3329,1077,228
3330,3215,1178
3331,3312,1975
3332,3220,3027
3333,3254,1124
3334,3058,981
3335,3101,867
3336,1593,1205
3337,3272,19
3338,1699,965
3339,3291,960
3340,3320,3318
3341,3250,671
3342,356,35
3343,3313,3308
3344,3343,894
3345,2437,265
3346,2987,1731
3347,340,181
3348,3257,105
3349,3323,3295
3350,3331,3204
3351,3339,3282
3352,1879,374
3353,3325,868
3354,3199,1929
3355,3258,3061
3356,1807,703
3357,3302,3247
3358,1978,1153
3359,3340,1469
3360,3088,485
3361,3297,552
3362,3294,3251
3363,3211,264
3364,3344,875
3365,1902,5
3366,3324,737
3367,3238,484
3368,3278,3127
3369,2830,648
3370,3359,634
3371,3341,773
3372,3307,914
3373,3364,1490
3374,3373,3350
3375,3273,618
3376,3370,3338
3377,2639,27
3378,472,206
3379,1049,1015
3380,1688,907
3381,3166,617
3382,3376,3304
3383,3024,1664
3384,3382,1770
3385,3322,1801
3386,1882,797
3387,1866,1284
3388,3173,1270
3389,3128,1045
3390,3384,769
3391,3390,551
3392,3391,974
3393,3212,1849
3394,3326,2873
3395,3223,1680
3396,3392,3335
3397,483,26
3398,1043,515
3399,3301,1629
3400,3158,1303
3401,1955,1381
3402,3269,3190
3403,1110,664
3404,3148,945
3405,3154,384
3406,537,536
3407,863,675
3408,3399,3396
3409,1491,1486
3410,311,244
3411,3305,95
3412,3315,939
3413,3080,1148
3414,120,100
3415,3015,684
3416,3106,855
3417,2574,329
3418,3380,1081
3419,3356,3349
3420,3235,1915
3421,3337,1843
3422,3193,1112
3423,3072,1988
3424,3300,1458
3425,1277,645
3426,3406,580
3427,488,198
3428,3408,1960
3429,3372,3259
3430,3217,1874
3431,3394,3164
3432,3428,3317
3433,3374,3361
3434,3284,378
3435,3060,999
3436,3122,922
3437,391,323
3438,3402,3385
3439,3362,1896
3440,771,284
3441,3237,1799
3442,3432,3263
3443,3240,1673
3444,3249,3117
3445,3369,885
3446,1089,1000
3447,861,522
3448,3348,447
3449,2860,1254
3450,3351,3172
3451,3198,2883
3452,1501,445
3453,3433,908
3454,3366,3267
3455,921,666
3456,3455,2935
3457,3442,810
3458,3405,2976
3459,3336,3283
3460,3363,1962
3461,3453,557
3462,3429,3261
3463,3236,1725
3464,3271,1139
3465,3378,230
3466,3346,3227
3467,3248,1905
3468,3457,163
3469,3412,3371
3470,3327,366
3471,3468,533
3472,3353,1171
3473,1977,1392
3474,3461,1135
3475,3435,1956
3476,3439,1873
3477,3474,809
3478,3471,1057
3479,1836,1483
3480,3152,2992
3481,3477,3286
3482,3478,3375
3483,3135,1273
3484,3352,1663
3485,3481,3418
3486,1010,638
3487,919,315
3488,3287,3264
3489,689,131
3490,3314,1332
3491,3319,3073
3492,3482,3333
3493,1583,1063
3494,976,727
3495,3266,3187
3496,3492,1138
3497,3496,713
3498,3403,720
3499,1771,1687
3500,3497,1861
3501,3316,1554
3502,3422,573
3503,3485,478
3504,3476,3469
3505,3500,1650
3506,3288,1659
3507,3505,931
3508,3419,1900
3509,3503,786
3510,3507,3441
3511,971,823
3512,3510,1259
3513,3411,3398
3514,3458,3450
3515,2923,653
3516,3509,3379
3517,1987,853
3518,3516,531
3519,3397,3069
3520,3454,1228
3521,3512,3467
3522,3357,3289
3523,359,235
3524,3518,951
3525,3521,780
3526,3524,3444
3527,3508,964
3528,3526,521
3529,903,891
3530,3431,625
3531,3413,3208
3532,3368,652
3533,3525,1712
3534,3528,3395
3535,3533,3424
3536,2956,458
3537,3279,1767
3538,3098,967
3539,3383,1970
3540,3495,3150
3541,959,956
3542,3448,1056
3543,3367,1848
3544,3527,1419
3545,3534,642
3546,816,174
3547,3456,3360
3548,3445,597
3549,3506,1933
3550,3535,1517
3551,3550,3519
3552,3531,1397
3553,3545,535
3554,3472,1506
3555,3502,1465
3556,3551,3438
3557,1887,1846
3558,794,487
3559,3462,1713
3560,1432,560
3561,221,82
3562,3330,1812
3563,3553,1208
3564,3504,3426
3565,3354,1954
3566,3563,884
3567,3566,591
3568,3522,3493
3569,1495,1301
3570,3567,3443
3571,3464,3415
3572,3544,3530
3573,3542,3515
3574,1162,574
3575,3556,1632
3576,3549,3404
3577,3564,3559
3578,3451,3137
3579,3484,116
3580,3532,3416
3581,3409,946
3582,3547,376
3583,1751,798
3584,1550,811
3585,3548,3514
3586,968,681
3587,3388,674
3588,3513,3490
3589,3565,3417
3590,3575,3446
3591,3590,3488
3592,3580,349
3593,3434,1851
3594,3487,417
3595,3592,3570
3596,3436,3347
3597,3321,911
3598,3555,3334
3599,3591,854
3600,3599,3498
3601,3572,1416
3602,3600,1157
3603,3328,1444
3604,182,11
3605,2764,385
3606,3501,3358
3607,3602,696
3608,1630,362
3609,3460,3216
3610,3466,1732
3611,3463,1198
3612,3520,3381
3613,3607,641
3614,3393,1948
3615,3595,693
3616,1717,1524
3617,3613,3562
3618,3598,3568
3619,1931,826
3620,1865,1102
3621,486,379
3622,3615,697
3623,1683,890
3624,3617,3537
3625,3622,3541
3626,1212,633
3627,3624,3577
3628,3377,158
3629,3355,98
3630,3582,1418
3631,2950,388
3632,3625,3554
3633,3538,3126
3634,3557,1911
3635,3529,575
3636,3400,725
3637,3581,1791
3638,3511,996
3639,3632,1792
3640,3425,1296
3641,3421,1867
3642,3447,755
3643,3639,3517
3644,3588,530
3645,3597,1930
3646,3627,3560
3647,3585,1401
3648,3644,519
3649,3643,807
3650,1025,14
3651,3646,3407
3652,1447,1036
3653,3649,3587
3654,3653,663
3655,3651,1090
3656,3655,3648
3657,3579,57
3658,3609,3449
3659,3654,570
3660,3659,1947
3661,3656,3626
3662,3389,1286
3663,3480,242
3664,3663,3452
3665,3494,1608
3666,3365,1893
3667,3576,1753
3668,3647,3610
3669,1553,774
3670,3660,1443
3671,1252,654
3672,3670,961
3673,3584,3475
3674,1573,1533
3675,3672,3552
3676,3661,616
3677,1944,1276
3678,3675,3586
3679,2988,1213
3680,3652,3479
3681,3676,1202
3682,3678,3589
3683,3486,827
3684,3681,1837
3685,3459,1378
3686,3684,3669
3687,1730,245
3688,3682,3637
3689,3483,3420
3690,3688,1604
3691,3690,583
3692,3618,1937
3693,3686,3645
3694,3636,1406
3695,3693,817
3696,3691,369
3697,1366,1262
3698,3601,834
3699,3698,3619
3700,3634,1290
3701,3342,3119
3702,3695,505
3703,3578,3345
3704,3546,869
3705,3499,726
3706,3593,569
3707,3702,3630
3708,3696,910
3709,3707,1910
3710,3642,611
3711,3668,556
3712,3708,3620
3713,832,568
3714,1990,489
3715,3712,3635
3716,3711,682
3717,3709,1413
3718,3717,3700
3719,3414,3310
3720,3718,3641
3721,3629,1940
3722,3699,883
3723,3252,60
3724,3720,600
3725,3716,636
3726,3724,1754
3727,3667,1565
3728,3543,18
3729,3726,3650
3730,3729,676
3731,3473,239
3732,3722,3245
3733,3329,1105
3734,512,65
3735,3730,835
3736,3657,3536
3737,3735,3714
3738,1223,1165
3739,3611,3540
3740,3715,1140
3741,3606,1794
3742,3737,1293
3743,3683,3491
3744,3742,1467
3745,3623,1399
3746,3727,3692
3747,3387,1813
3748,437,50
3749,3740,695
3750,3749,3680
3751,3744,756
3752,3694,1828
3753,3673,998
3754,3633,1246
3755,3430,3401
3756,3685,3608
3757,3725,3638
3758,3751,3662
3759,3750,3558
3760,3704,753
3761,3386,1755
3762,3697,1773
3763,3689,1172
3764,3759,733
3765,3758,3721
3766,3616,294
3767,1103,661
3768,3753,3706
3769,3765,3757
3770,1992,1143
3771,3732,0
3772,1869,1635
3773,3764,1027
3774,3773,582
3775,3774,543
3776,1229,897
3777,3746,3612
3778,1949,770
3779,3763,394
3780,577,507
3781,3769,3752
3782,3771,3713
3783,3666,3631
3784,3739,3605
3785,3775,1696
3786,3785,3777
3787,3703,3614
3788,3741,3731
3789,3781,3583
3790,947,687
3791,3728,3561
3792,1809,404
3793,3658,3332
3794,3756,3539
3795,950,612
3796,3782,3574
3797,1617,589
3798,3789,732
3799,3798,3796
3800,3779,3423
3801,3778,986
3802,3799,1720
3803,3679,1158
3804,1858,1377
3805,3640,647
3806,3786,1534
3807,3806,3734
3808,1888,525
3809,3489,632
3810,3807,3787
3811,3573,609
3812,3810,3437
3813,3594,870
3814,3766,840
3815,3776,3754
3816,3470,3465
3817,3812,833
3818,3745,1652
3819,1946,1487
3820,3768,48
3821,3802,3665
3822,3821,3596
3823,3817,3738
3824,3823,1764
3825,3824,1070
3826,3784,1961
3827,3822,3801
3828,3710,628
3829,3827,644
3830,3813,3427
3831,3825,321
3832,3826,3736
3833,3829,787
3834,3833,555
3835,1511,154
3836,973,566
3837,3795,3790
3838,1389,738
3839,3834,3820
3840,3797,3733
3841,3831,1574
3842,3839,1179
3843,3664,121
3844,3809,621
3845,3841,1480
3846,3845,3705
3847,3842,3804
3848,3846,677
3849,3723,2388
3850,3811,3783
3851,3847,3844
3852,3848,1698
3853,3852,3843
3854,550,290
3855,3743,450
3856,3853,665
3857,3851,3674
3858,3856,1060
3859,3788,785
3860,3858,3569
3861,3860,690
3862,3861,3832
3863,3850,277
3864,3814,3761
3865,3857,1288
3866,3865,1115
3867,3866,516
3868,821,584
3869,3867,1222
3870,3869,941
3871,3200,1123
3872,852,788
3873,991,592
3874,3870,3800
3875,3874,3805
3876,3864,3837
3877,1519,980
3878,3862,1086
3879,3571,962
3880,3875,1735
3881,3880,3828
3882,3770,1383
3883,3881,3818
3884,3878,3603
3885,3883,3876
3886,3885,847
3887,3701,421
3888,3884,953
3889,3888,3868
3890,3815,3767
3891,3889,782
3892,3859,3836
3893,3760,44
3894,3886,858
3895,3816,3621
3896,3855,668
3897,3891,3410
3898,3894,3838
3899,3898,871
3900,3830,954
3901,3897,386
3902,3901,3893
3903,3902,3899
3904,3772,1518
3905,3863,864
3906,3892,3719
3907,3854,1542
3908,3906,3794
3909,3890,3882
3910,3879,1898
3911,3671,1438
3912,3793,3755
3913,3887,3523
3914,3871,502
3915,3835,3747
3916,3803,1302
3917,3905,978
3918,3895,3748
3919,1705,156
3920,3840,3440
3921,3917,3780
3922,3903,1607
3923,3922,3911
3924,3910,3819
3925,3923,3918
3926,3604,393
3927,3792,1436
3928,3909,1845
3929,3925,938
3930,3677,1330
3931,3929,3913
3932,3920,578
3933,3914,1462
3934,1455,1256
3935,3928,3921
3936,3912,3873
3937,1522,718
3938,3931,3900
3939,3938,1023
3940,3939,563
3941,3940,3934
3942,3941,3896
3943,3942,3924
3944,3927,3908
3945,3943,3933
3946,728,22
3947,3945,596
3948,3877,308
3949,3932,3872
3950,3936,3687
3951,3947,3907
3952,3950,101
3953,930,754
3954,3951,402
3955,3954,1678
3956,3808,3628
3957,3955,513
3958,3957,1969
3959,3952,3904
3960,3958,267
3961,3849,3791
3962,247,64
3963,3946,3944
3964,3762,289
3965,3962,3960
3966,3965,3916
3967,3966,1236
3968,3967,3919
3969,3968,3963
3970,3935,3930
3971,1953,1464
3972,3969,132
3973,1830,71
3974,3972,1769
3975,3974,3948
3976,3975,3926
3977,3976,1906
3978,3959,34
3979,3970,462
3980,3977,3949
3981,3980,3979
3982,3978,997
3983,3981,3953
3984,3983,3971
3985,3984,3915
3986,3956,3937
3987,3986,3982
3988,3987,917
3989,3985,1046
3990,3989,3964
3991,3990,380
3992,3991,3961
3993,3992,534
3994,3988,160
3995,1842,651
3996,3995,3994
3997,3996,3973
3998,3997,3993
