2000,1598,1013
2001,1242,433
2002,1281,33
2003,1315,1201
2004,1951,96
2005,1926,1857
2006,1096,390
2007,2001,1098
2008,2004,94
2009,2003,2000
2010,2007,53
2011,2002,1177
2012,409,207
2013,1219,1073
2014,2008,150
2015,2009,1357
2016,2005,41
2017,2010,2006
2018,477,117
2019,490,220
2020,389,20
2021,2013,1742
2022,1131,815
2023,2018,1084
2024,398,367
2025,1838,1544
2026,2017,215
2027,2026,77
2028,2011,1039
2029,2015,2014
2030,1567,47
2031,2021,1188
2032,2028,135
2033,2023,2019
2034,2022,1137
2035,1446,1018
2036,1649,1093
2037,1892,1154
2038,2031,1107
2039,1778,1133
2040,1220,79
2041,253,112
2042,1746,74
2043,1984,1349
2044,2029,124
2045,410,138
2046,151,86
2047,2025,1347
2048,285,75
2049,401,368
2050,2034,714
2051,1834,251
2052,1747,43
2053,2032,2016
2054,2044,204
2055,2050,2027
2056,1489,1478
2057,2054,1881
2058,1968,1777
2059,1481,353
2060,1150,1052
2061,2024,72
2062,2055,1195
2063,2035,1321
2064,2053,1676
2065,449,152
2066,1566,1265
2067,2043,2039
2068,237,89
2069,2012,1536
2070,231,107
2071,1734,1657
2072,2036,1840
2073,1661,501
2074,62,12
2075,2030,1675
2076,2040,1647
2077,453,261
2078,1275,1082
2079,2047,2038
2080,1513,880
2081,2049,392
2082,1825,1631
2083,2057,1425
2084,1051,465
2085,2033,170
2086,281,246
2087,1890,1523
2088,2045,354
2089,1342,963
2090,1772,1589
2091,2062,1423
2092,257,59
2093,2064,1504
2094,2056,1815
2095,1334,1272
2096,1433,357
2097,2037,742
2098,1424,413
2099,146,37
2100,2074,171
2101,2081,119
2102,2093,762
2103,2090,2083
2104,2102,901
2105,1959,168
2106,2091,1497
2107,429,403
2108,2094,2068
2109,1577,1035
2110,2073,722
2111,1979,73
2112,1928,115
2113,2097,2085
2114,1180,527
2115,1292,343
2116,2051,1430
2117,1283,1020
2118,2104,1400
2119,2103,2071
2120,2100,1329
2121,440,218
2122,371,243
2123,2110,2060
2124,1068,793
2125,2061,2020
2126,2088,2069
2127,1835,1605
2128,1924,1126
2129,2118,2072
2130,2080,1087
2131,2052,1821
2132,2095,1311
2133,1457,1132
2134,2111,2106
2135,2117,1708
2136,260,255
2137,1758,97
2138,2113,658
2139,2042,1338
2140,2079,2076
2141,2119,103
2142,2089,1814
2143,2123,2082
2144,1877,1320
2145,1193,1006
2146,1886,259
2147,2078,1141
2148,2138,987
2149,2121,2115
2150,1692,1537
2151,2129,1037
2152,2087,1266
2153,200,167
2154,1967,1856
2155,2134,2108
2156,1299,1282
2157,1757,460
2158,2107,2092
2159,2151,2112
2160,2139,1239
2161,2142,508
2162,1994,1615
2163,2058,1868
2164,2148,1991
2165,2075,2067
2166,2141,1306
2167,2086,442
2168,1125,626
2169,2166,1498
2170,219,15
2171,2063,1463
2172,439,108
2173,291,4
2174,2155,1737
2175,2159,1337
2176,2127,339
2177,2169,2150
2178,2120,310
2179,2149,2114
2180,1603,1548
2181,2130,1503
2182,1375,298
2183,1415,1251
2184,2122,270
2185,655,184
2186,2174,1114
2187,2140,1230
2188,2158,423
2189,2152,1885
2190,2177,1883
2191,2164,2046
2192,2175,344
2193,1646,1295
2194,2132,1368
2195,2187,1308
2196,470,51
2197,2126,88
2198,2170,906
2199,2190,2096
2200,2168,2116
2201,587,118
2202,2160,1505
2203,2066,1218
2204,2192,935
2205,2186,2124
2206,2165,1941
2207,2195,1386
2208,1557,192
2209,1471,1439
2210,2208,2179
2211,2204,1398
2212,2135,2059
2213,2143,1552
2214,2144,1017
2215,292,238
2216,307,252
2217,425,337
2218,1224,1168
2219,1876,360
2220,2098,199
2221,2211,1606
2222,2128,46
2223,2199,1434
2224,498,275
2225,2131,1590
2226,2205,2048
2227,370,304
2228,1382,1367
2229,2213,2202
2230,2194,1579
2231,2191,1291
2232,2207,1914
2233,2105,1917
2234,1530,1379
2235,1613,1529
2236,2200,2154
2237,236,202
2238,2099,1601
2239,2156,1333
2240,2161,1586
2241,420,318
2242,2163,1101
2243,106,42
2244,1860,1643
2245,2184,876
2246,2223,2218
2247,2197,1156
2248,2226,1422
2249,2239,1297
2250,1710,1216
2251,495,52
2252,2215,2101
2253,1040,287
2254,179,61
2255,2229,2221
2256,2181,1041
2257,2220,1894
2258,805,635
2259,2196,2188
2260,299,186
2261,334,258
2262,2147,1417
2263,2210,2153
2264,2232,1253
2265,1560,286
2266,1787,1591
2267,2248,1186
2268,1923,1648
2269,2267,838
2270,2146,1660
2271,2249,2198
2272,2193,1651
2273,2236,2230
2274,2182,2178
2275,2256,2246
2276,2255,1187
2277,2084,278
2278,2231,137
2279,2269,916
2280,1435,1028
2281,2125,1144
2282,1127,300
2283,2275,1034
2284,1473,1083
2285,1348,350
2286,1693,400
2287,1350,17
2288,2242,1585
2289,2219,1707
2290,2228,1602
2291,1206,196
2292,2212,892
2293,2233,1450
2294,2279,2278
2295,2241,272
2296,796,739
2297,1384,229
2298,860,776
2299,2250,1761
2300,2276,2273
2301,2225,2173
2302,2137,312
2303,2264,2245
2304,2171,2133
2305,2290,1164
2306,2070,2065
2307,2183,1370
2308,2283,778
2309,2206,1304
2310,2189,1429
2311,1913,1645
2312,2167,415
2313,2145,1091
2314,2266,1257
2315,2176,2109
2316,473,189
2317,879,28
2318,1274,1067
2319,545,500
2320,1376,923
2321,2298,2234
2322,1204,296
2323,2308,2262
2324,1095,476
2325,1919,1826
2326,2303,2222
2327,279,129
2328,984,70
2329,2041,143
2330,2077,223
2331,2209,1076
2332,2247,122
2333,1925,1810
2334,1079,610
2335,2172,6
2336,497,469
2337,1739,1580
2338,2271,1965
2339,1827,314
2340,407,317
2341,2281,263
2342,2294,1214
2343,1551,1002
2344,2162,1108
2345,2323,2270
2346,2305,2263
2347,2310,784
2348,1904,1393
2349,979,9
2350,2342,1390
2351,2261,346
2352,2299,2157
2353,1870,1562
2354,1543,416
2355,2300,2292
2356,2240,1111
2357,2272,2180
2358,397,104
2359,1237,765
2360,2214,1104
2361,491,313
2362,2338,1044
2363,2347,2288
2364,2302,91
2365,2295,161
2366,2350,1345
2367,2277,395
2368,1729,191
2369,1402,365
2370,1681,175
2371,249,210
2372,1572,424
2373,2216,280
2374,2314,2311
2375,1510,629
2376,2345,662
2377,2356,2257
2378,149,10
2379,2265,1211
2380,1614,1269
2381,1619,1516
2382,2309,975
2383,2244,915
2384,2253,493
2385,2376,2307
2386,2366,789
2387,2346,2282
2388,316,306
2389,1279,1085
2390,2355,2348
2391,2252,273
2392,2312,639
2393,2334,2326
2394,1976,1395
2395,972,736
2396,1686,363
2397,2260,351
2398,2385,1859
2399,2315,1507
2400,2332,412
2401,2317,1062
2402,2386,2328
2403,2301,1532
2404,2393,933
2405,2235,1167
2406,1247,790
2407,2398,1322
2408,2400,2390
2409,1394,434
2410,2387,2362
2411,1359,843
2412,2217,133
2413,2402,2274
2414,2344,1029
2415,1795,1358
2416,1748,1674
2417,1437,1210
2418,2203,1075
2419,2324,872
2420,2322,1319
2421,452,254
2422,2407,2353
2423,2403,2363
2424,2351,2254
2425,185,67
2426,2304,1312
2427,2238,1466
2428,2368,1839
2429,2422,1666
2430,2349,2289
2431,2340,438
2432,2389,1932
2433,2429,2419
2434,2404,1441
2435,2420,1768
2436,2293,949
2437,176,31
2438,1209,68
2439,2296,541
2440,2259,1032
2441,274,205
2442,1811,496
2443,2413,2379
2444,2377,1117
2445,457,56
2446,2373,256
2447,134,81
2448,1408,529
2449,1033,862
2450,2401,791
2451,1372,1353
2452,2433,1022
2453,2434,1611
2454,2436,358
2455,2408,2321
2456,2375,849
2457,2359,2331
2458,2313,750
2459,2443,517
2460,2399,686
2461,2319,712
2462,2450,940
2463,1410,1340
2464,1622,1456
2465,2280,1285
2466,2341,109
2467,2360,1129
2468,2432,2374
2469,1327,694
2470,1824,1803
2471,2423,194
2472,2396,2392
2473,2460,2201
2474,2286,1313
2475,2455,1217
2476,2452,1122
2477,2462,2459
2478,2405,1445
2479,426,187
2480,1691,1452
2481,2440,2320
2482,178,84
2483,2406,781
2484,2327,1549
2485,2391,232
2486,1697,1324
2487,2431,266
2488,2354,1502
2489,2333,283
2490,481,87
2491,451,130
2492,504,319
2493,2439,579
2494,2430,1927
2495,2453,2284
2496,2444,2394
2497,2476,2418
2498,1973,1119
2499,468,111
2500,1820,435
2501,2467,1677
2502,2475,1818
2503,2285,1181
2504,2409,475
2505,2494,1950
2506,2382,13
2507,1170,572
2508,2426,1009
2509,2337,1351
2510,2477,540
2511,2502,1184
2512,2251,63
2513,1863,1030
2514,1952,1625
2515,2478,2384
2516,2497,2361
2517,1916,1116
2518,2427,1323
2519,2372,2365
2520,2511,2383
2521,944,800
2522,2352,1714
2523,2493,2473
2524,2456,710
2525,1280,1149
2526,2516,1704
2527,2520,2370
2528,480,233
2529,2485,1655
2530,2243,341
2531,2227,1776
2532,2495,2357
2533,2447,203
2534,2316,333
2535,2481,1113
2536,2395,1414
2537,2466,2297
2538,1833,993
2539,2381,1365
2540,2527,746
2541,2471,659
2542,1749,411
2543,467,322
2544,2378,348
2545,2454,1521
2546,2449,2410
2547,2480,2415
2548,1819,772
2549,2329,1
2550,2532,803
2551,1175,1094
2552,2510,2435
2553,2515,2417
2554,2451,2367
2555,2472,148
2556,461,406
2557,2526,1461
2558,1709,1599
2559,717,528
2560,2457,705
2561,2552,1396
2562,2496,419
2563,2557,2541
2564,1361,1238
2565,1903,1571
2566,2518,1451
2567,1515,383
2568,2524,1784
2569,2540,846
2570,2224,24
2571,2464,2428
2572,2508,1159
2573,2569,2546
2574,387,144
2575,1243,995
2576,2325,2136
2577,2364,1134
2578,2561,2424
2579,2512,418
2580,1642,1624
2581,2484,1346
2582,1388,157
2583,1638,602
2584,1011,268
2585,1409,565
2586,2458,902
2587,604,436
2588,909,444
2589,2568,1061
2590,2573,2505
2591,1109,586
2592,2550,2461
2593,2554,2358
2594,1679,524
2595,2469,751
2596,1354,190
2597,2535,2185
2598,2339,1942
2599,2578,2553
2600,1831,1616
2601,2539,2501
2602,1980,1454
2603,1721,1183
2604,1780,1563
2605,1008,58
2606,2468,2318
2607,2414,1069
2608,2523,1016
2609,2590,2335
2610,2562,2504
2611,1569,1194
2612,2522,1740
2613,2537,1936
2614,2592,1626
2615,2503,1852
2616,2563,2488
2617,990,606
2618,2421,361
2619,2572,325
2620,2438,1064
2621,165,30
2622,1191,588
2623,2589,2474
2624,2599,1050
2625,2616,904
2626,1594,836
2627,1066,166
2628,1983,1250
2629,982,741
2630,1484,441
2631,1878,716
2632,2397,139
2633,2483,865
2634,1670,1561
2635,2624,2617
2636,2506,598
2637,2609,1263
2638,2268,1244
2639,347,327
2640,2637,1426
2641,2507,928
2642,2640,2608
2643,1665,1215
2644,2560,38
2645,1493,1189
2646,2517,2369
2647,1986,929
2648,1472,1136
2649,2635,874
2650,1535,1014
2651,2625,2566
2652,2620,1403
2653,2597,2521
2654,1897,1527
2655,2595,1862
2656,2636,2545
2657,2529,2487
2658,2559,1391
2659,2614,2596
2660,1641,672
2661,2463,510
2662,297,201
2663,2258,1832
2664,2610,1146
2665,2651,856
2666,2619,924
2667,1568,1499
2668,2564,622
2669,2587,748
2670,2536,1634
2671,2558,1221
2672,1850,331
2673,2291,1197
2674,2343,691
2675,2482,499
2676,1431,701
2677,2665,1793
2678,2565,248
2679,2499,211
2680,2448,1872
2681,2649,1305
2682,2677,562
2683,2642,2571
2684,2446,2442
2685,1058,848
2686,2519,454
2687,1362,692
2688,2577,2531
2689,2681,1694
2690,2612,2416
2691,1559,1371
2692,2683,2588
2693,2682,734
2694,2659,1701
2695,2486,878
2696,2598,1934
2697,2586,503
2698,2425,1700
2699,1690,1267
2700,2530,147
2701,2694,1716
2702,2644,2538
2703,2693,1945
2704,2513,601
2705,1639,1155
2706,2606,1072
2707,2703,740
2708,2655,2555
2709,2692,936
2710,2709,1786
2711,1957,1459
2712,2702,743
2713,2465,1508
2714,685,214
2715,2600,1891
2716,446,408
2717,2544,422
2718,2664,1470
2719,2710,1995
2720,2547,1592
2721,2708,332
2722,2707,2582
2723,2701,605
2724,2719,2661
2725,1628,1151
2726,1972,576
2727,1783,1442
2728,2724,553
2729,988,977
2730,2549,193
2731,2660,1492
2732,2722,1706
2733,2594,25
2734,2628,1128
2735,2728,669
2736,1120,593
2737,2633,234
2738,2689,2542
2739,2732,2581
2740,2626,2380
2741,2718,2585
2742,2509,657
2743,2498,428
2744,2723,624
2745,2336,2306
2746,1609,1558
2747,2548,866
2748,2653,802
2749,1142,837
2750,2739,2330
2751,2735,761
2752,2514,719
2753,2657,2479
2754,1741,824
2755,1316,1160
2756,2411,1908
2757,2670,983
2758,2658,859
2759,2738,2712
2760,1545,1166
2761,2492,303
2762,2720,2686
2763,2666,269
2764,342,80
2765,729,656
2766,966,698
2767,1494,1317
2768,2601,1325
2769,2748,1669
2770,2750,1152
2771,1233,745
2772,2706,2371
2773,1596,32
2774,2656,78
2775,2646,1024
2776,2770,2643
2777,2741,2669
2778,2613,212
2779,2668,2623
2780,2691,459
2781,373,177
2782,1226,850
2783,1004,145
2784,2776,1901
2785,2679,1314
2786,1841,1658
2787,2528,225
2788,2543,430
2789,2751,715
2790,2784,1963
2791,2744,2652
2792,464,54
2793,2759,2605
2794,2534,382
2795,2690,2654
2796,2713,1796
2797,2441,335
2798,2790,2731
2799,1774,594
2800,2695,532
2801,2789,2772
2802,2777,2489
2803,2769,1021
2804,2762,2737
2805,2779,2752
2806,1889,1468
2807,2798,808
2808,2801,1966
2809,2793,2645
2810,471,448
2811,2556,164
2812,1407,1192
2813,2753,240
2814,2650,2575
2815,2807,814
2816,1939,650
2817,1460,1309
2818,2809,2629
2819,1672,93
2820,2525,1420
2821,2721,913
2822,2607,1600
2823,2754,1790
2824,2791,825
2825,2671,443
2826,2729,1766
2827,2768,2647
2828,2717,66
2829,2808,2551
2830,1182,1047
2831,2697,2680
2832,1449,381
2833,2641,1800
2834,2733,2615
2835,2774,2757
2836,2711,2603
2837,2815,2799
2838,1453,197
2839,2824,1328
2840,1854,1145
2841,2829,1964
2842,2678,1804
2843,1823,1118
2844,2839,2837
2845,1428,1097
2846,777,55
2847,1982,1185
2848,2632,2491
2849,2802,2755
2850,2821,957
2851,2688,2533
2852,2841,2826
2853,955,567
2854,336,213
2855,2746,2727
2856,1779,114
2857,1048,217
2858,2803,1785
2859,559,558
2860,614,547
2861,1581,92
2862,2819,1788
2863,1993,1234
2864,1576,896
2865,1989,888
2866,2780,1671
2867,2835,2567
2868,2852,1496
2869,1588,208
2870,2847,2742
2871,2630,2583
2872,2763,377
2873,1196,943
2874,2833,1582
2875,2631,571
2876,2795,2699
2877,2704,546
2878,2868,2858
2879,2850,2813
2880,2715,1745
2881,2818,2287
2882,1907,1789
2883,2673,2570
2884,2602,1287
2885,768,328
2886,224,140
2887,2758,877
2888,2700,126
2889,2878,2831
2890,2611,2593
2891,1743,1715
2892,2804,1752
2893,2786,1636
2894,142,29
2895,2881,523
2896,2825,2698
2897,2500,1488
2898,2842,2756
2899,1352,599
2900,1668,1427
2901,427,345
2902,2576,2
2903,2773,1938
2904,2889,2887
2905,2844,812
2906,1019,539
2907,2895,136
2908,2849,985
2909,2237,169
2910,2696,1627
2911,2817,99
2912,2805,2771
2913,1258,506
2914,492,110
2915,2905,2806
2916,2816,544
2917,2827,1174
2918,2876,1038
2919,2634,180
2920,1163,927
2921,1684,548
2922,1369,352
2923,2854,1656
2924,2684,2618
2925,2908,2866
2926,2685,758
2927,2861,2676
2928,2872,822
2929,2775,1575
2930,1620,7
2931,2904,1363
2932,2912,2870
2933,141,102
2934,2812,1078
2935,958,302
2936,2931,1816
2937,2907,2714
2938,2936,2877
2939,2938,839
2940,2836,2730
2941,1685,1298
2942,2843,764
2943,2879,1654
2944,1875,85
2945,2674,2470
2946,1474,16
2947,2785,1232
2948,2584,1909
2949,2892,1310
2950,123,23
2951,2937,2846
2952,2918,2687
2953,2939,1477
2954,2743,155
2955,1808,1476
2956,305,162
2957,2862,2782
2958,1817,1623
2959,2823,2747
2960,1360,886
2961,1479,538
2962,2814,1802
2963,2778,1864
2964,2953,1546
2965,2928,1722
2966,2766,1540
2967,2800,942
2968,2917,1005
2969,2726,795
2970,1147,1065
2971,2445,952
2972,2921,2875
2973,2915,2874
2974,2964,1007
2975,2834,1054
2976,432,21
2977,2951,831
2978,2977,2579
2979,2591,640
2980,2974,1161
2981,2736,898
2982,2926,209
2983,1326,554
2984,2916,542
2985,2980,590
2986,2973,2627
2987,1711,1071
2988,1241,1088
2989,2925,918
2990,2986,735
2991,2985,2845
2992,479,195
2993,1587,1199
2994,2884,970
2995,2787,2662
2996,2978,1385
2997,2962,2820
2998,549,518
2999,2990,2898
3000,920,700
3001,2991,1667
3002,2856,1805
3003,992,680
3004,1570,900
3005,2968,2725
3006,2648,1974
3007,2740,1855
3008,3001,1610
3009,1750,1637
3010,2949,2946
3011,2867,1806
3012,2796,1074
3013,2932,2865
3014,216,172
3015,1797,494
3016,1373,763
3017,2760,1525
3018,3008,1264
3019,1412,1318
3020,3018,1781
3021,2734,125
3022,293,262
3023,1556,623
3024,1759,643
3025,2929,2863
3026,1695,1682
3027,2716,2490
3028,1829,709
3029,2783,330
3030,3010,2848
3031,1207,766
3032,2967,2943
3033,2972,711
3034,3020,2903
3035,1763,934
3036,2788,2621
3037,2975,752
3038,2781,1294
3039,1130,1099
3040,3034,706
3041,2857,1055
3042,2910,1528
3043,2745,324
3044,3040,783
3045,2667,1724
3046,2989,660
3047,3007,989
3048,2999,1374
3049,2957,2705
3050,3044,3013
3051,2822,912
3052,2963,631
3053,2893,1531
3054,3048,3046
3055,2899,1564
3056,3011,2933
3057,2965,2767
3058,721,76
3059,3005,2896
3060,2930,806
3061,1421,1176
3062,2838,227
3063,2966,1341
3064,2811,49
3065,1307,667
3066,2947,1541
3067,2828,1719
3068,3050,683
3069,301,288
3070,2971,1268
3071,1331,564
3072,2672,1578
3073,326,128
3074,2890,466
3075,1999,1998
3076,3062,2996
3077,2934,1411
3078,2997,873
3079,1921,1053
3080,1387,1249
3081,3025,841
3082,3031,731
3083,3068,1782
3084,2761,83
3085,3032,1844
3086,2922,1100
3087,3077,3054
3088,1026,153
3089,2994,2942
3090,3083,2900
3091,1702,372
3092,3056,1997
3093,1042,704
3094,3055,1595
3095,2954,396
3096,3076,1278
3097,3090,1584
3098,2869,320
3099,1289,414
3100,3002,2979
3101,1775,241
3102,1200,820
3103,3097,1736
3104,3087,2955
3105,3041,2604
3106,3103,627
3107,463,113
3108,2945,1404
3109,3030,1798
3110,2851,1380
3111,3057,744
3112,3037,607
3113,1703,818
3114,2959,2855
3115,3106,1644
3116,3096,775
3117,932,183
3118,1336,1190
3119,282,127
3120,3081,759
3121,3115,2871
3122,2920,1355
3123,3116,1689
3124,3052,1760
3125,3003,3000
3126,1343,1059
3127,2940,226
3128,1539,455
3129,3104,842
3130,2914,474
3131,3123,688
3132,3121,2927
3133,3131,2894
3134,2998,994
3135,3047,3004
3136,1335,801
3137,3085,1364
3138,295,69
3139,2902,819
3140,1981,1718
3141,3026,271
3142,3129,3093
3143,2832,1500
3144,1943,1106
3145,3108,845
3146,3042,1356
3147,3092,1653
3148,1633,1012
3149,3142,3066
3150,1756,889
3151,159,36
3152,3149,749
3153,3038,613
3154,3012,708
3155,3033,779
3156,3045,2969
3157,1971,1255
3158,3132,895
3159,3111,828
3160,3009,2948
3161,3133,851
3162,3120,2984
3163,1248,1173
3164,3158,899
3165,1225,830
3166,3152,1538
3167,3051,2765
3168,3016,2913
3169,3105,1612
3170,2981,1169
3171,1526,925
3172,1728,1509
3173,3161,2888
3174,3164,3109
3175,3166,3094
3176,3006,620
3177,3137,679
3178,3156,2982
3179,3114,3053
3180,2911,2891
3181,3175,1822
3182,3159,603
3183,3174,3029
3184,3181,804
3185,3059,702
3186,3124,1853
3187,2864,1260
3188,375,309
3189,3177,3162
3190,3185,3028
3191,3049,39
3192,3135,581
3193,3184,3150
3194,2952,760
3195,3147,2906
3196,3067,3064
3197,2749,948
3198,355,173
3199,1440,456
3200,3183,1203
3201,3193,1884
3202,3065,619
3203,2859,673
3204,3078,2901
3205,3190,3173
3206,3130,1985
3207,2983,2853
3208,3195,1300
3209,3112,887
3210,2958,2880
3211,1895,1744
3212,3201,1920
3213,3200,792
3214,2580,881
3215,2675,2412
3216,1662,482
3217,3154,3110
3218,3089,893
3219,3043,2794
3220,1231,1171
3221,3212,3178
3222,3186,3017
3223,1031,937
3224,3189,3075
3225,3082,767
3226,2944,2919
3227,3019,585
3228,3221,1547
3229,2924,1922
3230,3167,3139
3231,3213,3063
3232,3231,3192
3233,3194,1080
3234,3182,1871
3235,3134,1245
3236,1405,813
3237,2886,1555
3238,1935,1485
3239,2909,250
3240,3084,2970
3241,3205,969
3242,3228,561
3243,3125,882
3244,3222,1958
3245,1912,1762
3246,3208,3141
3247,3176,3021
3248,3144,844
3249,2961,615
3250,3203,3118
3251,3179,2622
3252,1448,1235
3253,3232,730
3254,2941,1733
3255,3242,3168
3256,3234,670
3257,3253,511
3258,2897,8
3259,1261,630
3260,3229,2797
3261,1765,1726
3262,3022,1618
3263,3243,1092
3264,3098,2993
3265,1514,276
3266,3218,3079
3267,3266,3255
3268,2840,526
3269,3240,1640
3270,3241,3226
3271,1003,649
3272,3036,2792
3273,3263,3187
3274,3257,520
3275,3267,857
3276,3274,3235
3277,3244,1880
3278,3146,3101
3279,1996,678
3280,3275,3224
3281,3276,3256
3282,3217,1847
3283,1344,90
3284,2663,399
3285,3246,1227
3286,1621,707
3287,3023,723
3288,3095,364
3289,3199,1240
3290,3145,724
3291,3209,2960
3292,3281,1899
3293,3292,2995
3294,3086,1271
3295,3100,608
3296,3285,799
3297,3070,1738
3298,3180,3140
3299,3277,1482
3300,2810,1918
3301,3233,3039
3302,3170,431
3303,1001,514
3304,3293,3071
3305,3074,188
3306,3304,829
3307,3290,646
3308,3204,3143
3309,3306,905
3310,405,338
3311,3309,3225
3312,3270,1597
3313,3311,1727
3314,3091,1723
3315,2638,1121
3316,3035,2885
3317,3299,45
3318,3313,894
3319,3298,699
3320,1475,222
3321,3280,926
3322,3113,1512
3323,3169,3160
3324,3296,637
3325,3155,747
3326,2883,757
3327,3230,595
3328,3014,3
3329,1339,40
3330,1077,228
3331,3214,1178
3332,3219,3027
3333,3254,1124
3334,3058,981
3335,3102,867
3336,1593,1205
3337,3272,19
3338,1699,965
3339,3291,960
3340,3321,3319
3341,3250,671
3342,356,35
3343,2437,265
3344,2987,1731
3345,3318,3308
3346,340,181
3347,3258,105
3348,3312,3202
3349,3348,1975
3350,3324,3295
3351,3339,3282
3352,1879,374
3353,3326,868
3354,3197,1929
3355,3259,3061
3356,1807,703
3357,3302,3247
3358,1978,1153
3359,3340,1469
3360,3088,485
3361,3297,552
3362,3294,3251
3363,3210,264
3364,3345,875
3365,1902,5
3366,3325,737
3367,3239,484
3368,3278,3127
3369,2830,648
3370,3359,634
3371,3341,773
3372,3307,914
3373,3364,1490
3374,3273,618
3375,3370,3338
3376,3373,531
3377,3376,3349
3378,2639,27
3379,472,206
3380,1049,1015
3381,1688,907
3382,3165,617
3383,3375,3303
3384,3024,1664
3385,3383,1770
3386,3323,1801
3387,1882,797
3388,3385,551
3389,1866,1284
3390,3172,1270
3391,3128,1045
3392,3388,769
3393,3392,974
3394,3211,1849
3395,3327,2873
3396,3223,1680
3397,3393,3335
3398,483,26
3399,1043,515
3400,3301,1629
3401,3157,1303
3402,1955,1381
3403,3269,3188
3404,1110,664
3405,3148,945
3406,3153,384
3407,537,536
3408,863,675
3409,1491,1486
3410,311,244
3411,3305,95
3412,3315,939
3413,3080,1148
3414,120,100
3415,3397,3317
3416,3015,684
3417,3107,855
3418,3381,1081
3419,3356,3350
3420,3236,1915
3421,3220,1673
3422,3337,1843
3423,3191,1112
3424,3072,1988
3425,3300,1458
3426,1277,645
3427,3415,3400
3428,3407,580
3429,488,198
3430,3372,3261
3431,3216,1874
3432,3395,3163
3433,3377,3361
3434,3284,378
3435,3060,999
3436,3122,922
3437,391,323
3438,3403,3386
3439,3362,1896
3440,771,284
3441,3427,3264
3442,3238,1799
3443,3441,1960
3444,2935,921
3445,3369,885
3446,1089,1000
3447,861,522
3448,3347,447
3449,2860,1254
3450,3351,3171
3451,3196,2882
3452,1501,445
3453,2574,1954
3454,3433,908
3455,3366,3268
3456,3443,810
3457,3444,666
3458,3406,2976
3459,3352,1663
3460,3336,3283
3461,3363,1962
3462,3454,557
3463,3430,3262
3464,3237,1725
3465,3271,1139
3466,3379,230
3467,3344,3227
3468,3248,1905
3469,3462,3117
3470,3456,163
3471,3412,3371
3472,3328,366
3473,3470,533
3474,1977,1392
3475,3435,1956
3476,3439,1873
3477,3353,329
3478,3473,1057
3479,3469,809
3480,3479,1135
3481,1836,1483
3482,3151,2992
3483,3478,3374
3484,3480,3286
3485,3419,1900
3486,3136,1273
3487,1010,638
3488,3484,3418
3489,919,315
3490,3287,3265
3491,689,131
3492,3314,1332
3493,3483,3333
3494,1583,1063
3495,976,727
3496,3493,1138
3497,3320,3073
3498,3496,713
3499,3404,720
3500,3288,1933
3501,3453,3354
3502,1771,1687
3503,3488,509
3504,3322,3249
3505,3498,1861
3506,3316,1554
3507,3423,573
3508,3260,3206
3509,3476,3471
3510,3505,1650
3511,3503,478
3512,3510,931
3513,3512,3442
3514,3511,786
3515,971,823
3516,1987,853
3517,3513,1259
3518,3411,3399
3519,3458,3450
3520,2923,653
3521,3477,1506
3522,3514,3380
3523,3398,3069
3524,3455,1228
3525,3517,3468
3526,3357,3289
3527,359,235
3528,3525,780
3529,3522,951
3530,3529,521
3531,3485,964
3532,3432,625
3533,903,891
3534,3413,3207
3535,3368,652
3536,3530,3396
3537,3528,1712
3538,3537,3425
3539,2956,458
3540,3279,1767
3541,3099,967
3542,3384,1970
3543,959,956
3544,3448,1056
3545,3367,1848
3546,3536,642
3547,3531,1419
3548,816,174
3549,3457,3360
3550,3445,597
3551,3538,1517
3552,3551,3523
3553,3546,535
3554,3534,1397
3555,3507,1465
3556,3500,3405
3557,3552,3438
3558,1887,1846
3559,3463,1713
3560,1432,560
3561,221,82
3562,3331,1812
3563,794,487
3564,3553,884
3565,3509,3428
3566,3564,1208
3567,3526,3494
3568,1495,1301
3569,3547,3532
3570,3544,3520
3571,1162,574
3572,3557,1632
3573,3565,3559
3574,3451,3138
3575,3459,116
3576,3535,3417
3577,3409,946
3578,3549,376
3579,3576,3566
3580,3579,591
3581,1751,798
3582,1550,811
3583,3550,3519
3584,968,681
3585,3390,674
3586,3518,3492
3587,3572,3446
3588,3587,3490
3589,3434,1851
3590,3489,417
3591,3436,3346
3592,3580,3504
3593,3555,3334
3594,3465,3416
3595,3588,854
3596,3595,3499
3597,3569,1416
3598,3596,1157
3599,3452,242
3600,182,11
3601,2764,385
3602,3461,3215
3603,3506,3358
3604,3598,696
3605,1630,362
3606,3592,3421
3607,3593,3567
3608,3467,1732
3609,3464,1198
3610,3524,3382
3611,3604,641
3612,3556,1659
3613,3394,1948
3614,3606,693
3615,1717,1524
3616,3611,3562
3617,1931,826
3618,1865,1102
3619,486,379
3620,3614,697
3621,1683,890
3622,3616,3540
3623,3620,3543
3624,1212,633
3625,3622,3573
3626,3378,158
3627,3355,98
3628,3578,1418
3629,2950,388
3630,3541,3126
3631,3558,1911
3632,3533,575
3633,3623,1792
3634,3401,725
3635,3577,1791
3636,3515,996
3637,3633,3516
3638,3426,1296
3639,3422,1867
3640,3447,755
3641,3586,530
3642,3625,3560
3643,3637,807
3644,3583,1401
3645,3643,3585
3646,3641,519
3647,1025,14
3648,3329,1444
3649,3642,3408
3650,3508,1520
3651,1447,1036
3652,3645,3521
3653,3649,1090
3654,3653,3646
3655,3575,57
3656,3602,3449
3657,3652,1947
3658,3657,663
3659,3654,3624
3660,3391,1286
3661,3658,570
3662,1366,1262
3663,3495,1608
3664,3365,1893
3665,3612,1753
3666,3644,3608
3667,1553,774
3668,3661,1443
3669,3599,3482
3670,1252,654
3671,3582,3475
3672,3668,961
3673,3672,3501
3674,1573,1533
3675,2988,1213
3676,3673,3554
3677,3659,616
3678,1944,1276
3679,3676,3584
3680,3651,3481
3681,3677,1202
3682,3487,827
3683,3681,1837
3684,3460,1378
3685,3683,3667
3686,3679,3635
3687,3486,3420
3688,3685,1930
3689,3686,583
3690,3689,1604
3691,3607,1937
3692,3688,817
3693,3634,1406
3694,1730,245
3695,3690,369
3696,3597,834
3697,1828,911
3698,3696,3617
3699,3631,1290
3700,3692,505
3701,3342,3119
3702,3574,3343
3703,3700,1910
3704,3548,869
3705,3703,3628
3706,3502,726
3707,3589,569
3708,3695,910
3709,3640,611
3710,3666,556
3711,3708,3632
3712,832,568
3713,3705,1413
3714,1990,489
3715,3710,682
3716,3713,3699
3717,3711,3618
3718,3716,600
3719,3414,3310
3720,3718,3639
3721,3627,1940
3722,3698,883
3723,3252,60
3724,3720,1754
3725,3715,636
3726,3609,3601
3727,3665,1565
3728,3545,18
3729,3724,3647
3730,3729,676
3731,3474,239
3732,3722,3245
3733,3330,1105
3734,512,65
3735,3730,835
3736,3655,3539
3737,3735,3714
3738,1223,1165
3739,3621,1652
3740,3717,1140
3741,3737,1293
3742,3603,1794
3743,3741,1467
3744,3682,3497
3745,3727,3691
3746,3389,1813
3747,437,50
3748,3740,695
3749,3748,3680
3750,3743,756
3751,3671,998
3752,3630,1246
3753,3431,3402
3754,3750,3660
3755,3725,3636
3756,3704,753
3757,3749,3563
3758,3754,3697
3759,3387,1755
3760,3757,733
3761,3758,3693
3762,3687,1172
3763,3615,294
3764,3761,3721
3765,3726,3650
3766,3760,582
3767,1103,661
3768,3751,3707
3769,3766,543
3770,3764,3755
3771,1992,1143
3772,1869,1635
3773,3769,1027
3774,1229,897
3775,1949,770
3776,3745,3610
3777,3732,3712
3778,3777,0
3779,3762,394
3780,577,507
3781,3664,3629
3782,3776,3773
3783,3684,3542
3784,3783,3605
3785,3702,3613
3786,3742,3731
3787,3770,3581
3788,947,687
3789,3728,3561
3790,1809,404
3791,950,612
3792,3787,3778
3793,1617,589
3794,3782,1696
3795,3794,3734
3796,3706,1773
3797,3570,609
3798,3656,3332
3799,3779,3424
3800,3571,628
3801,3792,1720
3802,3775,986
3803,3675,1158
3804,1858,1377
3805,3801,732
3806,3638,647
3807,3709,1399
3808,1888,525
3809,3491,632
3810,3795,3437
3811,3810,1534
3812,3811,3785
3813,3805,3663
3814,3590,870
3815,3812,349
3816,3763,840
3817,3774,3752
3818,3472,3466
3819,3815,833
3820,1946,1487
3821,3768,48
3822,3813,3591
3823,3819,3738
3824,3823,1764
3825,3824,1070
3826,3765,1961
3827,3822,644
3828,3827,3802
3829,3736,3429
3830,3828,787
3831,3825,1574
3832,3831,321
3833,3830,555
3834,3829,3826
3835,3833,1179
3836,1511,154
3837,973,566
3838,3791,3788
3839,1389,738
3840,3793,3733
3841,3835,621
3842,3841,3821
3843,3669,121
3844,3842,3804
3845,3832,1480
3846,3845,677
3847,3797,3781
3848,3723,2388
3849,3844,3674
3850,3846,3796
3851,3838,3816
3852,3849,3809
3853,550,290
3854,3850,1698
3855,3854,3843
3856,3744,450
3857,3855,665
3858,3857,1060
3859,3786,785
3860,3858,3568
3861,3852,3800
3862,3860,690
3863,3847,277
3864,3861,1288
3865,3864,1115
3866,3865,516
3867,821,584
3868,3866,1222
3869,3868,941
3870,3869,3806
3871,3594,962
3872,3198,1123
3873,852,788
3874,3862,1086
3875,3874,3648
3876,3875,3851
3877,3870,3739
3878,1519,980
3879,3877,847
3880,3879,1735
3881,3880,3799
3882,3834,44
3883,3759,782
3884,3876,953
3885,3771,1383
3886,3814,954
3887,3701,421
3888,3881,3807
3889,991,592
3890,3884,3882
3891,3890,3867
3892,3817,3767
3893,3859,3837
3894,3818,3619
3895,3891,3756
3896,3888,871
3897,3896,858
3898,3897,3839
3899,3898,3883
3900,3895,3410
3901,3856,668
3902,3772,1518
3903,3899,3808
3904,3903,3900
3905,3863,864
3906,3893,3719
3907,3853,1542
3908,3892,3885
3909,3904,386
3910,3836,3746
3911,3871,1898
3912,3670,1438
3913,3906,3784
3914,3798,3753
3915,3887,3527
3916,3872,502
3917,3803,1302
3918,3905,978
3919,3894,3747
3920,1705,156
3921,3840,3440
3922,3918,3780
3923,3912,3909
3924,3911,3820
3925,3923,3919
3926,3925,1607
3927,3600,393
3928,3790,1436
3929,3908,1845
3930,3662,289
3931,3926,938
3932,3931,3901
3933,3929,3922
3934,3678,1330
3935,3921,578
3936,3932,3915
3937,3914,101
3938,1455,1256
3939,3916,1462
3940,3878,308
3941,1522,718
3942,3936,3924
3943,3942,1023
3944,3943,563
3945,3944,3938
3946,3928,3913
3947,3937,3889
3948,3886,1969
3949,3945,3939
3950,728,22
3951,3949,596
3952,3951,3907
3953,930,754
3954,3952,402
3955,3947,3694
3956,3954,1678
3957,3873,1769
3958,3956,513
3959,3955,3902
3960,3958,267
3961,3960,1236
3962,3961,3948
3963,3848,3789
3964,247,64
3965,3950,3946
3966,3933,462
3967,3964,3962
3968,3967,3917
3969,3968,3965
3970,3969,132
3971,3959,997
3972,3970,3920
3973,3966,3934
3974,1830,71
3975,3972,3927
3976,3975,3940
3977,3976,3957
3978,1953,1464
3979,3977,1906
3980,3971,34
3981,3979,3910
3982,3981,3973
3983,3982,3978
3984,3983,3953
3985,3935,3626
3986,3980,917
3987,3930,380
3988,3986,3985
3989,3984,1046
3990,3989,3987
3991,3988,160
3992,3990,534
3993,3992,3963
3994,3991,1842
3995,3993,3941
3996,3994,3974
3997,3996,651
3998,3997,3995
