2000,1598,1013
2001,1242,433
2002,1281,33
2003,1315,1201
2004,1951,96
2005,1926,1857
2006,1096,390
2007,2001,1098
2008,2004,94
2009,2003,2000
2010,2007,53
2011,2002,1177
2012,409,207
2013,1219,1073
2014,2008,150
2015,2009,1357
2016,2005,41
2017,2010,2006
2018,477,117
2019,490,220
2020,389,20
2021,2013,1742
2022,1131,815
2023,2018,1084
2024,398,367
2025,1838,1544
2026,2017,215
2027,2026,77
2028,2011,1039
2029,2015,2014
2030,1567,47
2031,2021,1188
2032,2028,135
2033,2023,2019
2034,2022,1137
2035,1446,1018
2036,1649,1093
2037,1892,1154
2038,2031,1107
2039,1778,1133
2040,1220,79
2041,253,112
2042,1746,74
2043,1984,1349
2044,2029,124
2045,410,138
2046,151,86
2047,2025,1347
2048,285,75
2049,401,368
2050,2034,714
2051,1834,251
2052,1747,43
2053,2032,2016
2054,2044,204
2055,2050,2027
2056,1489,1478
2057,2054,1881
2058,1968,1777
2059,1481,353
2060,1150,1052
2061,2024,72
2062,2055,1195
2063,2035,1321
2064,2053,1676
2065,449,152
2066,1566,1265
2067,2043,2039
2068,237,89
2069,2012,1536
2070,231,107
2071,1734,1657
2072,2036,1840
2073,1661,501
2074,62,12
2075,2030,1675
2076,2040,1647
2077,453,261
2078,1275,1082
2079,2047,2038
2080,1513,880
2081,2049,392
2082,1825,1631
2083,2057,1425
2084,1051,465
2085,2033,170
2086,281,246
2087,1890,1523
2088,2045,354
2089,1342,963
2090,1772,1589
2091,2062,1423
2092,257,59
2093,2064,1504
2094,2056,1815
2095,1334,1272
2096,1433,357
2097,2037,742
2098,1424,413
2099,146,37
2100,2074,171
2101,2081,119
2102,2093,762
2103,2090,2083
2104,2102,901
2105,1959,168
2106,2091,1497
2107,429,403
2108,2094,2068
2109,1577,1035
2110,2073,722
2111,1979,73
2112,1928,115
2113,2097,2085
2114,1180,527
2115,1292,343
2116,2051,1430
2117,1283,1020
2118,2104,1400
2119,2103,2071
2120,2100,1329
2121,440,218
2122,371,243
2123,2110,2060
2124,1068,793
2125,2061,2020
2126,2088,2069
2127,1835,1605
2128,1924,1126
2129,2118,2072
2130,2080,1087
2131,2052,1821
2132,2095,1311
2133,1457,1132
2134,2111,2106
2135,2117,1708
2136,260,255
2137,1758,97
2138,2113,658
2139,2042,1338
2140,2079,2076
2141,2119,103
2142,2089,1814
2143,2123,2082
2144,1877,1320
2145,1193,1006
2146,1886,259
2147,2078,1141
2148,2138,987
2149,2121,2115
2150,1692,1537
2151,2129,1037
2152,2087,1266
2153,200,167
2154,1967,1856
2155,2134,2108
2156,1299,1282
2157,1757,460
2158,2107,2092
2159,2151,2112
2160,2139,1239
2161,2142,508
2162,1994,1615
2163,2058,1868
2164,2148,1991
2165,2075,2067
2166,2141,1306
2167,2086,442
2168,1125,626
2169,2166,1498
2170,219,15
2171,2063,1463
2172,439,108
2173,291,4
2174,2155,1737
2175,2159,1337
2176,2127,339
2177,2169,2150
2178,2120,310
2179,2149,2114
2180,1603,1548
2181,2130,1503
2182,1375,298
2183,1415,1251
2184,2122,270
2185,655,184
2186,2174,1114
2187,2140,1230
2188,2158,423
2189,2152,1885
2190,2177,1883
2191,2164,2046
2192,2175,344
2193,1646,1295
2194,2132,1368
2195,2187,1308
2196,470,51
2197,2126,88
2198,2170,906
2199,2190,2096
2200,2168,2116
2201,587,118
2202,2160,1505
2203,2066,1218
2204,2192,935
2205,2186,2124
2206,2165,1941
2207,2195,1386
2208,1557,192
2209,1471,1439
2210,2208,2179
2211,2204,1398
2212,2135,2059
2213,2143,1552
2214,2144,1017
2215,292,238
2216,307,252
2217,425,337
2218,1224,1168
2219,1876,360
2220,2098,199
2221,2211,1606
2222,2128,46
2223,2199,1434
2224,498,275
2225,2131,1590
2226,2205,2048
2227,370,304
2228,1382,1367
2229,2213,2202
2230,2194,1579
2231,2191,1291
2232,2207,1914
2233,2105,1917
2234,1530,1379
2235,1613,1529
2236,2200,2154
2237,236,202
2238,2099,1601
2239,2156,1333
2240,2161,1586
2241,420,318
2242,2163,1101
2243,106,42
2244,1860,1643
2245,2184,876
2246,2223,2218
2247,2197,1156
2248,2226,1422
2249,2239,1297
2250,1710,1216
2251,495,52
2252,2215,2101
2253,1040,287
2254,179,61
2255,2229,2221
2256,2181,1041
2257,2220,1894
2258,805,635
2259,2196,2188
2260,299,186
2261,334,258
2262,2147,1417
2263,2210,2153
2264,2232,1253
2265,1560,286
2266,1787,1591
2267,2248,1186
2268,1923,1648
2269,2267,838
2270,2146,1660
2271,2249,2198
2272,2193,1651
2273,2236,2230
2274,2182,2178
2275,2256,2246
2276,2255,1187
2277,2084,278
2278,2231,137
2279,2269,916
2280,1435,1028
2281,2125,1144
2282,1127,300
2283,2275,1034
2284,1473,1083
2285,1348,350
2286,1693,400
2287,1350,17
2288,2242,1585
2289,2219,1707
2290,2228,1602
2291,1206,196
2292,2212,892
2293,2233,1450
2294,2279,2278
2295,2241,272
2296,796,739
2297,1384,229
2298,860,776
2299,2250,1761
2300,2276,2273
2301,2225,2173
2302,2137,312
2303,2264,2245
2304,2171,2133
2305,2290,1164
2306,2070,2065
2307,2183,1370
2308,2283,778
2309,2206,1304
2310,2189,1429
2311,1913,1645
2312,2167,415
2313,2145,1091
2314,2266,1257
2315,2176,2109
2316,473,189
2317,879,28
2318,1274,1067
2319,545,500
2320,1376,923
2321,2298,2234
2322,1204,296
2323,2308,2262
2324,1095,476
2325,1919,1826
2326,2303,2222
2327,279,129
2328,984,70
2329,2041,143
2330,2077,223
2331,2209,1076
2332,2247,122
2333,1925,1810
2334,1079,610
2335,2172,6
2336,497,469
2337,1739,1580
2338,2271,1965
2339,1827,314
2340,407,317
2341,2281,263
2342,2294,1214
2343,1551,1002
2344,2162,1108
2345,2323,2270
2346,2305,2263
2347,2310,784
2348,1904,1393
2349,979,9
2350,2342,1390
2351,2261,346
2352,2299,2157
2353,1870,1562
2354,1543,416
2355,2300,2292
2356,2240,1111
2357,2272,2180
2358,397,104
2359,1237,765
2360,2214,1104
2361,491,313
2362,2338,1044
2363,2347,2288
2364,2302,91
2365,2295,161
2366,2350,1345
2367,2277,395
2368,1729,191
2369,1402,365
2370,1681,175
2371,249,210
2372,1572,424
2373,2216,280
2374,2314,2311
2375,1510,629
2376,2345,662
2377,2356,2257
2378,149,10
2379,2265,1211
2380,1614,1269
2381,1619,1516
2382,2309,975
2383,2244,915
2384,2253,493
2385,2376,2307
2386,2366,789
2387,2346,2282
2388,316,306
2389,1279,1085
2390,2355,2348
2391,2252,273
2392,2312,639
2393,2334,2326
2394,1976,1395
2395,972,736
2396,1686,363
2397,2260,351
2398,2385,1859
2399,2315,1507
2400,2332,412
2401,2317,1062
2402,2386,2328
2403,2301,1532
2404,2393,933
2405,2235,1167
2406,1247,790
2407,2398,1322
2408,2400,2390
2409,1394,434
2410,2387,2362
2411,1359,843
2412,2217,133
2413,2402,2274
2414,2344,1029
2415,1795,1358
2416,1748,1674
2417,1437,1210
2418,2203,1075
2419,2324,872
2420,2322,1319
2421,452,254
2422,2407,2353
2423,2403,2363
2424,2351,2254
2425,185,67
2426,2304,1312
2427,2238,1466
2428,2368,1839
2429,2422,1666
2430,2349,2289
2431,2340,438
2432,2389,1932
2433,2429,2419
2434,2404,1441
2435,2420,1768
2436,2293,949
2437,176,31
2438,1209,68
2439,2296,541
2440,2259,1032
2441,274,205
2442,1811,496
2443,2413,2379
2444,2377,1117
2445,457,56
2446,2373,256
2447,134,81
2448,1408,529
2449,1033,862
2450,2401,791
2451,1372,1353
2452,2433,1022
2453,2434,1611
2454,2436,358
2455,2408,2321
2456,2375,849
2457,2359,2331
2458,2313,750
2459,2443,517
2460,2399,686
2461,2319,712
2462,2450,940
2463,1410,1340
2464,1622,1456
2465,2280,1285
2466,2341,109
2467,2360,1129
2468,2432,2374
2469,1327,694
2470,1824,1803
2471,2423,194
2472,2396,2392
2473,2460,2201
2474,2286,1313
2475,2455,1217
2476,2452,1122
2477,2462,2459
2478,2405,1445
2479,426,187
2480,1691,1452
2481,2440,2320
2482,178,84
2483,2406,781
2484,2327,1549
2485,2391,232
2486,1697,1324
2487,2431,266
2488,2354,1502
2489,2333,283
2490,481,87
2491,451,130
2492,504,319
2493,2439,579
2494,2430,1927
2495,2453,2284
2496,2444,2394
2497,2476,2418
2498,1973,1119
2499,468,111
2500,1820,435
2501,2467,1677
2502,2475,1818
2503,2285,1181
2504,2409,475
2505,2494,1950
2506,2382,13
2507,1170,572
2508,2426,1009
2509,2337,1351
2510,2477,540
2511,2502,1184
2512,2251,63
2513,1863,1030
2514,1952,1625
2515,2478,2384
2516,2497,2361
2517,1916,1116
2518,2427,1323
2519,2372,2365
2520,2511,2383
2521,944,800
2522,2352,1714
2523,2493,2473
2524,2456,710
2525,1280,1149
2526,2516,1704
2527,2520,2370
2528,480,233
2529,2485,1655
2530,2243,341
2531,2227,1776
2532,2495,2357
2533,2447,203
2534,2316,333
2535,2481,1113
2536,2395,1414
2537,2466,2297
2538,1833,993
2539,2381,1365
2540,2527,746
2541,2471,659
2542,1749,411
2543,467,322
2544,2378,348
2545,2454,1521
2546,2449,2410
2547,2480,2415
2548,1819,772
2549,2329,1
2550,2532,803
2551,1175,1094
2552,2510,2435
2553,2515,2417
2554,2451,2367
2555,2472,148
2556,461,406
2557,2526,1461
2558,1709,1599
2559,717,528
2560,2457,705
2561,2552,1396
2562,2496,419
2563,2557,2541
2564,1361,1238
2565,1903,1571
2566,2518,1451
2567,1515,383
2568,2524,1784
2569,2540,846
2570,2224,24
2571,2464,2428
2572,2508,1159
2573,2569,2546
2574,387,144
2575,1243,995
2576,2325,2136
2577,2364,1134
2578,2561,2424
2579,2512,418
2580,1642,1624
2581,2484,1346
2582,1388,157
2583,1638,602
2584,1011,268
2585,1409,565
2586,2458,902
2587,604,436
2588,909,444
2589,2568,1061
2590,2573,2505
2591,1109,586
2592,2550,2461
2593,2554,2358
2594,1679,524
2595,2469,751
2596,1354,190
2597,2535,2185
2598,2339,1942
2599,2578,2553
2600,1831,1616
2601,2539,2501
2602,1980,1454
2603,1721,1183
2604,1780,1563
2605,1008,58
2606,2468,2318
2607,2414,1069
2608,2523,1016
2609,2590,2335
2610,2562,2504
2611,1569,1194
2612,2522,1740
2613,2537,1936
2614,2592,1626
2615,2503,1852
2616,2563,2488
2617,990,606
2618,2421,361
2619,2572,325
2620,2438,1064
2621,165,30
2622,1191,588
2623,2589,2474
2624,2599,1050
2625,2616,904
2626,1594,836
2627,1066,166
2628,1983,1250
2629,982,741
2630,1484,441
2631,1878,716
2632,2397,139
2633,2483,865
2634,1670,1561
2635,2624,2617
2636,2506,598
2637,2609,1263
2638,2268,1244
2639,347,327
2640,2637,1426
2641,2507,928
2642,2640,2608
2643,1665,1215
2644,2560,38
2645,1493,1189
2646,2517,2369
2647,1986,929
2648,1472,1136
2649,2635,874
2650,1535,1014
2651,2625,2566
2652,2620,1403
2653,2597,2521
2654,1897,1527
2655,2595,1862
2656,2636,2545
2657,2529,2487
2658,2559,1391
2659,2614,2596
2660,1641,672
2661,2463,510
2662,297,201
2663,2258,1832
2664,2610,1146
2665,2651,856
2666,2619,924
2667,1568,1499
2668,2564,622
2669,2587,748
2670,2536,1634
2671,2558,1221
2672,1850,331
2673,2291,1197
2674,2343,691
2675,2482,499
2676,1431,701
2677,2665,1793
2678,2565,248
2679,2499,211
2680,2448,1872
2681,2649,1305
2682,2677,562
2683,2642,2571
2684,2446,2442
2685,1058,848
2686,2644,743
2687,2519,454
2688,1362,692
2689,2577,2531
2690,2681,1694
2691,2612,2416
2692,1559,1371
2693,2683,2588
2694,2682,734
2695,2659,1701
2696,2486,878
2697,2598,1934
2698,2586,503
2699,2425,1700
2700,1690,1267
2701,2530,147
2702,2695,1716
2703,2694,1945
2704,2538,2287
2705,2513,601
2706,1639,1155
2707,2606,1072
2708,2703,740
2709,2655,2555
2710,2693,936
2711,2710,1786
2712,1957,1459
2713,2465,1508
2714,685,214
2715,2600,1891
2716,446,408
2717,2544,422
2718,2664,1470
2719,2711,1995
2720,2547,1592
2721,2709,332
2722,2708,2582
2723,2702,605
2724,2719,2661
2725,1628,1151
2726,1972,576
2727,1783,1442
2728,2724,553
2729,988,977
2730,2549,193
2731,2660,1492
2732,2690,2686
2733,2722,1706
2734,2594,25
2735,2628,1128
2736,2728,669
2737,1120,593
2738,2633,234
2739,2733,2581
2740,2626,2380
2741,2718,2585
2742,2509,657
2743,2498,428
2744,2723,624
2745,2336,2306
2746,1609,1558
2747,2548,866
2748,2653,802
2749,1142,837
2750,2739,2330
2751,2736,761
2752,2514,719
2753,2657,2479
2754,1741,824
2755,1316,1160
2756,2411,1908
2757,2670,983
2758,2658,859
2759,1545,1166
2760,2492,303
2761,2720,2687
2762,2666,269
2763,342,80
2764,729,656
2765,966,698
2766,1494,1317
2767,2601,1325
2768,2748,1669
2769,2750,1152
2770,1233,745
2771,2707,2371
2772,1596,32
2773,2656,78
2774,2646,1024
2775,2769,2643
2776,2732,2605
2777,2741,2669
2778,2613,212
2779,2668,2623
2780,2692,459
2781,373,177
2782,1226,850
2783,1004,145
2784,2775,1901
2785,2679,1314
2786,1841,1658
2787,2528,225
2788,2543,430
2789,2751,715
2790,2784,1963
2791,2744,2652
2792,464,54
2793,2534,382
2794,2691,2654
2795,2713,1796
2796,2441,335
2797,2790,2731
2798,2776,2645
2799,1774,594
2800,2696,532
2801,2789,2771
2802,2768,1021
2803,2777,2489
2804,2798,2542
2805,2761,2738
2806,2779,2752
2807,1889,1468
2808,2797,808
2809,2801,1966
2810,471,448
2811,2804,2629
2812,2556,164
2813,1407,1192
2814,2753,240
2815,2650,2575
2816,2808,814
2817,1939,650
2818,1460,1309
2819,1672,93
2820,2525,1420
2821,2721,913
2822,2607,1600
2823,2754,1790
2824,2791,825
2825,2671,443
2826,2729,1766
2827,2767,2647
2828,2717,66
2829,2809,2551
2830,1182,1047
2831,2698,2680
2832,1449,381
2833,2641,1800
2834,2734,2615
2835,2773,2757
2836,2712,2603
2837,2811,2704
2838,2816,2799
2839,1453,197
2840,2824,1328
2841,1854,1145
2842,2829,1964
2843,2678,1804
2844,1823,1118
2845,2840,2838
2846,1428,1097
2847,777,55
2848,1982,1185
2849,2632,2491
2850,2803,2755
2851,2821,957
2852,2689,2533
2853,2842,2826
2854,955,567
2855,336,213
2856,2746,2727
2857,1779,114
2858,1048,217
2859,2802,1785
2860,559,558
2861,614,547
2862,1581,92
2863,2819,1788
2864,1993,1234
2865,1576,896
2866,1989,888
2867,2780,1671
2868,2835,2567
2869,2853,1496
2870,1588,208
2871,2848,2742
2872,2630,2583
2873,2762,377
2874,1196,943
2875,2833,1582
2876,2631,571
2877,2794,2700
2878,2705,546
2879,2869,2859
2880,2851,2814
2881,2576,2
2882,2715,1745
2883,1907,1789
2884,2673,2570
2885,2602,1287
2886,768,328
2887,224,140
2888,2758,877
2889,2701,126
2890,2879,2831
2891,2611,2593
2892,1743,1715
2893,2805,1752
2894,2786,1636
2895,142,29
2896,2837,523
2897,2825,2699
2898,2500,1488
2899,2843,2756
2900,1352,599
2901,1668,1427
2902,427,345
2903,2772,1938
2904,2890,2888
2905,2845,812
2906,1019,539
2907,2896,136
2908,2850,985
2909,2237,169
2910,2697,1627
2911,2818,99
2912,2806,2770
2913,1258,506
2914,492,110
2915,2905,2807
2916,2817,544
2917,2827,1174
2918,2877,1038
2919,2634,180
2920,1163,927
2921,1684,548
2922,1369,352
2923,2855,1656
2924,2684,2618
2925,2908,2867
2926,2685,758
2927,2862,2676
2928,2873,822
2929,2774,1575
2930,1620,7
2931,2904,1363
2932,2912,2871
2933,141,102
2934,2813,1078
2935,958,302
2936,2931,1816
2937,2907,2714
2938,2936,2878
2939,2938,839
2940,2836,2730
2941,1685,1298
2942,2844,764
2943,2880,1654
2944,1875,85
2945,2674,2470
2946,1474,16
2947,2785,1232
2948,2584,1909
2949,2893,1310
2950,123,23
2951,2937,2847
2952,2918,2688
2953,2939,1477
2954,2743,155
2955,1808,1476
2956,305,162
2957,2863,2782
2958,1817,1623
2959,2823,2747
2960,1360,886
2961,1479,538
2962,2815,1802
2963,2778,1864
2964,2953,1546
2965,2928,1722
2966,2765,1540
2967,2800,942
2968,2917,1005
2969,2726,795
2970,1147,1065
2971,2445,952
2972,2921,2876
2973,2915,2875
2974,2964,1007
2975,2834,1054
2976,432,21
2977,2951,831
2978,2591,640
2979,2974,1161
2980,2737,898
2981,2926,209
2982,1326,554
2983,2916,542
2984,2979,590
2985,2977,1385
2986,2985,2579
2987,2973,2627
2988,1711,1071
2989,1241,1088
2990,2925,918
2991,2987,735
2992,2984,2846
2993,479,195
2994,1587,1199
2995,2885,970
2996,2787,2662
2997,2962,2820
2998,549,518
2999,2991,2899
3000,920,700
3001,2992,1667
3002,2857,1805
3003,992,680
3004,1570,900
3005,2968,2725
3006,2740,1855
3007,3001,1610
3008,1750,1637
3009,2949,2946
3010,2868,1806
3011,2795,1074
3012,2932,2866
3013,2648,1974
3014,216,172
3015,1797,494
3016,1373,763
3017,2759,1525
3018,3007,1264
3019,1412,1318
3020,3018,1781
3021,2735,125
3022,293,262
3023,1556,623
3024,1759,643
3025,2929,2864
3026,1695,1682
3027,1829,709
3028,2783,330
3029,3009,2849
3030,1207,766
3031,2967,2943
3032,2972,711
3033,3020,2903
3034,1763,934
3035,2788,2621
3036,2975,752
3037,2781,1294
3038,1130,1099
3039,3033,706
3040,2858,1055
3041,2910,1528
3042,2745,324
3043,3039,783
3044,2667,1724
3045,2990,660
3046,3006,989
3047,2999,1374
3048,2957,2706
3049,3043,3012
3050,2822,912
3051,2963,631
3052,2894,1531
3053,3047,3045
3054,2900,1564
3055,3010,2933
3056,2965,2766
3057,721,76
3058,3005,2897
3059,2930,806
3060,1421,1176
3061,2839,227
3062,2966,1341
3063,1307,667
3064,2947,1541
3065,2828,1719
3066,3049,683
3067,301,288
3068,2971,1268
3069,1331,564
3070,2672,1578
3071,326,128
3072,2891,466
3073,1999,1998
3074,3061,2986
3075,2934,1411
3076,2997,873
3077,1921,1053
3078,1387,1249
3079,3025,841
3080,3030,731
3081,3066,1782
3082,2760,83
3083,3031,1844
3084,2922,1100
3085,3075,3053
3086,1026,153
3087,2995,2942
3088,3081,2901
3089,1702,372
3090,3055,1997
3091,1042,704
3092,3054,1595
3093,2954,396
3094,3074,1278
3095,3088,1584
3096,2870,320
3097,1289,414
3098,3002,2978
3099,1775,241
3100,1200,820
3101,3095,1736
3102,3085,2955
3103,3040,2604
3104,3101,627
3105,463,113
3106,2945,1404
3107,3029,1798
3108,2852,1380
3109,3056,744
3110,3036,607
3111,1703,818
3112,2959,2856
3113,3104,1644
3114,3094,775
3115,932,183
3116,1336,1190
3117,282,127
3118,3079,759
3119,3113,2872
3120,2920,1355
3121,3114,1689
3122,3051,1760
3123,3003,3000
3124,1343,1059
3125,2940,226
3126,1539,455
3127,3102,842
3128,2914,474
3129,3121,688
3130,3119,2927
3131,3129,2895
3132,2998,994
3133,3046,3004
3134,1335,801
3135,3083,1364
3136,295,69
3137,2881,819
3138,1981,1718
3139,3026,271
3140,3127,3091
3141,2832,1500
3142,1943,1106
3143,3106,845
3144,3041,1356
3145,3090,1653
3146,1633,1012
3147,3140,3064
3148,3128,1985
3149,1756,889
3150,159,36
3151,3147,749
3152,3037,613
3153,2716,2490
3154,3011,708
3155,3032,779
3156,3044,2969
3157,1971,1255
3158,3130,895
3159,3109,828
3160,3008,2948
3161,3131,851
3162,3118,2983
3163,1248,1173
3164,3158,899
3165,1225,830
3166,3151,1538
3167,3050,2764
3168,3016,2913
3169,3103,1612
3170,2980,1169
3171,1526,925
3172,1728,1509
3173,3164,3107
3174,3166,3092
3175,3013,620
3176,3135,679
3177,3156,2981
3178,3112,3052
3179,2911,2892
3180,3174,1822
3181,3159,603
3182,3173,3028
3183,3180,804
3184,3058,702
3185,3122,1853
3186,2865,1260
3187,375,309
3188,3065,2812
3189,3188,49
3190,3176,3162
3191,3184,3027
3192,3048,39
3193,3133,581
3194,3183,3149
3195,2952,760
3196,3145,2906
3197,2924,2796
3198,2749,948
3199,355,173
3200,1440,456
3201,3182,1203
3202,3194,1884
3203,3063,619
3204,3191,3161
3205,3204,2889
3206,2860,673
3207,3076,2902
3208,2982,2854
3209,3196,1300
3210,3110,887
3211,2958,2882
3212,1895,1744
3213,3202,1920
3214,3201,792
3215,2580,881
3216,2675,2412
3217,1662,482
3218,3154,3108
3219,3087,893
3220,3042,2793
3221,1231,1171
3222,3213,3177
3223,3185,3017
3224,1031,937
3225,3190,3073
3226,3080,767
3227,2944,2919
3228,3019,585
3229,3222,1547
3230,3167,3137
3231,3214,3062
3232,3231,3193
3233,3195,1080
3234,3181,1871
3235,3132,1245
3236,1405,813
3237,2887,1555
3238,1935,1485
3239,2909,250
3240,3082,2970
3241,3205,969
3242,3229,561
3243,3123,882
3244,3223,1958
3245,1912,1762
3246,3209,3139
3247,3175,3021
3248,3142,844
3249,2961,615
3250,3206,3116
3251,3178,2622
3252,1448,1235
3253,3232,730
3254,2941,1733
3255,3242,3168
3256,3234,670
3257,3253,511
3258,2898,8
3259,1261,630
3260,1765,1726
3261,3022,1618
3262,3243,1092
3263,3096,2994
3264,1514,276
3265,1922,1520
3266,3219,3077
3267,3266,3255
3268,2841,526
3269,3240,1640
3270,3241,3227
3271,1003,649
3272,3035,2792
3273,3262,3186
3274,3257,520
3275,3267,857
3276,3274,3235
3277,3244,1880
3278,1996,678
3279,3275,3225
3280,3276,3256
3281,3218,1847
3282,1344,90
3283,2663,399
3284,3246,1227
3285,1621,707
3286,3023,723
3287,3093,364
3288,3200,1240
3289,3143,724
3290,3210,2960
3291,3280,1899
3292,3291,2996
3293,3144,3125
3294,3084,1271
3295,3098,608
3296,3284,799
3297,3068,1738
3298,3179,3138
3299,3277,1482
3300,2810,1918
3301,3233,3038
3302,3170,431
3303,3292,829
3304,1001,514
3305,3072,188
3306,3303,3069
3307,3289,646
3308,3207,3141
3309,3306,905
3310,405,338
3311,3309,3226
3312,3270,1597
3313,3311,1727
3314,3089,1723
3315,2638,1121
3316,3034,2886
3317,3299,45
3318,3313,894
3319,1475,222
3320,3279,926
3321,3111,1512
3322,3296,637
3323,3155,747
3324,3230,595
3325,3014,3
3326,2884,868
3327,1339,40
3328,1077,228
3329,3215,1178
3330,3312,1975
3331,3220,3153
3332,3254,1124
3333,3320,3298
3334,3169,3160
3335,3057,981
3336,3100,867
3337,1593,1205
3338,3272,19
3339,1699,965
3340,3290,960
3341,3250,671
3342,356,35
3343,2437,265
3344,2988,1731
3345,3318,3308
3346,340,181
3347,3258,105
3348,3322,3295
3349,3330,3203
3350,3326,757
3351,3340,3281
3352,1879,374
3353,3301,699
3354,3198,1929
3355,3259,3060
3356,1807,703
3357,3333,1469
3358,3302,3247
3359,1978,1153
3360,3086,485
3361,3297,552
3362,3294,3251
3363,3211,264
3364,3345,875
3365,1902,5
3366,3323,737
3367,3239,484
3368,2830,648
3369,3341,773
3370,3364,3349
3371,3307,914
3372,3273,618
3373,3357,3339
3374,3373,634
3375,2639,27
3376,472,206
3377,1049,1015
3378,3374,3304
3379,1688,907
3380,3165,617
3381,3024,1664
3382,3378,1770
3383,3334,1801
3384,3382,551
3385,1882,797
3386,1866,1284
3387,3172,1270
3388,3126,1045
3389,3384,769
3390,3389,974
3391,3212,1849
3392,3324,2874
3393,3390,3336
3394,3224,1680
3395,483,26
3396,1043,515
3397,3157,1303
3398,1955,1381
3399,3269,3187
3400,1110,664
3401,3146,945
3402,3353,1629
3403,3152,384
3404,537,536
3405,3402,3393
3406,863,675
3407,1491,1486
3408,311,244
3409,3305,95
3410,3315,939
3411,3078,1148
3412,120,100
3413,3015,684
3414,3105,855
3415,2574,329
3416,3379,1081
3417,3356,3348
3418,3236,1915
3419,3221,1673
3420,3338,1843
3421,3192,1112
3422,3070,1988
3423,3300,1458
3424,1277,645
3425,3404,580
3426,488,198
3427,3405,1960
3428,3371,3260
3429,3217,1874
3430,3392,3163
3431,3427,3317
3432,3370,3361
3433,3283,378
3434,3059,999
3435,3120,922
3436,3399,3383
3437,391,323
3438,3362,1896
3439,771,284
3440,3238,1799
3441,3431,3263
3442,3249,3115
3443,2935,921
3444,3368,885
3445,1089,1000
3446,861,522
3447,3347,447
3448,2861,1254
3449,3351,3171
3450,3189,2883
3451,1501,445
3452,3366,3268
3453,3441,810
3454,3443,666
3455,908,385
3456,3403,2976
3457,3352,1663
3458,3337,3282
3459,3432,557
3460,3363,1962
3461,3428,3261
3462,3237,1725
3463,3271,1139
3464,3293,3099
3465,3376,230
3466,1490,681
3467,3344,3228
3468,3248,1905
3469,3453,163
3470,3410,3369
3471,3325,366
3472,3469,533
3473,3459,1135
3474,1977,1392
3475,3434,1956
3476,3438,1873
3477,3473,809
3478,3472,1057
3479,1836,1483
3480,3150,2993
3481,3477,3285
3482,3350,1506
3483,3478,3372
3484,3417,1900
3485,3481,3416
3486,3134,1273
3487,1010,638
3488,919,315
3489,3286,3264
3490,689,131
3491,3314,1332
3492,3319,3071
3493,3483,3332
3494,976,727
3495,3265,3197
3496,3493,1138
3497,3485,509
3498,3496,713
3499,3400,720
3500,3287,1933
3501,1771,1687
3502,3498,1861
3503,3316,1554
3504,3421,573
3505,3497,478
3506,3358,1583
3507,3476,3470
3508,3502,1650
3509,3508,931
3510,3505,786
3511,3509,3440
3512,971,823
3513,1987,853
3514,3511,1259
3515,3466,3394
3516,3409,3396
3517,3456,3449
3518,2923,653
3519,3510,3377
3520,3395,3067
3521,3452,1228
3522,3514,3468
3523,359,235
3524,3519,951
3525,3524,531
3526,3522,780
3527,3525,521
3528,3484,964
3529,903,891
3530,3430,625
3531,3506,3288
3532,3411,3208
3533,3464,652
3534,3526,1712
3535,3534,3423
3536,2956,458
3537,3278,1767
3538,3097,967
3539,3381,1970
3540,3495,3148
3541,3527,642
3542,3541,3442
3543,959,956
3544,3447,1056
3545,3528,1419
3546,3542,3515
3547,816,174
3548,3454,3360
3549,3444,597
3550,3535,1517
3551,3550,3520
3552,3532,1397
3553,3504,1465
3554,3546,535
3555,3500,3401
3556,3551,3436
3557,1887,1846
3558,794,487
3559,3461,1713
3560,1432,560
3561,221,82
3562,3329,1812
3563,3554,1208
3564,3507,3425
3565,3354,1954
3566,3563,884
3567,3566,591
3568,1495,1301
3569,3463,3413
3570,3545,3530
3571,3544,3518
3572,1162,574
3573,3556,1632
3574,3380,1063
3575,3564,3559
3576,3450,3136
3577,3457,116
3578,3533,3414
3579,3407,946
3580,3548,376
3581,1751,798
3582,1550,811
3583,3578,3567
3584,3549,3517
3585,3387,674
3586,3565,3415
3587,3573,3445
3588,3587,3489
3589,3433,1851
3590,3488,417
3591,3531,3335
3592,3435,3346
3593,3321,911
3594,3591,3553
3595,3588,854
3596,3595,3499
3597,3516,519
3598,3570,1416
3599,3596,1157
3600,3597,3491
3601,3451,242
3602,182,11
3603,3482,1524
3604,3460,3216
3605,3583,3419
3606,3503,3359
3607,3599,696
3608,1630,362
3609,3467,1732
3610,3462,1198
3611,3607,641
3612,3555,1659
3613,3391,1948
3614,3605,693
3615,3611,3562
3616,1931,826
3617,1865,1102
3618,486,379
3619,3614,697
3620,3327,1444
3621,1683,890
3622,3615,3537
3623,3619,3543
3624,1212,633
3625,3622,3575
3626,3375,158
3627,3355,98
3628,3580,1418
3629,2950,388
3630,3538,3124
3631,3557,1911
3632,3529,575
3633,3623,1792
3634,3397,725
3635,3579,1791
3636,3512,996
3637,3633,3513
3638,3424,1296
3639,3420,1867
3640,3446,755
3641,3593,1930
3642,3637,807
3643,3625,3560
3644,3584,1401
3645,3642,663
3646,3600,530
3647,3645,3585
3648,1025,14
3649,3643,3406
3650,1447,1036
3651,3647,570
3652,3649,1090
3653,3652,3646
3654,3577,57
3655,3651,1947
3656,3655,3603
3657,3604,3448
3658,3653,3624
3659,3388,1286
3660,1366,1262
3661,3494,1608
3662,3574,3521
3663,3365,1893
3664,3656,1443
3665,3612,1753
3666,3644,3609
3667,1553,774
3668,3426,2763
3669,3601,3480
3670,1717,154
3671,1252,654
3672,3664,961
3673,3582,3475
3674,1573,1533
3675,3561,3367
3676,3672,3552
3677,2989,1213
3678,3658,616
3679,1944,1276
3680,3650,3479
3681,3676,3635
3682,3678,1202
3683,3487,827
3684,3682,1837
3685,3681,3586
3686,3458,1378
3687,3684,3667
3688,1730,245
3689,3486,3418
3690,3685,1604
3691,3690,583
3692,3687,3641
3693,3634,1406
3694,3594,1937
3695,3692,817
3696,3691,369
3697,3598,834
3698,3697,3616
3699,3631,1290
3700,3342,3117
3701,3695,505
3702,3576,3343
3703,3696,968
3704,3701,1910
3705,3547,869
3706,3501,726
3707,3589,569
3708,3704,3628
3709,3703,910
3710,3666,556
3711,3709,3632
3712,832,568
3713,1990,489
3714,3711,3617
3715,3710,682
3716,3708,1413
3717,3640,611
3718,3714,3455
3719,3716,3699
3720,3719,3639
3721,3627,1940
3722,3698,883
3723,3252,60
3724,3720,600
3725,3715,636
3726,3724,1754
3727,3665,1565
3728,3726,3648
3729,3728,676
3730,3474,239
3731,3722,3245
3732,3328,1105
3733,512,65
3734,3729,835
3735,1223,1165
3736,3610,3540
3737,3718,1140
3738,3737,3680
3739,3727,3694
3740,3734,1293
3741,3740,3713
3742,3606,1794
3743,3683,3492
3744,3741,1467
3745,3621,1399
3746,3386,1813
3747,437,50
3748,3744,756
3749,3693,1828
3750,3738,695
3751,3673,998
3752,3630,1246
3753,3429,3398
3754,3686,3608
3755,3725,3636
3756,3412,3310
3757,3748,3659
3758,3705,753
3759,3675,1848
3760,3385,1755
3761,3660,1773
3762,3689,1172
3763,3750,3558
3764,3757,3721
3765,3763,733
3766,3765,582
3767,3764,3749
3768,1103,661
3769,3751,3707
3770,3662,3536
3771,3766,543
3772,3755,3581
3773,3717,294
3774,1992,1143
3775,3772,3767
3776,3731,0
3777,1869,1635
3778,3771,1027
3779,1229,897
3780,1949,770
3781,3762,394
3782,3759,18
3783,577,507
3784,3776,3712
3785,3663,3629
3786,3778,1696
3787,3702,3613
3788,3786,1534
3789,3742,3730
3790,3788,3787
3791,947,687
3792,1809,404
3793,3754,3539
3794,3770,3739
3795,950,612
3796,3657,3331
3797,3784,3572
3798,1617,589
3799,3794,3790
3800,3797,3775
3801,3781,3422
3802,3780,986
3803,3800,1720
3804,3677,1158
3805,1858,1377
3806,3638,647
3807,3668,870
3808,1888,525
3809,3490,632
3810,3799,3437
3811,3810,3733
3812,3803,3661
3813,3812,732
3814,3811,349
3815,3779,3752
3816,3471,3465
3817,3736,3654
3818,3814,833
3819,1946,1487
3820,3769,48
3821,3813,3592
3822,3807,3590
3823,3818,3735
3824,3823,1764
3825,3821,3802
3826,3824,1070
3827,3773,628
3828,3825,644
3829,3826,321
3830,3791,840
3831,3828,787
3832,3817,1961
3833,3829,1574
3834,3831,1179
3835,3834,555
3836,973,566
3837,1389,738
3838,3835,3820
3839,3798,3732
3840,3830,3795
3841,3785,3571
3842,3841,609
3843,3809,621
3844,3833,1480
3845,3844,3706
3846,3845,677
3847,3843,3838
3848,3847,3805
3849,3723,2388
3850,3846,3669
3851,550,290
3852,3848,3674
3853,3850,1698
3854,3743,450
3855,3853,665
3856,3855,1060
3857,3789,785
3858,3856,3568
3859,3858,121
3860,3852,1652
3861,3859,690
3862,3842,277
3863,3860,1288
3864,3861,584
3865,3863,516
3866,3865,1115
3867,3866,1222
3868,3867,941
3869,3868,3806
3870,991,592
3871,3569,962
3872,3199,1123
3873,3864,1086
3874,3832,44
3875,3869,3801
3876,852,788
3877,1519,980
3878,3873,953
3879,3878,3620
3880,3760,782
3881,3875,1735
3882,3774,1383
3883,3881,847
3884,3874,3822
3885,3883,3827
3886,3700,421
3887,3885,3840
3888,3879,3670
3889,3887,3745
3890,3815,3768
3891,3888,3408
3892,3857,3836
3893,3891,821
3894,3889,858
3895,3893,3758
3896,3816,3618
3897,3854,668
3898,3894,3884
3899,3895,3872
3900,3899,386
3901,3837,1769
3902,3898,3880
3903,3900,1438
3904,3862,864
3905,3892,3793
3906,3902,871
3907,3906,3903
3908,3851,1542
3909,3890,3882
3910,3871,1898
3911,3905,3756
3912,3886,3523
3913,3777,1518
3914,3907,1607
3915,3804,1302
3916,3904,978
3917,3896,3747
3918,1705,156
3919,3839,3439
3920,3746,1511
3921,3916,3783
3922,3761,289
3923,3914,3671
3924,3796,101
3925,3924,3753
3926,3910,3819
3927,3923,3917
3928,3602,393
3929,3792,1436
3930,3909,1845
3931,3930,3921
3932,3679,1330
3933,3927,3897
3934,3933,938
3935,3919,578
3936,3901,3876
3937,1455,1256
3938,3912,930
3939,3877,308
3940,3938,3934
3941,3940,1023
3942,3941,3926
3943,3942,3937
3944,3929,3911
3945,3943,563
3946,3925,3870
3947,728,22
3948,3945,596
3949,3936,3808
3950,3949,3948
3951,3950,502
3952,3951,402
3953,3913,3688
3954,3953,3946
3955,1522,718
3956,247,64
3957,3947,3944
3958,3908,3626
3959,3956,3952
3960,3959,1462
3961,3960,1969
3962,3961,1678
3963,3962,267
3964,3963,513
3965,3964,1236
3966,3849,3782
3967,3965,3957
3968,3967,3915
3969,3932,3931
3970,3968,132
3971,3970,3918
3972,3954,997
3973,1830,71
3974,3971,1906
3975,3974,3928
3976,3972,34
3977,3969,462
3978,3975,3939
3979,3978,1953
3980,3922,954
3981,3955,1464
3982,3979,3920
3983,3982,3977
3984,3983,754
3985,3976,917
3986,3984,3958
3987,3986,3935
3988,3987,1046
3989,3988,3980
3990,3989,3981
3991,3990,380
3992,3991,3966
3993,3992,534
3994,3985,3973
3995,3994,160
3996,3995,651
3997,3996,1842
3998,3997,3993
