2000,1598,1013
2001,1242,433
2002,1281,33
2003,1315,1201
2004,1951,96
2005,1926,1857
2006,1096,390
2007,2001,1098
2008,2004,94
2009,2003,2000
2010,2007,53
2011,2002,1177
2012,409,207
2013,1219,1073
2014,2008,150
2015,2009,1357
2016,2005,41
2017,2010,2006
2018,477,117
2019,490,220
2020,389,20
2021,2013,1742
2022,1131,815
2023,2018,1084
2024,398,367
2025,1838,1544
2026,2017,215
2027,2026,77
2028,2011,1039
2029,2015,2014
2030,1567,47
2031,2021,1188
2032,2028,135
2033,2023,2019
2034,2022,1137
2035,1446,1018
2036,1649,1093
2037,1892,1154
2038,2031,1107
2039,1778,1133
2040,1220,79
2041,253,112
2042,1746,74
2043,1984,1349
2044,2029,124
2045,410,138
2046,151,86
2047,2025,1347
2048,285,75
2049,401,368
2050,2034,714
2051,1834,251
2052,1747,43
2053,2032,2016
2054,2044,204
2055,2050,2027
2056,1489,1478
2057,2054,1881
2058,1968,1777
2059,1481,353
2060,1150,1052
2061,2024,72
2062,2055,1195
2063,2035,1321
2064,2053,1676
2065,449,152
2066,1566,1265
2067,2043,2039
2068,237,89
2069,2012,1536
2070,231,107
2071,1734,1657
2072,2036,1840
2073,1661,501
2074,62,12
2075,2030,1675
2076,2040,1647
2077,453,261
2078,1275,1082
2079,2047,2038
2080,1513,880
2081,2049,392
2082,1825,1631
2083,2057,1425
2084,1051,465
2085,2033,170
2086,281,246
2087,1890,1523
2088,2045,354
2089,1342,963
2090,1772,1589
2091,2062,1423
2092,257,59
2093,2064,1504
2094,2056,1815
2095,1334,1272
2096,1433,357
2097,2037,742
2098,1424,413
2099,146,37
2100,2074,171
2101,2081,119
2102,2093,762
2103,2090,2083
2104,2102,901
2105,1959,168
2106,2091,1497
2107,429,403
2108,2094,2068
2109,1577,1035
2110,2073,722
2111,1979,73
2112,1928,115
2113,2097,2085
2114,1180,527
2115,1292,343
2116,2051,1430
2117,1283,1020
2118,2104,1400
2119,2103,2071
2120,2100,1329
2121,440,218
2122,371,243
2123,2110,2060
2124,1068,793
2125,2061,2020
2126,2088,2069
2127,1835,1605
2128,1924,1126
2129,2118,2072
2130,2080,1087
2131,2052,1821
2132,2095,1311
2133,1457,1132
2134,2111,2106
2135,2117,1708
2136,260,255
2137,1758,97
2138,2113,658
2139,2042,1338
2140,2079,2076
2141,2119,103
2142,2089,1814
2143,2123,2082
2144,1877,1320
2145,1193,1006
2146,1886,259
2147,2078,1141
2148,2138,987
2149,2121,2115
2150,1692,1537
2151,2129,1037
2152,2087,1266
2153,200,167
2154,1967,1856
2155,2134,2108
2156,1299,1282
2157,1757,460
2158,2107,2092
2159,2151,2112
2160,2139,1239
2161,2142,508
2162,1994,1615
2163,2058,1868
2164,2148,1991
2165,2075,2067
2166,2141,1306
2167,2086,442
2168,1125,626
2169,2166,1498
2170,219,15
2171,2063,1463
2172,439,108
2173,291,4
2174,2155,1737
2175,2159,1337
2176,2127,339
2177,2169,2150
2178,2120,310
2179,2149,2114
2180,1603,1548
2181,2130,1503
2182,1375,298
2183,1415,1251
2184,2122,270
2185,655,184
2186,2174,1114
2187,2140,1230
2188,2158,423
2189,2152,1885
2190,2177,1883
2191,2164,2046
2192,2175,344
2193,1646,1295
2194,2132,1368
2195,2187,1308
2196,470,51
2197,2126,88
2198,2170,906
2199,2190,2096
2200,2168,2116
2201,587,118
2202,2160,1505
2203,2066,1218
2204,2192,935
2205,2186,2124
2206,2165,1941
2207,2195,1386
2208,1557,192
2209,1471,1439
2210,2208,2179
2211,2204,1398
2212,2135,2059
2213,2143,1552
2214,2144,1017
2215,292,238
2216,307,252
2217,425,337
2218,1224,1168
2219,1876,360
2220,2098,199
2221,2211,1606
2222,2128,46
2223,2199,1434
2224,498,275
2225,2131,1590
2226,2205,2048
2227,370,304
2228,1382,1367
2229,2213,2202
2230,2194,1579
2231,2191,1291
2232,2207,1914
2233,2105,1917
2234,1530,1379
2235,1613,1529
2236,2200,2154
2237,236,202
2238,2099,1601
2239,2156,1333
2240,2161,1586
2241,420,318
2242,2163,1101
2243,106,42
2244,1860,1643
2245,2184,876
2246,2223,2218
2247,2197,1156
2248,2226,1422
2249,2239,1297
2250,1710,1216
2251,495,52
2252,2215,2101
2253,1040,287
2254,179,61
2255,2229,2221
2256,2181,1041
2257,2220,1894
2258,805,635
2259,2196,2188
2260,299,186
2261,334,258
2262,2147,1417
2263,2210,2153
2264,2232,1253
2265,1560,286
2266,1787,1591
2267,2248,1186
2268,1923,1648
2269,2267,838
2270,2146,1660
2271,2249,2198
2272,2193,1651
2273,2236,2230
2274,2182,2178
2275,2256,2246
2276,2255,1187
2277,2084,278
2278,2231,137
2279,2269,916
2280,1435,1028
2281,2125,1144
2282,1127,300
2283,2275,1034
2284,1473,1083
2285,1348,350
2286,1693,400
2287,1350,17
2288,2242,1585
2289,2219,1707
2290,2228,1602
2291,1206,196
2292,2212,892
2293,2233,1450
2294,2279,2278
2295,2241,272
2296,796,739
2297,1384,229
2298,860,776
2299,2250,1761
2300,2276,2273
2301,2225,2173
2302,2137,312
2303,2264,2245
2304,2171,2133
2305,2290,1164
2306,2070,2065
2307,2183,1370
2308,2283,778
2309,2206,1304
2310,2189,1429
2311,1913,1645
2312,2167,415
2313,2145,1091
2314,2266,1257
2315,2176,2109
2316,473,189
2317,879,28
2318,1274,1067
2319,545,500
2320,1376,923
2321,2298,2234
2322,1204,296
2323,2308,2262
2324,1095,476
2325,1919,1826
2326,2303,2222
2327,279,129
2328,984,70
2329,2041,143
2330,2077,223
2331,2209,1076
2332,2247,122
2333,1925,1810
2334,1079,610
2335,2172,6
2336,497,469
2337,1739,1580
2338,2271,1965
2339,1827,314
2340,407,317
2341,2281,263
2342,2294,1214
2343,1551,1002
2344,2162,1108
2345,2323,2270
2346,2305,2263
2347,2310,784
2348,1904,1393
2349,979,9
2350,2342,1390
2351,2261,346
2352,2299,2157
2353,1870,1562
2354,1543,416
2355,2300,2292
2356,2240,1111
2357,2272,2180
2358,397,104
2359,1237,765
2360,2214,1104
2361,491,313
2362,2338,1044
2363,2347,2288
2364,2302,91
2365,2295,161
2366,2350,1345
2367,2277,395
2368,1729,191
2369,1402,365
2370,1681,175
2371,249,210
2372,1572,424
2373,2216,280
2374,2314,2311
2375,1510,629
2376,2345,662
2377,2356,2257
2378,149,10
2379,2265,1211
2380,1614,1269
2381,1619,1516
2382,2309,975
2383,2244,915
2384,2253,493
2385,2376,2307
2386,2366,789
2387,2346,2282
2388,316,306
2389,1279,1085
2390,2355,2348
2391,2252,273
2392,2312,639
2393,2334,2326
2394,1976,1395
2395,972,736
2396,1686,363
2397,2260,351
2398,2385,1859
2399,2315,1507
2400,2332,412
2401,2317,1062
2402,2386,2328
2403,2301,1532
2404,2393,933
2405,2235,1167
2406,1247,790
2407,2398,1322
2408,2400,2390
2409,1394,434
2410,2387,2362
2411,1359,843
2412,2217,133
2413,2402,2274
2414,2344,1029
2415,1795,1358
2416,1748,1674
2417,1437,1210
2418,2203,1075
2419,2324,872
2420,2322,1319
2421,452,254
2422,2407,2353
2423,2403,2363
2424,2351,2254
2425,185,67
2426,2304,1312
2427,2238,1466
2428,2368,1839
2429,2422,1666
2430,2349,2289
2431,2340,438
2432,2389,1932
2433,2429,2419
2434,2404,1441
2435,2420,1768
2436,2293,949
2437,176,31
2438,1209,68
2439,2296,541
2440,2259,1032
2441,274,205
2442,1811,496
2443,2413,2379
2444,2377,1117
2445,457,56
2446,2373,256
2447,134,81
2448,1408,529
2449,1033,862
2450,2401,791
2451,1372,1353
2452,2433,1022
2453,2434,1611
2454,2436,358
2455,2408,2321
2456,2375,849
2457,2359,2331
2458,2313,750
2459,2443,517
2460,2399,686
2461,2319,712
2462,2450,940
2463,1410,1340
2464,1622,1456
2465,2280,1285
2466,2341,109
2467,2360,1129
2468,2432,2374
2469,1327,694
2470,1824,1803
2471,2423,194
2472,2396,2392
2473,2460,2201
2474,2286,1313
2475,2455,1217
2476,2452,1122
2477,2462,2459
2478,2405,1445
2479,426,187
2480,1691,1452
2481,2440,2320
2482,178,84
2483,2406,781
2484,2327,1549
2485,2391,232
2486,1697,1324
2487,2431,266
2488,2354,1502
2489,2333,283
2490,481,87
2491,451,130
2492,504,319
2493,2439,579
2494,2430,1927
2495,2453,2284
2496,2444,2394
2497,2476,2418
2498,1973,1119
2499,468,111
2500,1820,435
2501,2467,1677
2502,2475,1818
2503,2285,1181
2504,2409,475
2505,2494,1950
2506,2382,13
2507,1170,572
2508,2426,1009
2509,2337,1351
2510,2477,540
2511,2502,1184
2512,2251,63
2513,1863,1030
2514,1952,1625
2515,2478,2384
2516,2497,2361
2517,1916,1116
2518,2427,1323
2519,2372,2365
2520,2511,2383
2521,944,800
2522,2352,1714
2523,2493,2473
2524,2456,710
2525,1280,1149
2526,2516,1704
2527,2520,2370
2528,480,233
2529,2485,1655
2530,2243,341
2531,2227,1776
2532,2495,2357
2533,2447,203
2534,2316,333
2535,2481,1113
2536,2395,1414
2537,2466,2297
2538,1833,993
2539,2381,1365
2540,2527,746
2541,2471,659
2542,1749,411
2543,467,322
2544,2378,348
2545,2454,1521
2546,2449,2410
2547,2480,2415
2548,1819,772
2549,2329,1
2550,2532,803
2551,1175,1094
2552,2510,2435
2553,2515,2417
2554,2451,2367
2555,2472,148
2556,461,406
2557,2526,1461
2558,1709,1599
2559,717,528
2560,2457,705
2561,2552,1396
2562,2496,419
2563,2557,2541
2564,1361,1238
2565,1903,1571
2566,2518,1451
2567,1515,383
2568,2524,1784
2569,2540,846
2570,2224,24
2571,2464,2428
2572,2508,1159
2573,2569,2546
2574,387,144
2575,1243,995
2576,2325,2136
2577,2364,1134
2578,2561,2424
2579,2512,418
2580,1642,1624
2581,2484,1346
2582,1388,157
2583,1638,602
2584,1011,268
2585,1409,565
2586,2458,902
2587,604,436
2588,909,444
2589,2568,1061
2590,2573,2505
2591,1109,586
2592,2550,2461
2593,2554,2358
2594,1679,524
2595,2469,751
2596,1354,190
2597,2535,2185
2598,2339,1942
2599,2578,2553
2600,1831,1616
2601,2539,2501
2602,1980,1454
2603,1721,1183
2604,1780,1563
2605,1008,58
2606,2468,2318
2607,2414,1069
2608,2523,1016
2609,2590,2335
2610,2562,2504
2611,1569,1194
2612,2522,1740
2613,2537,1936
2614,2592,1626
2615,2503,1852
2616,2563,2488
2617,990,606
2618,2421,361
2619,2572,325
2620,2438,1064
2621,165,30
2622,1191,588
2623,2589,2474
2624,2599,1050
2625,2616,904
2626,1594,836
2627,1066,166
2628,1983,1250
2629,982,741
2630,1484,441
2631,1878,716
2632,2397,139
2633,2483,865
2634,1670,1561
2635,2624,2617
2636,2506,598
2637,2609,1263
2638,2268,1244
2639,347,327
2640,2637,1426
2641,2507,928
2642,2640,2608
2643,1665,1215
2644,1493,1189
2645,2517,2369
2646,1986,929
2647,1472,1136
2648,2635,874
2649,1535,1014
2650,2625,2566
2651,2620,1403
2652,2597,2521
2653,1897,1527
2654,2595,1862
2655,2636,2545
2656,2529,2487
2657,2559,1391
2658,2614,2596
2659,1641,672
2660,2463,510
2661,297,201
2662,2258,1832
2663,2610,1146
2664,2650,856
2665,2619,924
2666,1568,1499
2667,2564,622
2668,2587,748
2669,2536,1634
2670,2558,1221
2671,1850,331
2672,2291,1197
2673,2560,743
2674,2673,38
2675,2343,691
2676,2482,499
2677,1431,701
2678,2664,1793
2679,2565,248
2680,2499,211
2681,2448,1872
2682,2648,1305
2683,2678,562
2684,2642,2571
2685,2446,2442
2686,1058,848
2687,2519,454
2688,1362,692
2689,2577,2531
2690,2682,1694
2691,2612,2416
2692,1559,1371
2693,2684,2588
2694,2683,734
2695,2658,1701
2696,2486,878
2697,2598,1934
2698,2586,503
2699,2425,1700
2700,1690,1267
2701,2530,147
2702,2695,1716
2703,2694,1945
2704,2538,2287
2705,2513,601
2706,1639,1155
2707,2606,1072
2708,2703,740
2709,2654,2555
2710,2693,936
2711,2710,1786
2712,1957,1459
2713,2465,1508
2714,685,214
2715,2600,1891
2716,446,408
2717,2544,422
2718,2663,1470
2719,2711,1995
2720,2547,1592
2721,2709,332
2722,2708,2582
2723,2702,605
2724,2719,2660
2725,1628,1151
2726,1972,576
2727,1783,1442
2728,2724,553
2729,988,977
2730,2549,193
2731,2659,1492
2732,2690,2674
2733,2722,1706
2734,2594,25
2735,2628,1128
2736,2728,669
2737,1120,593
2738,2633,234
2739,2581,1741
2740,2626,2380
2741,2733,1152
2742,2718,2585
2743,2509,657
2744,2498,428
2745,2723,624
2746,2336,2306
2747,1609,1558
2748,2548,866
2749,2652,802
2750,1142,837
2751,2736,761
2752,2514,719
2753,2656,2479
2754,1316,1160
2755,2741,2330
2756,2411,1908
2757,2669,983
2758,2657,859
2759,1545,1166
2760,2492,303
2761,2720,2687
2762,2665,269
2763,2755,2643
2764,342,80
2765,729,656
2766,966,698
2767,1494,1317
2768,2601,1325
2769,2749,1669
2770,1233,745
2771,2707,2371
2772,2763,1901
2773,1596,32
2774,2655,78
2775,2645,1024
2776,1790,824
2777,2732,2605
2778,2772,2731
2779,2742,2668
2780,2613,212
2781,2667,2623
2782,2692,459
2783,373,177
2784,1226,850
2785,1004,145
2786,2680,1314
2787,1841,1658
2788,2528,225
2789,2778,1963
2790,2543,430
2791,2751,715
2792,2745,2651
2793,464,54
2794,2534,382
2795,2691,2653
2796,2789,2752
2797,2713,1796
2798,2441,335
2799,2777,2644
2800,1774,594
2801,2696,532
2802,2791,2771
2803,2769,1021
2804,2779,2489
2805,2799,2542
2806,2761,2738
2807,1889,1468
2808,2802,1966
2809,471,448
2810,2805,2629
2811,2796,808
2812,2556,164
2813,1407,1192
2814,2753,240
2815,2649,2575
2816,2811,814
2817,1939,650
2818,1460,1309
2819,1672,93
2820,2525,1420
2821,2721,913
2822,2607,1600
2823,2792,825
2824,2816,2739
2825,2670,443
2826,2729,1766
2827,2768,2646
2828,2717,66
2829,2808,2551
2830,1182,1047
2831,2698,2681
2832,1449,381
2833,2641,1800
2834,2734,2615
2835,2774,2757
2836,2712,2603
2837,2810,2704
2838,1453,197
2839,2823,1328
2840,1854,1145
2841,2829,1964
2842,2679,1804
2843,1823,1118
2844,1428,1097
2845,777,55
2846,2824,2800
2847,1982,1185
2848,2632,2491
2849,2804,2754
2850,2821,957
2851,2689,2533
2852,2841,2826
2853,955,567
2854,336,213
2855,2846,599
2856,2747,2727
2857,1779,114
2858,1048,217
2859,2803,1785
2860,559,558
2861,614,547
2862,2855,2839
2863,1581,92
2864,2819,1788
2865,2781,888
2866,1993,1234
2867,1576,896
2868,2782,1671
2869,2835,2567
2870,2852,1496
2871,1588,208
2872,2847,2743
2873,2630,2583
2874,2762,377
2875,1196,943
2876,2833,1582
2877,2631,571
2878,2795,2700
2879,2705,546
2880,2870,2859
2881,2850,2814
2882,2576,2
2883,2715,1745
2884,1907,1789
2885,2672,2570
2886,2602,1287
2887,768,328
2888,224,140
2889,2758,877
2890,2701,126
2891,2880,2831
2892,2611,2593
2893,1743,1715
2894,2806,1752
2895,2787,1636
2896,142,29
2897,2837,523
2898,2865,2770
2899,2825,2699
2900,2500,1488
2901,2842,2756
2902,1668,1427
2903,427,345
2904,2773,1938
2905,2891,2889
2906,1019,539
2907,2849,985
2908,2237,169
2909,2697,1627
2910,2818,99
2911,1258,506
2912,492,110
2913,2862,812
2914,2817,544
2915,2827,1174
2916,2878,1038
2917,2634,180
2918,1163,927
2919,2913,2807
2920,1684,548
2921,1369,352
2922,2854,1656
2923,2685,2618
2924,2907,2868
2925,2686,758
2926,2863,2677
2927,2874,822
2928,2775,1575
2929,1620,7
2930,2905,1363
2931,141,102
2932,2813,1078
2933,2897,2714
2934,2933,136
2935,958,302
2936,2930,1816
2937,2936,2879
2938,2937,839
2939,2836,2730
2940,1685,1298
2941,2843,764
2942,1875,85
2943,2675,2470
2944,1474,16
2945,2786,1232
2946,2584,1909
2947,2894,1310
2948,123,23
2949,2934,2845
2950,2881,1654
2951,2916,2688
2952,2898,2872
2953,2938,1477
2954,2744,155
2955,1808,1476
2956,305,162
2957,2864,2784
2958,2776,2748
2959,1817,1623
2960,1546,1352
2961,1360,886
2962,1479,538
2963,2815,1802
2964,2780,1864
2965,2927,1722
2966,2766,1540
2967,2801,942
2968,2915,1005
2969,2726,795
2970,1147,1065
2971,2445,952
2972,2920,2877
2973,2953,1007
2974,2834,1054
2975,432,21
2976,2949,831
2977,2973,1161
2978,2976,2579
2979,2591,640
2980,2919,2876
2981,2737,898
2982,2925,209
2983,1326,554
2984,2977,590
2985,2914,542
2986,1711,1071
2987,2980,2627
2988,1241,1088
2989,2924,918
2990,2984,2844
2991,2987,735
2992,479,195
2993,1587,1199
2994,2886,970
2995,2788,2661
2996,2978,1385
2997,2963,2820
2998,549,518
2999,920,700
3000,2990,1667
3001,2857,1805
3002,992,680
3003,1570,900
3004,2991,2901
3005,3000,1610
3006,2968,2725
3007,2647,1974
3008,3005,2947
3009,2740,1855
3010,1750,1637
3011,2869,1806
3012,2797,1074
3013,216,172
3014,1797,494
3015,1373,763
3016,2759,1525
3017,1412,1318
3018,2735,125
3019,293,262
3020,1556,623
3021,1759,643
3022,2928,2866
3023,1695,1682
3024,2716,2490
3025,1829,709
3026,2785,330
3027,2960,1564
3028,1207,766
3029,2967,2950
3030,2972,711
3031,1763,934
3032,2790,2621
3033,2974,752
3034,2783,1294
3035,1130,1099
3036,2858,1055
3037,2909,1528
3038,2746,324
3039,2666,1724
3040,2989,660
3041,3008,1264
3042,3009,989
3043,3041,1781
3044,2957,2706
3045,2822,912
3046,2964,631
3047,3004,1374
3048,3043,2873
3049,2895,1531
3050,3011,2931
3051,2965,2767
3052,3048,2904
3053,3047,3040
3054,721,76
3055,3006,2899
3056,3052,783
3057,2929,806
3058,2952,842
3059,3056,706
3060,1421,1176
3061,2838,227
3062,2966,1341
3063,1307,667
3064,2945,1541
3065,2828,1719
3066,301,288
3067,2971,1268
3068,1331,564
3069,2671,1578
3070,3058,744
3071,326,128
3072,2892,466
3073,1999,1998
3074,3027,1595
3075,3059,1736
3076,3061,2996
3077,2932,1411
3078,2997,873
3079,1921,1053
3080,1387,1249
3081,3022,841
3082,3028,731
3083,2760,83
3084,3029,1844
3085,2921,1100
3086,3070,3053
3087,3075,895
3088,1026,153
3089,2994,2941
3090,1702,372
3091,3050,1997
3092,1042,704
3093,2954,396
3094,3076,1278
3095,2871,320
3096,1289,414
3097,2958,845
3098,3001,2979
3099,1989,868
3100,1775,241
3101,1200,820
3102,3036,2604
3103,463,113
3104,2943,1404
3105,2851,1380
3106,3087,1644
3107,3106,3026
3108,3033,607
3109,1703,818
3110,2955,664
3111,3094,775
3112,3107,1584
3113,932,183
3114,1336,1190
3115,282,127
3116,3081,759
3117,3112,2902
3118,2918,1355
3119,3111,1689
3120,3117,2926
3121,3046,1760
3122,3119,2896
3123,3002,2999
3124,1343,1059
3125,2939,226
3126,1539,455
3127,2912,474
3128,3120,683
3129,3086,3077
3130,3051,828
3131,2998,994
3132,3042,3003
3133,1335,801
3134,3084,1364
3135,295,69
3136,2882,819
3137,1981,1718
3138,3023,271
3139,1798,1012
3140,2944,851
3141,2832,1500
3142,3128,627
3143,1943,1106
3144,3037,1356
3145,3122,688
3146,3091,1653
3147,3127,1985
3148,2995,2848
3149,1756,889
3150,159,36
3151,3092,2893
3152,3034,613
3153,3012,708
3154,3030,779
3155,3039,2969
3156,1971,1255
3157,3010,2946
3158,3130,603
3159,3116,2985
3160,1248,1173
3161,1225,830
3162,3142,1782
3163,3045,2765
3164,3015,2911
3165,3102,1612
3166,2981,1169
3167,1526,925
3168,3145,2890
3169,1728,1509
3170,3007,620
3171,3155,3129
3172,3072,749
3173,3097,2856
3174,3162,1203
3175,3134,679
3176,3140,619
3177,3174,792
3178,2812,49
3179,3055,702
3180,2923,2798
3181,3171,3064
3182,3121,1853
3183,3177,899
3184,2867,1260
3185,375,309
3186,3175,3159
3187,3179,3025
3188,3044,39
3189,3132,581
3190,3173,3049
3191,3146,2906
3192,3178,3065
3193,3181,804
3194,3193,3149
3195,2750,948
3196,1633,945
3197,355,173
3198,1440,456
3199,3183,3062
3200,2951,760
3201,3194,3074
3202,3199,3189
3203,3187,3168
3204,2860,673
3205,3078,2903
3206,3201,1822
3207,2983,2853
3208,3191,1300
3209,3203,3176
3210,3108,887
3211,2959,2883
3212,3206,1538
3213,1895,1744
3214,3212,1920
3215,2580,881
3216,3151,2910
3217,2676,2412
3218,1662,482
3219,3153,3105
3220,3089,893
3221,1231,1171
3222,3214,1884
3223,3182,3016
3224,1031,937
3225,3186,3073
3226,3082,767
3227,2942,2917
3228,3017,585
3229,3190,2622
3230,3202,511
3231,3163,3136
3232,3222,561
3233,3230,3226
3234,3200,1080
3235,3232,3164
3236,3158,670
3237,3131,1245
3238,1405,813
3239,2888,1555
3240,1935,1485
3241,2908,250
3242,3083,2970
3243,2982,2662
3244,3123,882
3245,3209,969
3246,3223,1958
3247,1912,1762
3248,3208,3138
3249,3170,3018
3250,3143,844
3251,3245,3233
3252,2962,615
3253,3204,3114
3254,3236,1871
3255,1448,1235
3256,3235,3110
3257,2940,1733
3258,2900,8
3259,1261,630
3260,1765,1726
3261,3019,1618
3262,3104,646
3263,3244,1092
3264,3095,2993
3265,1514,276
3266,1922,1520
3267,3220,3079
3268,2840,526
3269,3256,1547
3270,3269,857
3271,3242,1640
3272,1003,649
3273,3270,3225
3274,3032,2793
3275,3263,3184
3276,3246,1880
3277,1996,678
3278,3254,1490
3279,3219,1847
3280,1344,90
3281,3248,1227
3282,1621,707
3283,3020,723
3284,3093,364
3285,3227,1597
3286,3198,1240
3287,3210,2961
3288,3144,3100
3289,3262,724
3290,3085,1271
3291,3098,608
3292,3273,3267
3293,3281,799
3294,3067,1738
3295,3276,1482
3296,2809,1918
3297,3234,3035
3298,3166,431
3299,3278,3109
3300,3137,699
3301,1001,514
3302,3292,3216
3303,3205,3141
3304,405,338
3305,3090,1723
3306,3038,2794
3307,2638,1121
3308,3031,2887
3309,3295,45
3310,3288,3148
3311,3299,3237
3312,1475,222
3313,3302,926
3314,3165,3157
3315,3293,637
3316,3154,747
3317,2885,757
3318,3013,3
3319,1339,40
3320,1077,228
3321,3215,1178
3322,3251,1688
3323,3322,1015
3324,3306,3024
3325,3257,1124
3326,3054,981
3327,3101,867
3328,3125,3063
3329,3310,3068
3330,1593,1205
3331,3274,19
3332,1699,965
3333,3287,960
3334,3253,671
3335,356,35
3336,2437,265
3337,2986,1731
3338,340,181
3339,3258,105
3340,3315,3291
3341,1975,884
3342,3313,1469
3343,3333,3279
3344,1879,374
3345,3195,1929
3346,3259,3060
3347,1807,703
3348,3298,3249
3349,1978,1153
3350,3099,1458
3351,3088,485
3352,3342,3300
3353,3294,552
3354,3311,3275
3355,3172,188
3356,3211,264
3357,1902,5
3358,3289,914
3359,3352,634
3360,3316,737
3361,3241,484
3362,2830,648
3363,3334,773
3364,3290,3229
3365,1680,520
3366,3359,3301
3367,730,533
3368,472,206
3369,3366,3332
3370,3161,617
3371,3231,2875
3372,3371,595
3373,3021,1664
3374,3369,1770
3375,3323,908
3376,3243,3239
3377,3314,1801
3378,3354,618
3379,3374,974
3380,1882,797
3381,1866,1284
3382,3379,3327
3383,3169,1270
3384,3126,1045
3385,1899,829
3386,3213,1849
3387,3382,769
3388,483,26
3389,1043,515
3390,3297,1629
3391,3375,3353
3392,3156,1303
3393,3387,551
3394,1955,1381
3395,3271,3185
3396,3152,384
3397,537,536
3398,3393,3367
3399,2639,27
3400,863,675
3401,1491,1486
3402,311,244
3403,3391,1727
3404,3139,1483
3405,3398,3390
3406,3403,3303
3407,3307,939
3408,3080,1148
3409,120,100
3410,3014,684
3411,3103,855
3412,2574,329
3413,3347,3340
3414,3238,1915
3415,3221,1673
3416,3355,95
3417,3331,1843
3418,3378,1208
3419,3188,1112
3420,3069,1988
3421,3418,681
3422,3285,3192
3423,1277,645
3424,3406,1081
3425,3405,580
3426,488,198
3427,1110,713
3428,3424,809
3429,3218,1874
3430,3372,3160
3431,3365,3224
3432,3421,3385
3433,3428,1135
3434,3425,3363
3435,3057,999
3436,3358,3260
3437,3118,922
3438,894,531
3439,391,323
3440,3317,1506
3441,3395,3377
3442,3252,905
3443,3329,3328
3444,3309,964
3445,3434,3427
3446,3433,557
3447,771,284
3448,3240,1799
3449,3445,1960
3450,3446,3282
3451,3364,1896
3452,2935,921
3453,3449,3296
3454,3362,885
3455,3113,875
3456,1089,1000
3457,861,522
3458,3339,447
3459,2861,1254
3460,3343,3167
3461,3376,3250
3462,1501,445
3463,3453,3325
3464,3360,3268
3465,3463,3265
3466,3452,666
3467,3444,3413
3468,3396,2975
3469,3344,1663
3470,3330,3280
3471,3450,509
3472,3356,1962
3473,3465,3264
3474,3432,3383
3475,3272,1139
3476,3368,230
3477,3471,786
3478,3337,3228
3479,3477,3455
3480,3318,366
3481,3436,3261
3482,3435,1956
3483,3473,1057
3484,3479,3443
3485,3483,163
3486,3150,2992
3487,3133,1273
3488,3485,810
3489,1010,638
3490,3451,3397
3491,919,315
3492,689,131
3493,3305,1332
3494,3312,3071
3495,3407,3284
3496,3488,1138
3497,3496,1259
3498,3497,931
3499,1583,1063
3500,976,727
3501,3266,3180
3502,1977,1392
3503,3498,780
3504,3484,3438
3505,1771,1687
3506,3440,3350
3507,3308,1554
3508,3419,573
3509,3504,478
3510,3503,1650
3511,907,487
3512,3509,652
3513,3467,1900
3514,3510,1861
3515,3512,521
3516,971,823
3517,1987,853
3518,3514,1712
3519,3468,3460
3520,2922,653
3521,3416,3389
3522,3518,3448
3523,3515,951
3524,3522,1517
3525,3490,1873
3526,3388,3066
3527,3474,3431
3528,3464,1228
3529,3348,3286
3530,359,235
3531,3524,3461
3532,3422,2884
3533,903,891
3534,3430,625
3535,3408,3207
3536,1049,693
3537,3277,1767
3538,2956,458
3539,1930,1512
3540,3525,3495
3541,1836,242
3542,3373,1970
3543,3523,642
3544,959,956
3545,3458,1056
3546,3531,3441
3547,3543,1887
3548,816,174
3549,3547,535
3550,3466,3351
3551,3454,597
3552,3124,967
3553,3404,3196
3554,1725,560
3555,3527,3442
3556,3481,1713
3557,3535,1397
3558,3546,1632
3559,3508,1465
3560,3321,378
3561,3558,3555
3562,221,82
3563,3361,1848
3564,3549,3411
3565,3345,1954
3566,3564,3341
3567,3529,3499
3568,3417,3147
3569,1495,1301
3570,3566,591
3571,3561,1905
3572,3556,3513
3573,3545,3520
3574,1162,574
3575,3521,3493
3576,3469,116
3577,3401,946
3578,3550,376
3579,1751,798
3580,1550,811
3581,3571,696
3582,3551,3519
3583,3581,3456
3584,3565,3412
3585,3570,3532
3586,3491,417
3587,3583,1846
3588,3437,3338
3589,3559,3326
3590,3457,3283
3591,3585,1102
3592,3587,641
3593,3572,1416
3594,3319,1444
3595,182,11
3596,3591,3415
3597,2764,385
3598,3592,1157
3599,3472,3217
3600,3507,3349
3601,1630,362
3602,3598,854
3603,3589,3567
3604,3478,1732
3605,1851,399
3606,3528,3370
3607,3553,1947
3608,3602,3526
3609,3386,1948
3610,3582,1812
3611,3596,3517
3612,3611,3536
3613,1717,1524
3614,1931,826
3615,3534,3459
3616,486,379
3617,3475,3410
3618,1683,890
3619,1212,633
3620,3612,3544
3621,3399,158
3622,3620,697
3623,3346,98
3624,3608,1090
3625,3578,1418
3626,2948,388
3627,3624,3575
3628,1202,720
3629,3533,575
3630,3622,1792
3631,3615,3599
3632,3392,725
3633,3577,1791
3634,3590,755
3635,3630,663
3636,3516,996
3637,3423,1296
3638,3593,1553
3639,3632,3627
3640,3540,1933
3641,3639,3619
3642,1025,14
3643,3552,3096
3644,1447,1036
3645,3635,570
3646,3610,1401
3647,3511,794
3648,3641,911
3649,3576,57
3650,3640,1659
3651,3384,1286
3652,3648,1432
3653,3652,3537
3654,3645,807
3655,3654,3607
3656,1366,1262
3657,1911,1290
3658,3500,1608
3659,3653,519
3660,3357,1893
3661,3659,3638
3662,3646,3604
3663,3486,3462
3664,1419,568
3665,1252,654
3666,3568,3501
3667,3580,3482
3668,3655,3647
3669,1573,1533
3670,3668,3506
3671,2988,1213
3672,774,616
3673,1944,1276
3674,3633,3554
3675,3670,369
3676,3675,1443
3677,3489,827
3678,3661,530
3679,3676,961
3680,3470,1378
3681,1730,245
3682,3634,611
3683,3586,1753
3684,3487,3414
3685,3678,3400
3686,3603,1937
3687,3679,3557
3688,3687,3584
3689,3685,1837
3690,968,674
3691,3677,1406
3692,3689,3672
3693,3688,583
3694,3335,3115
3695,3692,817
3696,3693,910
3697,3548,869
3698,3505,726
3699,3695,3650
3700,3696,1604
3701,3662,556
3702,1990,489
3703,3560,569
3704,3701,682
3705,3409,3304
3706,3699,3539
3707,3623,1940
3708,3255,60
3709,3704,636
3710,3563,18
3711,3502,239
3712,3706,505
3713,3320,1105
3714,3700,3629
3715,512,65
3716,3649,3538
3717,3712,600
3718,3682,294
3719,3717,3625
3720,3628,3588
3721,1172,834
3722,3719,3642
3723,1223,1165
3724,3618,1652
3725,3714,1140
3726,3725,3690
3727,3722,1910
3728,3597,1867
3729,3600,1794
3730,3727,676
3731,3730,835
3732,3381,1813
3733,437,50
3734,3731,3702
3735,3494,450
3736,3726,3541
3737,3667,998
3738,3734,1413
3739,3738,883
3740,3643,1246
3741,3429,3394
3742,3680,832
3743,3739,1293
3744,3736,695
3745,3744,1534
3746,3697,753
3747,3709,3636
3748,3745,3674
3749,3743,1754
3750,3380,1755
3751,3656,1773
3752,3749,1467
3753,3684,394
3754,3748,1865
3755,3752,756
3756,3631,3247
3757,1103,661
3758,3755,3651
3759,3754,3609
3760,3614,3579
3761,3686,3606
3762,1992,1143
3763,3758,3657
3764,1869,1635
3765,3763,770
3766,3765,3707
3767,3761,3759
3768,577,507
3769,3660,3626
3770,3766,1949
3771,3742,3601
3772,3747,1229
3773,3772,3703
3774,3729,3711
3775,3605,1198
3776,947,687
3777,3710,3562
3778,3767,543
3779,3770,1720
3780,3779,3737
3781,3778,3644
3782,1809,404
3783,3781,733
3784,3783,582
3785,950,612
3786,3613,782
3787,3780,3658
3788,3787,3773
3789,1617,589
3790,3718,1399
3791,3573,609
3792,3788,3753
3793,3574,628
3794,1858,1377
3795,3792,732
3796,3790,1828
3797,3735,3691
3798,3637,647
3799,3784,3439
3800,3799,1696
3801,3800,349
3802,1888,525
3803,3801,3715
3804,3728,3666
3805,3492,632
3806,3671,1158
3807,3803,1027
3808,3760,3664
3809,3480,3476
3810,3740,897
3811,3795,3720
3812,3807,833
3813,3811,644
3814,1946,1487
3815,3812,321
3816,3815,1764
3817,3683,870
3818,3813,986
3819,3768,48
3820,3818,787
3821,3804,1961
3822,3786,3750
3823,3816,1070
3824,3823,3698
3825,3824,3723
3826,3776,840
3827,3716,3426
3828,3820,1179
3829,3796,621
3830,3828,555
3831,3830,3794
3832,3831,3829
3833,3825,1574
3834,1511,154
3835,973,566
3836,1389,738
3837,3663,121
3838,3789,3713
3839,1565,1222
3840,3833,677
3841,3791,3769
3842,3840,1060
3843,3708,2388
3844,3775,3665
3845,3832,0
3846,3845,3805
3847,3842,3336
3848,3847,1698
3849,3846,1480
3850,3826,3785
3851,3721,718
3852,3849,584
3853,550,290
3854,3848,665
3855,3854,3837
3856,3852,3793
3857,3856,941
3858,3857,516
3859,3855,1086
3860,3859,3569
3861,3827,3817
3862,3858,3821
3863,3756,3741
3864,3841,277
3865,3774,3771
3866,3862,3822
3867,3866,3669
3868,3867,847
3869,788,785
3870,3868,3850
3871,991,592
3872,3617,962
3873,3860,953
3874,3873,3594
3875,3874,690
3876,3870,1735
3877,3876,3839
3878,3877,1115
3879,1519,980
3880,3878,1288
3881,3863,3808
3882,3798,3420
3883,3875,3197
3884,3883,3402
3885,3880,3724
3886,3762,1383
3887,3885,3884
3888,3694,421
3889,3797,668
3890,3810,3757
3891,3746,44
3892,3887,821
3893,3865,3542
3894,3809,3616
3895,3869,852
3896,3324,997
3897,3764,1518
3898,3836,1769
3899,3892,3891
3900,3864,864
3901,3899,386
3902,3890,3886
3903,3853,1542
3904,3893,3705
3905,3834,3732
3906,3881,3802
3907,3901,3861
3908,3904,3835
3909,3872,1898
3910,3907,1607
3911,3888,3844
3912,3906,3851
3913,3911,3530
3914,1256,858
3915,3806,1302
3916,3900,978
3917,3894,3733
3918,1705,156
3919,3838,3447
3920,3910,1438
3921,3882,578
3922,3751,289
3923,3916,3819
3924,3909,3814
3925,1123,22
3926,3920,938
3927,3926,3889
3928,3927,3913
3929,3928,3917
3930,3896,3871
3931,3782,1436
3932,3902,1845
3933,3595,393
3934,3912,3895
3935,3673,1330
3936,3932,3923
3937,3929,3914
3938,3937,1023
3939,3938,1455
3940,3934,3921
3941,3939,563
3942,3941,3924
3943,3942,596
3944,3908,871
3945,3879,308
3946,3944,3931
3947,3943,1969
3948,3947,1678
3949,3948,502
3950,3949,3903
3951,3950,402
3952,3951,513
3953,930,754
3954,3952,267
3955,3954,1462
3956,3897,3681
3957,3946,728
3958,1830,101
3959,3955,1236
3960,3959,3898
3961,3960,64
3962,3940,3919
3963,3961,247
3964,3963,3915
3965,3962,3621
3966,3930,34
3967,3918,3135
3968,3964,3925
3969,3968,3967
3970,3965,3956
3971,3957,3843
3972,3971,3969
3973,3972,132
3974,1953,1464
3975,3936,3935
3976,3973,3933
3977,3976,1906
3978,3977,3945
3979,3978,3905
3980,3979,3975
3981,3980,3953
3982,462,71
3983,3922,954
3984,3970,3966
3985,3984,917
3986,3981,3974
3987,3986,1046
3988,3985,1522
3989,3988,3958
3990,3987,380
3991,3990,3983
3992,3989,160
3993,3991,534
3994,3992,1842
3995,3994,3993
3996,3995,3777
3997,3996,3982
3998,3997,651
