6000,2338,1598
6001,6000,4167
6002,4103,2145
6003,5418,4091
6004,5141,2403
6005,3885,3643
6006,4488,2309
6007,6001,5098
6008,6005,5243
6009,5411,3234
6010,6007,5342
6011,5290,3977
6012,4361,2030
6013,6006,3069
6014,4183,1281
6015,6008,6002
6016,4080,3755
6017,5156,5070
6018,5134,5128
6019,4479,4297
6020,4797,3526
6021,2340,2138
6022,6010,3261
6023,5388,4266
6024,3686,2860
6025,6003,5361
6026,6004,5695
6027,6011,3920
6028,5827,1219
6029,6014,2133
6030,6013,5364
6031,6015,4264
6032,5907,2395
6033,5545,5343
6034,4489,4426
6035,6030,2374
6036,6032,6022
6037,6012,5480
6038,6031,6027
6039,6018,6017
6040,6036,4073
6041,5461,47
6042,6029,4116
6043,4364,4355
6044,3827,3712
6045,6038,6034
6046,6035,4291
6047,6020,4134
6048,6042,2559
6049,2243,477
6050,6025,3108
6051,6040,1315
6052,1242,433
6053,6021,96
6054,6051,5439
6055,6033,6026
6056,6039,5115
6057,6037,2383
6058,4429,3928
6059,4339,2387
6060,5767,3292
6061,4387,4204
6062,6016,2746
6063,6049,2661
6064,3950,1201
6065,6054,5011
6066,6019,4450
6067,4189,2051
6068,5226,4185
6069,6057,4233
6070,6047,3539
6071,6053,1951
6072,6067,6048
6073,3650,2070
6074,6046,4378
6075,6023,4197
6076,6069,2279
6077,4170,4047
6078,6045,2497
6079,4270,94
6080,6050,3298
6081,6063,2306
6082,6028,4181
6083,6076,6052
6084,4036,3427
6085,4159,4154
6086,6064,3763
6087,6078,4369
6088,6073,1013
6089,6055,2222
6090,6085,6074
6091,3768,3346
6092,1926,1857
6093,6009,5919
6094,3068,3036
6095,6077,6059
6096,6041,4165
6097,6058,4035
6098,5878,3707
6099,4457,4070
6100,4380,4012
6101,1096,390
6102,5491,4007
6103,4280,3860
6104,3290,150
6105,6089,6082
6106,6083,5136
6107,6060,3377
6108,6072,5241
6109,6081,4599
6110,4362,4327
6111,6062,4087
6112,6056,3899
6113,6087,5024
6114,6108,4584
6115,6098,6090
6116,6094,6075
6117,5175,3023
6118,6113,5806
6119,6096,3019
6120,6084,6065
6121,6044,4368
6122,6080,3530
6123,6043,5288
6124,6070,117
6125,6114,33
6126,5203,5077
6127,6120,3689
6128,6106,4539
6129,6079,6071
6130,6102,4083
6131,6128,5834
6132,2430,2287
6133,6097,3666
6134,3153,1177
6135,6127,3600
6136,6107,2464
6137,6111,3088
6138,6125,2074
6139,6117,4180
6140,5453,4113
6141,6118,3734
6142,4754,53
6143,6137,3260
6144,6088,74
6145,4470,4317
6146,4436,4230
6147,409,207
6148,6119,5020
6149,6092,6066
6150,6109,5325
6151,6091,5240
6152,6141,6105
6153,6131,1098
6154,6116,4354
6155,6135,1357
6156,6153,6061
6157,6143,6103
6158,6149,6133
6159,6104,3033
6160,6152,6086
6161,6144,6095
6162,6154,6130
6163,4344,4111
6164,5787,2477
6165,3095,2259
6166,2331,2302
6167,6136,2118
6168,6068,6024
6169,6122,1984
6170,6138,6115
6171,6155,3208
6172,4818,3998
6173,2582,220
6174,6150,6124
6175,6123,3203
6176,6169,6167
6177,6110,5090
6178,6171,4120
6179,5298,3908
6180,3970,79
6181,5369,3171
6182,6175,41
6183,6178,4302
6184,6093,3856
6185,6148,5333
6186,4492,4125
6187,3279,3015
6188,5747,5580
6189,389,20
6190,5148,2339
6191,3711,3691
6192,5386,4284
6193,5525,2099
6194,6156,6101
6195,6160,3146
6196,4077,4020
6197,6183,5180
6198,6170,5715
6199,6161,4138
6200,5285,2680
6201,4866,4173
6202,3982,2264
6203,2057,1649
6204,6162,6159
6205,4051,1838
6206,6195,1073
6207,4260,3047
6208,6100,3753
6209,5222,5062
6210,6197,3300
6211,6198,6134
6212,3698,3555
6213,6206,1742
6214,6184,43
6215,6112,3919
6216,6204,6129
6217,6213,4308
6218,4890,4525
6219,5182,3319
6220,6174,1084
6221,6099,1347
6222,6210,4192
6223,6185,4353
6224,6217,3438
6225,3429,3276
6226,6194,815
6227,5478,5375
6228,6157,3606
6229,6224,6186
6230,4373,2108
6231,6121,5043
6232,5762,4137
6233,6146,4013
6234,6180,4326
6235,6190,2104
6236,5445,3550
6237,6220,3110
6238,6140,4210
6239,6222,6145
6240,6223,3610
6241,4720,2273
6242,6158,4262
6243,5492,5261
6244,6151,5936
6245,6176,6164
6246,6202,1137
6247,5059,3670
6248,5584,1342
6249,6229,6192
6250,3770,3391
6251,4200,2071
6252,4236,465
6253,6228,4175
6254,6168,168
6255,398,367
6256,6177,3083
6257,3695,1523
6258,5374,1536
6259,6226,1131
6260,6214,4011
6261,6235,4033
6262,6234,5764
6263,4131,1349
6264,6240,5360
6265,4050,3708
6266,6242,6139
6267,6163,4481
6268,6259,2164
6269,5376,3185
6270,6249,1188
6271,4784,4628
6272,6245,5811
6273,6216,5918
6274,3805,3022
6275,5042,4039
6276,6215,4228
6277,6179,3057
6278,6268,714
6279,6270,2466
6280,6221,1544
6281,6239,6207
6282,6165,1657
6283,6172,5373
6284,6173,490
6285,215,77
6286,6277,6264
6287,6132,2816
6288,6279,6231
6289,3633,135
6290,4250,4060
6291,6241,4314
6292,2662,1093
6293,6254,5125
6294,6193,2035
6295,6253,5697
6296,6199,2317
6297,6273,5559
6298,6166,1881
6299,6211,2232
6300,4476,3403
6301,6266,6182
6302,6281,5278
6303,6272,5652
6304,4897,2008
6305,6299,3799
6306,6244,3681
6307,2120,497
6308,6288,4960
6309,6191,4269
6310,6205,5948
6311,2580,429
6312,4392,4360
6313,6201,4498
6314,6284,6237
6315,3456,3173
6316,6302,4696
6317,6296,4157
6318,6305,6261
6319,6219,4044
6320,1446,1018
6321,6250,3447
6322,6260,1747
6323,4094,3506
6324,6262,3064
6325,6316,6297
6326,6188,5625
6327,6256,3909
6328,1892,1154
6329,6295,2729
6330,6308,2438
6331,2679,1439
6332,4298,4040
6333,6225,5199
6334,5794,3246
6335,1778,1133
6336,6304,6278
6337,5876,5565
6338,6332,3496
6339,3205,1968
6340,6330,5473
6341,6257,4147
6342,3629,3244
6343,5474,204
6344,253,112
6345,6283,2443
6346,6303,5383
6347,6271,4529
6348,6196,2193
6349,6267,5262
6350,5304,5172
6351,4438,1777
6352,6317,5884
6353,3359,3187
6354,6289,6287
6355,6203,2378
6356,5027,4370
6357,6326,4752
6358,4705,4536
6359,4877,2917
6360,6238,6232
6361,6328,2849
6362,6340,4056
6363,410,138
6364,6251,5181
6365,6218,4315
6366,3183,3004
6367,151,86
6368,6293,3495
6369,6306,4671
6370,6300,1566
6371,285,75
6372,401,368
6373,6147,5100
6374,4484,4231
6375,5357,2328
6376,6329,6327
6377,1834,251
6378,2536,1195
6379,6362,6263
6380,6318,6142
6381,6282,5657
6382,6346,4382
6383,6342,4146
6384,6325,2199
6385,3189,2294
6386,6276,4142
6387,4612,4158
6388,5591,4058
6389,3365,3310
6390,2244,2233
6391,3769,3683
6392,6291,3961
6393,6274,2391
6394,5470,5412
6395,6319,4715
6396,6379,6309
6397,5899,1567
6398,6352,4123
6399,1489,1478
6400,3441,246
6401,5995,2181
6402,6324,5683
6403,6243,2368
6404,6398,6233
6405,6361,6336
6406,4480,3356
6407,4108,1292
6408,6294,3561
6409,2522,1631
6410,6310,3954
6411,6208,3826
6412,1481,353
6413,5147,243
6414,6382,5722
6415,5554,1647
6416,6380,6354
6417,1150,1052
6418,6369,6209
6419,6396,3098
6420,6349,4286
6421,6384,6343
6422,6355,6292
6423,5785,1295
6424,5403,4793
6425,6298,3137
6426,4066,1425
6427,6286,3717
6428,5648,4184
6429,3448,1144
6430,6255,72
6431,5050,3184
6432,5468,1646
6433,2685,1890
6434,6345,4272
6435,3131,89
6436,6248,2085
6437,6357,3846
6438,6409,6275
6439,6280,3051
6440,6405,6246
6441,6258,1283
6442,6410,124
6443,6314,4917
6444,6320,1321
6445,6301,1928
6446,6339,3220
6447,5143,1675
6448,4679,281
6449,4670,371
6450,4830,4439
6451,5097,4444
6452,449,152
6453,6408,6312
6454,6419,6402
6455,6414,4182
6456,5874,5253
6457,6392,3229
6458,6333,6315
6459,4009,2332
6460,4190,2380
6461,4435,3259
6462,4654,4106
6463,6442,6421
6464,4112,1239
6465,3449,3029
6466,6440,4986
6467,6351,6322
6468,6463,3459
6469,231,107
6470,6427,5679
6471,6455,6454
6472,6416,3100
6473,3905,3902
6474,6252,4256
6475,6370,1265
6476,6395,6368
6477,6443,170
6478,6418,4072
6479,5799,4067
6480,2832,1423
6481,6377,1039
6482,6439,6381
6483,6411,6373
6484,6445,4105
6485,6360,1220
6486,6478,6334
6487,6376,5197
6488,6472,5099
6489,1661,501
6490,6470,6126
6491,62,12
6492,5981,5512
6493,6435,237
6494,6468,6426
6495,6466,5170
6496,6321,3374
6497,6433,6341
6498,6212,5248
6499,6364,4318
6500,6488,1504
6501,6247,1107
6502,6457,4422
6503,6487,6446
6504,3761,97
6505,6404,1338
6506,6313,4188
6507,3596,2886
6508,6434,3400
6509,5014,3273
6510,5165,4335
6511,453,261
6512,1275,1082
6513,6494,2149
6514,6495,4537
6515,6285,73
6516,4490,2015
6517,1513,880
6518,6372,392
6519,6338,5629
6520,6458,3674
6521,5469,5230
6522,6471,6366
6523,4710,1676
6524,6386,4420
6525,6348,2192
6526,6189,4288
6527,6485,2412
6528,6484,6441
6529,6514,2632
6530,5205,2511
6531,6477,4893
6532,6492,5883
6533,6422,1840
6534,6363,354
6535,6480,3814
6536,6393,2523
6537,6403,1603
6538,1772,1589
6539,6500,901
6540,6503,6467
6541,257,59
6542,5780,3529
6543,6227,5176
6544,6486,3819
6545,6399,1815
6546,4014,1308
6547,6335,4143
6548,6529,3469
6549,3967,2352
6550,6513,6425
6551,6522,6508
6552,6378,5398
6553,6505,2308
6554,6460,3372
6555,1334,1272
6556,6499,6387
6557,6358,4697
6558,4945,4473
6559,6390,6347
6560,5813,4349
6561,6528,1020
6562,4408,4100
6563,6539,2487
6564,6323,4101
6565,6415,6365
6566,3781,252
6567,6407,5420
6568,6530,3943
6569,1433,357
6570,3369,413
6571,6420,3601
6572,2183,2129
6573,4604,3366
6574,6551,6501
6575,6383,3742
6576,3294,1615
6577,6563,3164
6578,4734,218
6579,6436,5651
6580,4969,2301
6581,6459,6375
6582,6476,3959
6583,5447,3590
6584,6550,4462
6585,6524,4150
6586,6200,3457
6587,6423,5502
6588,4399,3836
6589,4316,2375
6590,5852,4372
6591,6577,6553
6592,5313,4293
6593,6584,6538
6594,146,37
6595,6374,4088
6596,4591,3395
6597,6491,171
6598,6540,5153
6599,6544,6497
6600,2393,2337
6601,5171,1141
6602,6571,6265
6603,6337,5727
6604,6593,5838
6605,5422,4367
6606,6490,3440
6607,6307,5802
6608,2343,1040
6609,6518,119
6610,3043,103
6611,6533,5856
6612,6574,2256
6613,6483,6448
6614,5384,2792
6615,4474,403
6616,6482,6413
6617,6561,1708
6618,6464,1825
6619,6181,2103
6620,4964,4117
6621,6187,1979
6622,6612,5209
6623,6605,1924
6624,6531,1991
6625,6532,6502
6626,2255,2174
6627,4252,3626
6628,4972,4757
6629,6618,6438
6630,6391,4076
6631,4508,3018
6632,4375,4244
6633,3307,3041
6634,6622,3269
6635,6311,9
6636,3254,1886
6637,4485,3413
6638,6437,1372
6639,6504,3958
6640,5133,270
6641,6604,6562
6642,3085,2546
6643,6585,6558
6644,6579,5696
6645,6548,6371
6646,4015,3492
6647,3470,1941
6648,6429,4440
6649,6606,6350
6650,6552,4246
6651,6451,1126
6652,6527,5553
6653,6634,6565
6654,5913,5708
6655,6617,3212
6656,6580,4433
6657,5983,2344
6658,6591,6523
6659,1577,1035
6660,6489,722
6661,5270,4118
6662,6641,6581
6663,2314,762
6664,6610,5631
6665,6616,1734
6666,3904,3079
6667,6397,3944
6668,6394,5518
6669,4041,3285
6670,3966,3922
6671,6475,5886
6672,6535,5472
6673,6520,4166
6674,6449,5359
6675,1180,527
6676,6572,6506
6677,3360,3094
6678,3907,1457
6679,4826,1345
6680,6269,4630
6681,6599,2564
6682,4371,2910
6683,5939,4093
6684,5078,4237
6685,6598,5166
6686,6645,793
6687,5930,5321
6688,5489,4226
6689,6655,1311
6690,6662,1692
6691,4300,4025
6692,4141,2844
6693,6624,987
6694,6653,5779
6695,6406,4023
6696,6498,6461
6697,5452,5001
6698,6545,6493
6699,5415,5324
6700,6597,1329
6701,3869,3210
6702,6431,5214
6703,6629,4471
6704,6643,4151
6705,6658,3971
6706,6694,5740
6707,3332,2176
6708,6582,5421
6709,3540,1400
6710,6689,4031
6711,6642,2329
6712,6519,5576
6713,6693,658
6714,5146,4350
6715,5851,1497
6716,6660,6417
6717,440,343
6718,6515,1375
6719,6588,4126
6720,6690,6625
6721,3384,287
6722,6536,5401
6723,6705,115
6724,6521,5466
6725,6534,2565
6726,4891,4441
6727,3900,2007
6728,6631,3286
6729,6611,5934
6730,6638,5931
6731,6230,4910
6732,6713,742
6733,3373,2584
6734,6542,200
6735,6453,3588
6736,1835,1605
6737,6649,3243
6738,6686,6672
6739,6517,1087
6740,6681,2550
6741,5555,4010
6742,4282,3258
6743,2507,2202
6744,6692,6637
6745,4187,3547
6746,6589,2432
6747,4074,2929
6748,5956,5596
6749,6720,3820
6750,2514,1746
6751,6564,3648
6752,6636,2047
6753,3385,1994
6754,6652,6516
6755,6749,6549
6756,6708,5318
6757,6627,3510
6758,6479,1498
6759,6644,963
6760,6706,6687
6761,6723,3299
6762,3103,2455
6763,6496,4021
6764,260,255
6765,6656,4034
6766,3375,3222
6767,6712,6567
6768,5434,2751
6769,6432,3221
6770,6556,2353
6771,6710,3960
6772,6428,3046
6773,5212,5104
6774,6755,6632
6775,6737,6447
6776,2276,17
6777,3136,491
6778,1877,1320
6779,6465,370
6780,4004,1415
6781,6547,4843
6782,1193,1006
6783,5888,5710
6784,6729,1337
6785,3721,4
6786,6709,5121
6787,6481,2010
6788,5624,3986
6789,4571,495
6790,6774,6569
6791,5019,3387
6792,5699,2988
6793,6756,6586
6794,5994,1707
6795,6685,4613
6796,6668,1450
6797,6771,5292
6798,6704,4191
6799,6512,4301
6800,1814,508
6801,3213,1266
6802,6738,4950
6803,6602,4263
6804,3910,1660
6805,6761,6726
6806,6359,4590
6807,5265,4915
6808,5677,1585
6809,3831,3225
6810,6665,4216
6811,3306,929
6812,6696,3918
6813,6805,4115
6814,6651,1693
6815,6677,5618
6816,6388,4906
6817,5817,219
6818,6802,6650
6819,6790,6734
6820,1967,1856
6821,6674,3382
6822,6732,4509
6823,6813,6784
6824,6730,6401
6825,6767,3743
6826,6795,5009
6827,3211,3209
6828,6787,6715
6829,6633,6575
6830,1299,1282
6831,6613,442
6832,6600,2282
6833,6797,2911
6834,1757,460
6835,6769,6587
6836,2472,1251
6837,3314,317
6838,6456,5144
6839,6595,4397
6840,6673,6573
6841,5385,3345
6842,6718,4581
6843,4733,4008
6844,6620,1503
6845,6635,184
6846,6702,5511
6847,4487,4285
6848,6740,5254
6849,6717,6675
6850,6546,4055
6851,4224,3817
6852,6779,3675
6853,6818,1114
6854,4393,1091
6855,6566,307
6856,6583,4442
6857,6826,4119
6858,6798,5202
6859,3554,3090
6860,5929,3172
6861,6353,279
6862,6848,6543
6863,6663,2081
6864,6760,6754
6865,4901,2130
6866,6812,3309
6867,6751,4674
6868,6630,5289
6869,6525,1224
6870,4929,4878
6871,4749,3132
6872,3123,2878
6873,3160,3087
6874,6819,6739
6875,6601,2218
6876,6810,5636
6877,6759,5717
6878,6735,3802
6879,4168,1068
6880,6537,4089
6881,4739,4394
6882,6716,6703
6883,6853,6822
6884,5306,5127
6885,6748,6664
6886,4668,2240
6887,3671,1230
6888,4939,3101
6889,6874,6752
6890,6695,4351
6891,3399,2759
6892,1125,626
6893,4941,2366
6894,5911,2480
6895,6507,3297
6896,1398,1037
6897,6462,3442
6898,5869,4875
6899,6823,5564
6900,6444,1463
6901,5083,2955
6902,6707,6385
6903,6509,3825
6904,6824,5820
6905,6889,6733
6906,6596,3197
6907,6669,1821
6908,439,108
6909,6829,4845
6910,3394,3257
6911,6803,6775
6912,6724,4122
6913,6899,6786
6914,6570,1424
6915,6833,5345
6916,6864,6791
6917,6736,339
6918,6684,202
6919,3921,1552
6920,6905,1883
6921,2494,192
6922,6700,310
6923,6920,3504
6924,6916,6770
6925,6828,6727
6926,6913,6863
6927,3283,3193
6928,5750,2962
6929,6788,6728
6930,5534,500
6931,6621,4954
6932,6876,4391
6933,6858,3929
6934,6356,2687
6935,6578,300
6936,6757,2621
6937,6639,1758
6938,4418,4006
6939,6722,6671
6940,6923,1557
6941,6603,5606
6942,6862,6857
6943,6557,5210
6944,2928,314
6945,6698,1737
6946,5237,1186
6947,6895,6831
6948,6915,1382
6949,438,259
6950,5096,5012
6951,4063,3619
6952,5664,3169
6953,6883,6367
6954,3228,2367
6955,6940,5149
6956,6890,4565
6957,5909,2019
6958,4743,2778
6959,6725,3854
6960,6657,906
6961,4059,3238
6962,6389,3488
6963,6903,2938
6964,6474,4347
6965,6948,935
6966,6667,3574
6967,5719,4496
6968,6924,5322
6969,5586,2361
6970,6926,6817
6971,6768,5808
6972,6838,6424
6973,6842,298
6974,6745,2335
6975,6878,6816
6976,6721,6608
6977,6942,2877
6978,3634,3312
6979,6965,344
6980,6846,5943
6981,5354,167
6982,3313,1831
6983,6615,6541
6984,6680,2185
6985,5272,1643
6986,6955,2360
6987,5821,5599
6988,6932,5331
6989,6970,2420
6990,6780,6555
6991,5858,3630
6992,6968,4245
6993,4454,545
6994,6986,6867
6995,6904,2388
6996,5004,2416
6997,6825,6777
6998,4377,1079
6999,6814,4464
7000,6731,4666
7001,6839,6623
7002,5988,5504
7003,6931,4738
7004,6793,3694
7005,6773,3672
7006,470,51
7007,3340,2423
7008,5830,1051
7009,4983,2686
7010,6992,6688
7011,6628,4611
7012,6929,5535
7013,587,118
7014,6808,5540
7015,6869,3192
7016,3002,1384
7017,7010,5739
7018,5548,1537
7019,6840,872
7020,5067,3003
7021,6979,6947
7022,6849,1367
7023,6763,1083
7024,6989,6896
7025,6994,1306
7026,5991,2742
7027,6988,876
7028,6933,189
7029,6925,860
7030,6927,6648
7031,6559,5368
7032,6866,6661
7033,6953,4835
7034,6943,1132
7035,7025,4588
7036,4310,2534
7037,5500,1168
7038,7017,6880
7039,6901,6882
7040,6526,6430
7041,6331,286
7042,4689,1819
7043,5350,3056
7044,7024,1606
7045,4979,4383
7046,6654,5925
7047,5281,4881
7048,6778,1017
7049,7027,6640
7050,7022,5242
7051,3198,1917
7052,6977,3785
7053,6966,4078
7054,3517,3472
7055,6844,6804
7056,6850,6799
7057,7039,1393
7058,292,238
7059,6554,1619
7060,7012,5818
7061,6510,5109
7062,6809,3527
7063,425,337
7064,7038,2105
7065,6911,2297
7066,6590,1253
7067,1876,360
7068,5032,3989
7069,7065,2056
7070,6473,3945
7071,2234,210
7072,7028,2454
7073,5493,4413
7074,6892,6845
7075,6619,4846
7076,6741,4099
7077,7035,5661
7078,6990,6450
7079,6888,1386
7080,6765,6746
7081,7033,6946
7082,498,275
7083,6697,1868
7084,6997,1894
7085,7019,3996
7086,6792,1959
7087,6679,2547
7088,6975,2638
7089,6666,3479
7090,7029,1529
7091,6854,4135
7092,7044,2170
7093,3514,1390
7094,5395,5358
7095,7064,6887
7096,7071,5746
7097,5678,5029
7098,6851,2143
7099,6820,1430
7100,4029,312
7101,5949,1187
7102,6714,4097
7103,7092,1505
7104,7000,6806
7105,6885,2676
7106,1530,1379
7107,6935,3407
7108,5889,5810
7109,7095,7047
7110,6758,3581
7111,4796,3236
7112,7052,6909
7113,7004,6987
7114,5036,4475
7115,7077,5006
7116,7081,6789
7117,5456,736
7118,6941,5906
7119,2450,68
7120,6897,3329
7121,7045,6744
7122,5647,4914
7123,6938,3487
7124,6877,6800
7125,2567,838
7126,6594,1601
7127,7115,7015
7128,6995,278
7129,5448,5438
7130,6939,1218
7131,7072,6452
7132,6914,199
7133,6886,3549
7134,6830,1333
7135,7085,5600
7136,6719,3378
7137,4968,3380
7138,7043,6782
7139,5441,2296
7140,6614,2861
7141,6576,4273
7142,6894,1095
7143,7103,7090
7144,6856,1029
7145,7109,6647
7146,420,318
7147,7020,3061
7148,106,42
7149,7112,1101
7150,3914,3868
7151,7036,879
7152,7116,2097
7153,7127,7018
7154,6907,4379
7155,7049,6821
7156,3773,3740
7157,4542,4313
7158,7021,1368
7159,6984,6659
7160,6999,46
7161,2060,1591
7162,7152,7087
7163,7032,4043
7164,5680,3435
7165,7153,3255
7166,5974,5569
7167,7145,6912
7168,6982,4057
7169,7134,1297
7170,1710,1216
7171,6910,5391
7172,6762,4329
7173,6951,4054
7174,7069,5723
7175,3178,778
7176,5769,397
7177,7165,1034
7178,7149,6859
7179,7076,6835
7180,7008,2064
7181,7162,6879
7182,7058,6609
7183,4130,2897
7184,3940,3722
7185,5297,1919
7186,179,61
7187,6971,6796
7188,6412,892
7189,7167,2508
7190,1204,88
7191,6978,229
7192,5751,5703
7193,5718,2461
7194,7177,1434
7195,6785,291
7196,2326,1041
7197,7113,1304
7198,7083,6815
7199,7181,1291
7200,7189,5686
7201,7143,7057
7202,6980,4430
7203,4857,4763
7204,6959,6743
7205,7124,7014
7206,6766,3084
7207,805,635
7208,7194,3972
7209,7158,1579
7210,4406,2678
7211,7002,1586
7212,299,186
7213,334,258
7214,4295,4279
7215,5475,705
7216,4898,416
7217,7088,3995
7218,5617,5074
7219,6881,6772
7220,3669,1206
7221,2943,2836
7222,5601,1787
7223,7050,1602
7224,4343,4305
7225,6742,4553
7226,7034,4597
7227,5577,3832
7228,7009,629
7229,6945,6922
7230,6711,5793
7231,6783,5689
7232,7041,6568
7233,3402,3322
7234,3803,3024
7235,5145,2743
7236,7200,7001
7237,4337,3876
7238,4813,4677
7239,5849,5602
7240,6678,4259
7241,7168,3775
7242,7209,5425
7243,5900,5797
7244,1923,1648
7245,6983,423
7246,7208,2160
7247,4899,2324
7248,7150,7121
7249,6956,6841
7250,2637,2088
7251,7178,5508
7252,7080,2112
7253,5194,3818
7254,7201,6919
7255,7136,6400
7256,7246,7055
7257,3021,129
7258,6969,2880
7259,7256,7130
7260,6750,2150
7261,7219,2866
7262,6875,1417
7263,7053,4482
7264,7084,2485
7265,6646,3638
7266,7236,7197
7267,6906,400
7268,7254,2978
7269,5895,1932
7270,6832,2096
7271,7042,3128
7272,4030,2197
7273,6936,4127
7274,7169,15
7275,7111,7031
7276,7163,4225
7277,7079,5224
7278,5637,1532
7279,3653,476
7280,7175,7135
7281,6937,5809
7282,6676,4767
7283,1435,1028
7284,4160,3231
7285,5910,1466
7286,7138,7091
7287,4499,3821
7288,4691,3311
7289,7251,7195
7290,5365,2078
7291,7060,3622
7292,6776,1350
7293,5387,3642
7294,7233,2827
7295,7266,6781
7296,6972,593
7297,5233,4219
7298,7264,2646
7299,7204,28
7300,7174,6699
7301,6801,784
7302,2602,1044
7303,7074,5279
7304,6976,1422
7305,5692,1358
7306,5691,1827
7307,5533,1149
7308,6930,3347
7309,1348,350
7310,7073,2608
7311,5848,4235
7312,6836,1645
7313,7046,4468
7314,7268,7101
7315,3165,2760
7316,4675,3532
7317,6855,280
7318,7242,2798
7319,4600,1408
7320,7011,1824
7321,7205,7142
7322,7211,5777
7323,7110,5706
7324,3824,2993
7325,6921,6898
7326,7223,7107
7327,7180,6670
7328,7318,739
7329,3170,1656
7330,6928,1127
7331,6985,1860
7332,6868,6607
7333,7280,3859
7334,7289,5407
7335,4543,2881
7336,7231,7128
7337,5065,4253
7338,7199,1560
7339,3155,2372
7340,6981,862
7341,7258,7078
7342,7146,272
7343,7155,3049
7344,5731,1748
7345,4985,4583
7346,2757,1108
7347,7295,7122
7348,4911,1624
7349,7140,2812
7350,7003,6973
7351,6950,1473
7352,7259,7037
7353,7089,3232
7354,7170,1761
7355,7273,1885
7356,7105,5286
7357,7338,4703
7358,7328,4345
7359,7312,2408
7360,7245,7006
7361,6682,4973
7362,7126,6944
7363,7062,3778
7364,6960,1164
7365,6963,452
7366,6949,3835
7367,7314,1904
7368,4932,4294
7369,7291,5803
7370,5961,4839
7371,7248,3624
7372,5877,1429
7373,7296,4037
7374,7352,5488
7375,7075,6884
7376,7358,3984
7377,6860,6837
7378,7282,4641
7379,7067,6794
7380,7367,3009
7381,7129,4239
7382,7347,7086
7383,3397,3161
7384,6934,2493
7385,5008,4437
7386,7125,791
7387,6974,2509
7388,7059,6811
7389,7172,4768
7390,3895,1613
7391,5945,5778
7392,7357,6747
7393,5563,331
7394,7380,3348
7395,7308,4292
7396,6961,5397
7397,7355,7334
7398,7173,4461
7399,3705,468
7400,7374,7333
7401,7104,1062
7402,7250,2300
7403,7394,4410
7404,6872,4261
7405,7300,7263
7406,4258,3751
7407,7232,1237
7408,6954,837
7409,7252,5980
7410,6891,5155
7411,7343,5712
7412,7023,3073
7413,7160,5195
7414,7382,7179
7415,7376,7171
7416,7159,7123
7417,7132,3892
7418,7131,4416
7419,7298,1925
7420,5590,395
7421,7403,1510
7422,4400,4026
7423,7277,6993
7424,6917,2136
7425,3735,2635
7426,4726,3052
7427,7040,7030
7428,4504,4325
7429,7141,6753
7430,7392,1214
7431,7118,6560
7432,6290,2837
7433,7241,3499
7434,7411,7369
7435,6852,1454
7436,1274,1067
7437,7225,3728
7438,7421,7274
7439,1376,923
7440,7271,3887
7441,7302,6701
7442,7229,7148
7443,7066,1679
7444,7299,122
7445,5294,916
7446,5670,975
7447,7154,5266
7448,3618,1891
7449,6865,2458
7450,7056,4467
7451,7400,5958
7452,6952,2738
7453,5356,5124
7454,7414,2781
7455,3764,1209
7456,2152,1580
7457,7438,7371
7458,4560,565
7459,984,70
7460,6962,4572
7461,6344,143
7462,3354,3122
7463,7240,7226
7464,6511,223
7465,7454,6683
7466,5268,3006
7467,7397,5378
7468,7415,3665
7469,7401,5429
7470,4695,3702
7471,4133,3812
7472,7202,5957
7473,7151,1156
7474,7119,4984
7475,5162,4587
7476,5432,5234
7477,7378,7007
7478,7467,5056
7479,6908,6
7480,6843,4251
7481,7465,7391
7482,5002,3978
7483,7106,2310
7484,2248,1452
7485,7451,662
7486,7005,5390
7487,7261,6871
7488,7434,7356
7489,7320,4577
7490,7187,7051
7491,7102,5315
7492,7305,346
7493,7418,473
7494,7099,1217
7495,7419,1111
7496,7468,1976
7497,7284,4699
7498,5566,2258
7499,4095,4079
7500,7198,4535
7501,7485,7196
7502,7469,4686
7503,7260,6902
7504,6964,4221
7505,1551,1002
7506,7332,7061
7507,7478,7301
7508,7026,2895
7509,5211,2996
7510,7218,5660
7511,5538,1362
7512,7227,3797
7513,7216,4376
7514,7276,5340
7515,7234,3657
7516,7120,2405
7517,5975,1279
7518,5487,5192
7519,7501,7293
7520,7412,6873
7521,7349,2926
7522,7082,196
7523,7322,7321
7524,7496,3631
7525,7483,776
7526,7457,7389
7527,7424,1507
7528,7139,572
7529,7354,6834
7530,7430,789
7531,7519,5771
7532,7481,5594
7533,5164,4497
7534,7524,7188
7535,1870,1562
7536,7364,7326
7537,7336,1353
7538,7117,972
7539,7475,6870
7540,7407,1471
7541,7531,7262
7542,7507,6861
7543,3932,435
7544,7214,2530
7545,3331,383
7546,7315,579
7547,3913,2006
7548,7222,424
7549,3858,3251
7550,4735,2677
7551,7526,7390
7552,5965,4330
7553,7309,3432
7554,5759,4451
7555,7409,7372
7556,7048,1104
7557,7534,5450
7558,7215,2594
7559,6893,2643
7560,3615,1914
7561,7444,7190
7562,2311,95
7563,7203,4766
7564,5903,1128
7565,5815,4213
7566,7541,7495
7567,5118,716
7568,4412,1955
7569,4923,4874
7570,7013,2711
7571,5016,446
7572,7417,7133
7573,7494,7303
7574,5589,610
7575,7439,5455
7576,7530,7093
7577,5201,249
7578,7489,4174
7579,7359,5517
7580,7097,5000
7581,7431,7235
7582,3917,266
7583,7323,5927
7584,5028,3877
7585,7342,161
7586,7286,2260
7587,7551,1681
7588,7385,7275
7589,5720,3202
7590,4443,2535
7591,7471,7221
7592,7353,5843
7593,7294,3875
7594,7330,1033
7595,7557,7341
7596,7319,529
7597,7384,4728
7598,1729,191
7599,1402,365
7600,7217,4727
7601,3376,3016
7602,7387,1878
7603,7566,5066
7604,7587,5267
7605,7377,358
7606,4177,1543
7607,7405,7114
7608,7287,2207
7609,7542,7278
7610,7555,7257
7611,7576,7459
7612,7604,915
7613,7532,7249
7614,7515,6847
7615,7544,4212
7616,7547,5196
7617,2825,2593
7618,7609,7509
7619,7612,7570
7620,4455,4092
7621,149,10
7622,7423,3730
7623,1614,1269
7624,1913,1085
7625,2379,2286
7626,7603,5327
7627,7373,3082
7628,3594,412
7629,3985,3218
7630,7447,639
7631,7281,7100
7632,7563,7502
7633,3182,2641
7634,7448,5047
7635,7626,1322
7636,4858,3613
7637,7339,2098
7638,3339,1739
7639,5283,1826
7640,7220,4278
7641,6626,5711
7642,4352,4065
7643,7350,7304
7644,7619,5531
7645,5868,3792
7646,7094,547
7647,4448,2459
7648,7635,2148
7649,1370,407
7650,7600,7440
7651,4922,933
7652,3162,1460
7653,7648,7488
7654,7325,2590
7655,5964,5860
7656,7166,3044
7657,7503,7270
7658,316,306
7659,7267,7210
7660,3651,256
7661,7279,2467
7662,7413,4693
7663,4179,1378
7664,7644,5235
7665,7643,7442
7666,7182,273
7667,4085,1912
7668,7618,5449
7669,7613,7450
7670,1686,363
7671,7559,1076
7672,7472,2572
7673,7212,351
7674,7460,1548
7675,993,765
7676,5622,4022
7677,7445,7386
7678,7611,7540
7679,7656,4606
7680,7446,5367
7681,5442,2634
7682,5933,5440
7683,7573,979
7684,4203,3078
7685,7346,7144
7686,7664,7340
7687,6918,236
7688,7435,7206
7689,7324,475
7690,7607,7493
7691,7463,5773
7692,5280,5058
7693,7561,7473
7694,7508,2691
7695,7668,1590
7696,5026,3505
7697,7578,4803
7698,7500,7054
7699,4936,3275
7700,7539,1116
7701,7307,7269
7702,7238,4458
7703,7669,7610
7704,1247,790
7705,7703,7672
7706,7230,5873
7707,7164,5971
7708,4836,3483
7709,7477,1113
7710,466,313
7711,5276,2921
7712,5524,2069
7713,7193,2470
7714,4994,1634
7715,7098,268
7716,7228,3127
7717,5861,2139
7718,7686,2854
7719,7520,1651
7720,1394,434
7721,7224,5316
7722,7161,7096
7723,7527,7517
7724,1359,843
7725,7063,133
7726,7213,7186
7727,7523,5894
7728,7470,7360
7729,7255,848
7730,5701,2714
7731,7363,25
7732,7311,2034
7733,6991,5864
7734,7631,91
7735,3409,2947
7736,5126,2995
7737,5190,3289
7738,7361,1983
7739,5833,1257
7740,7678,7677
7741,7548,2141
7742,7698,7695
7743,4761,1568
7744,7366,694
7745,1437,1210
7746,7521,2829
7747,7443,1170
7748,7605,949
7749,7427,263
7750,7288,7265
7751,7606,5317
7752,7348,6807
7753,5311,1118
7754,7456,7437
7755,4271,3948
7756,7705,5872
7757,5960,5688
7758,2557,2510
7759,3750,3428
7760,7584,943
7761,3020,2075
7762,7756,5404
7763,7718,7368
7764,3074,849
7765,4178,2885
7766,7653,1859
7767,7685,2615
7768,7595,1818
7769,7556,1319
7770,7766,1666
7771,2079,1414
7772,7740,940
7773,7536,1032
7774,7763,4681
7775,185,67
7776,7762,5076
7777,6996,4519
7778,7550,4019
7779,7768,796
7780,7388,2673
7781,7772,3104
7782,7297,2213
7783,4882,1250
7784,4957,4217
7785,7781,1211
7786,4576,1811
7787,7598,1839
7788,7474,2414
7789,7779,7774
7790,7185,4801
7791,4018,361
7792,4220,1312
7793,4744,203
7794,7379,1340
7795,1494,175
7796,7290,4534
7797,7770,2495
7798,7785,7665
7799,7497,803
7800,4395,248
7801,7016,3873
7802,7727,1559
7803,4792,1395
7804,7588,7449
7805,7402,601
7806,7728,7316
7807,5482,2411
7808,7583,5523
7809,7070,3632
7810,7797,7560
7811,176,31
7812,3964,2313
7813,7441,3462
7814,6900,2251
7815,7416,1122
7816,4403,781
7817,2465,2215
7818,7670,7630
7819,7733,1701
7820,7514,4241
7821,7650,7487
7822,274,205
7823,7498,686
7824,7674,7429
7825,7632,2945
7826,7742,3884
7827,7362,2228
7828,7810,7535
7829,7453,3515
7830,3404,1571
7831,7637,7627
7832,5185,3224
7833,5363,1456
7834,457,56
7835,7581,134
7836,7776,7625
7837,7828,2371
7838,2671,1927
7839,2278,1709
7840,7709,2712
7841,7657,2091
7842,7837,1022
7843,3536,1611
7844,7683,7628
7845,4283,3500
7846,3762,137
7847,7589,5844
7848,7723,7579
7849,5800,3168
7850,5922,2961
7851,7662,5274
7852,3822,3661
7853,5085,213
7854,4764,3386
7855,7842,7655
7856,7693,1768
7857,2788,2543
7858,3729,232
7859,4933,1339
7860,7773,1965
7861,7761,7554
7862,5168,598
7863,7622,7375
7864,7855,2107
7865,7572,2970
7866,7327,2220
7867,1622,1075
7868,7614,7351
7869,7659,1313
7870,1587,496
7871,7365,254
7872,7836,7680
7873,7176,4658
7874,7821,3544
7875,7804,6998
7876,7864,4578
7877,7335,4517
7878,7654,3791
7879,7789,7331
7880,7147,3248
7881,3991,2189
7882,7826,7755
7883,5954,5867
7884,7525,7404
7885,4682,1556
7886,7506,7486
7887,5007,750
7888,3925,1388
7889,7719,7702
7890,4086,3896
7891,7283,1285
7892,7537,104
7893,7820,5151
7894,7433,6236
7895,7552,2456
7896,4716,3847
7897,3392,3158
7898,7504,7420
7899,7708,13
7900,7529,7306
7901,7713,7432
7902,7398,7381
7903,5807,4549
7904,7751,2542
7905,7729,1697
7906,5558,3342
7907,7716,7638
7908,7882,194
7909,7794,1410
7910,7597,2354
7911,5583,426
7912,7860,4777
7913,7802,2436
7914,7884,7856
7915,7247,1365
7916,7874,7815
7917,3389,304
7918,7901,541
7919,7847,7691
7920,7586,5423
7921,7617,4717
7922,7808,7452
7923,7908,4736
7924,7410,3270
7925,4000,3501
7926,7798,517
7927,4424,1441
7928,2551,1119
7929,5782,1175
7930,7769,1129
7931,7749,109
7932,4540,2665
7933,7748,3865
7934,7746,7399
7935,7848,7624
7936,7903,4163
7937,7923,7876
7938,7818,1327
7939,7881,7788
7940,4275,1409
7941,7841,7722
7942,5963,5587
7943,7688,7395
7944,7137,2210
7945,178,84
7946,7840,7575
7947,4148,303
7948,1810,283
7949,7813,5349
7950,5428,2476
7951,7569,3437
7952,7479,493
7953,2188,1324
7954,1691,1030
7955,5976,2633
7956,7879,2847
7957,5902,1061
7958,481,87
7959,451,130
7960,7591,3682
7961,7640,6592
7962,7741,7484
7963,504,319
7964,7183,2266
7965,5822,3017
7966,3215,2529
7967,7931,3744
7968,5068,415
7969,7721,4005
7970,5075,3795
7971,7717,7546
7972,4320,3316
7973,7706,3480
7974,5669,3318
7975,7846,3709
7976,4332,836
7977,7651,7574
7978,7715,2720
7979,7426,4199
7980,7615,7253
7981,7593,4992
7982,7476,4098
7983,7825,746
7984,4411,2965
7985,7867,7787
7986,7814,7608
7987,5049,1134
7988,5770,4495
7989,7671,7602
7990,7700,4531
7991,3774,1973
7992,7892,7872
7993,7956,4608
7994,7492,1795
7995,7935,7641
7996,4114,2237
7997,5875,2376
7998,7863,7851
7999,7930,1677
8000,3396,3007
8001,7993,7912
8002,7734,5419
8003,3039,1872
8004,7666,1655
8005,7699,3035
8006,7807,155
8007,7594,5700
8008,7673,1950
8009,1952,1625
8010,5890,5537
8011,7875,7645
8012,7831,7730
8013,7553,1181
8014,7937,659
8015,7568,7337
8016,7941,1120
8017,7926,4709
8018,7865,7512
8019,7370,114
8020,7313,5091
8021,7801,7191
8022,7393,5052
8023,7344,1740
8024,7827,1323
8025,7835,5685
8026,4988,4977
8027,7992,2082
8028,7780,2050
8029,944,800
8030,7184,5291
8031,5743,4769
8032,8017,540
8033,7938,7905
8034,7767,6764
8035,5163,1704
8036,3663,624
8037,7983,7914
8038,7844,510
8039,7970,7868
8040,7422,4107
8041,7689,2848
8042,7921,655
8043,7823,7285
8044,7902,7690
8045,7900,2348
8046,7977,7580
8047,2072,772
8048,7585,1572
8049,7962,7739
8050,4756,4110
8051,7731,5757
8052,2785,227
8053,8027,5106
8054,480,233
8055,5675,1502
8056,3256,3062
8057,7861,3230
8058,8033,7480
8059,7738,2327
8060,8044,7707
8061,7720,3806
8062,7765,2303
8063,7975,1833
8064,7946,7920
8065,7990,7918
8066,4432,878
8067,5634,3325
8068,7649,1346
8069,1875,296
8070,8001,1184
8071,7829,4935
8072,4718,3277
8073,3625,2753
8074,7904,7406
8075,7675,7292
8076,5665,4574
8077,5607,3947
8078,4324,1066
8079,4616,1453
8080,7676,3383
8081,7436,7239
8082,4500,2597
8083,8032,7558
8084,8016,2023
8085,8038,7909
8086,3855,3811
8087,1749,411
8088,7793,5105
8089,467,322
8090,7621,348
8091,7661,7528
8092,7745,1167
8093,5330,139
8094,8014,2385
8095,7513,7491
8096,7967,3050
8097,7505,5277
8098,8053,7620
8099,6469,4062
8100,8094,7759
8101,7998,7843
8102,8070,444
8103,7750,7694
8104,7889,7592
8105,8007,7878
8106,7913,1146
8107,7754,3852
8108,8102,4706
8109,7461,1
8110,7969,928
8111,2896,2254
8112,7747,5972
8113,7599,7510
8114,7943,4692
8115,7981,7907
8116,8013,2867
8117,7816,865
8118,2883,297
8119,5870,2457
8120,7681,3464
8121,7764,4124
8122,7744,3509
8123,8108,909
8124,7886,3727
8125,8083,606
8126,5733,966
8127,8098,3293
8128,5855,4513
8129,461,406
8130,7924,2771
8131,8127,7243
8132,8046,7819
8133,717,528
8134,2907,1016
8135,7697,4802
8136,8125,7726
8137,5444,110
8138,7895,5023
8139,8106,5592
8140,5246,995
8141,5859,2169
8142,7849,7428
8143,7652,3054
8144,7629,2688
8145,4365,3086
8146,8123,2462
8147,8146,7995
8148,8096,7893
8149,7877,4798
8150,3837,2656
8151,8025,7947
8152,8045,1714
8153,8019,4336
8154,8131,4856
8155,7917,1776
8156,3725,3081
8157,3952,2252
8158,7979,7458
8159,7778,2761
8160,7499,3578
8161,8064,2705
8162,1361,1238
8163,7871,7156
8164,7108,5754
8165,8018,604
8166,8136,1396
8167,6958,1380
8168,7933,7736
8169,4825,3048
8170,5471,4883
8171,5955,2745
8172,8100,1461
8173,3350,3305
8174,7939,7919
8175,8147,7971
8176,7887,5405
8177,8172,7997
8178,8139,1897
8179,7696,5823
8180,7955,1508
8181,441,341
8182,8138,5528
8183,5499,1014
8184,7687,4016
8185,8177,8091
8186,7964,7490
8187,2486,1563
8188,387,144
8189,7786,3575
8190,8004,7858
8191,8060,8020
8192,7549,5437
8193,8175,3953
8194,3494,1499
8195,3418,1600
8196,3296,1832
8197,7516,4896
8198,8051,524
8199,5738,1194
8200,2446,2009
8201,2990,1391
8202,7799,4477
8203,7869,5130
8204,8185,7922
8205,7796,1516
8206,7068,586
8207,7852,5323
8208,7425,1939
8209,8193,8134
8210,2478,1354
8211,5154,2390
8212,3898,751
8213,8065,4511
8214,7701,1665
8215,3058,234
8216,3767,1793
8217,1638,602
8218,3235,7
8219,8166,3801
8220,8154,1626
8221,8042,1445
8222,7310,1381
8223,8220,8112
8224,8204,8122
8225,7660,7317
8226,5937,5893
8227,3336,2810
8228,8209,8085
8229,7803,1160
8230,7980,3417
8231,211,111
8232,8224,4814
8233,7989,7616
8234,7934,7533
8235,5850,5571
8236,8039,1403
8237,7812,5305
8238,8232,904
8239,7329,5970
8240,4319,3591
8241,7986,1159
8242,8059,7596
8243,7543,5494
8244,8084,8028
8245,7973,7455
8246,7545,1515
8247,8132,8011
8248,7704,2933
8249,8219,38
8250,8178,7511
8251,8191,8040
8252,8113,7916
8253,7833,1263
8254,8152,8023
8255,8002,2625
8256,8249,990
8257,7679,4419
8258,8238,190
8259,8105,7954
8260,8258,8055
8261,8080,3931
8262,3433,3154
8263,8149,7408
8264,6967,4038
8265,8256,1050
8266,8101,605
8267,7682,4061
8268,8144,1472
8269,3710,1763
8270,2489,1642
8271,8058,7482
8272,8103,2726
8273,8022,2889
8274,1721,1183
8275,7988,3621
8276,4664,3115
8277,7806,7805
8278,8260,5054
8279,7714,5013
8280,7396,4104
8281,7862,7538
8282,8214,8043
8283,7994,7932
8284,1008,58
8285,4634,3126
8286,8071,7885
8287,7800,1936
8288,8037,4737
8289,4214,157
8290,8278,8266
8291,5920,4725
8292,8257,8174
8293,7562,4952
8294,8247,8223
8295,8107,1351
8296,5836,5063
8297,3227,93
8298,8265,1694
8299,8029,5985
8300,8230,3431
8301,7978,7857
8302,8165,3452
8303,8248,8117
8304,506,436
8305,8012,5716
8306,8120,7464
8307,7898,3787
8308,7157,2716
8309,8290,8074
8310,8034,4342
8311,7737,2125
8312,3697,1796
8313,3303,142
8314,8168,187
8315,7950,5245
8316,8135,8110
8317,8075,5336
8318,7771,4816
8319,8114,5092
8320,8298,4907
8321,8252,2750
8322,7929,692
8323,5057,2739
8324,7522,24
8325,3616,1863
8326,8309,3611
8327,8197,7633
8328,7915,2295
8329,8024,1314
8330,8320,743
8331,7961,5501
8332,8121,4243
8333,7795,7345
8334,8179,3602
8335,8259,8228
8336,8295,2033
8337,8104,8086
8338,8026,982
8339,8068,2068
8340,165,30
8341,7927,4069
8342,8330,1305
8343,1191,588
8344,3419,2767
8345,8338,8288
8346,5724,5426
8347,8192,7782
8348,7634,3639
8349,5698,288
8350,8302,2707
8351,5790,5257
8352,4149,1355
8353,8326,734
8354,7910,328
8355,2146,2127
8356,8148,8021
8357,8221,8161
8358,8213,7758
8359,5435,2856
8360,7928,4781
8361,2165,1569
8362,7880,3011
8363,8198,3531
8364,8242,710
8365,2406,1706
8366,8335,1426
8367,7999,1493
8368,4483,373
8369,1670,1561
8370,3055,2853
8371,8254,8250
8372,8366,8162
8373,4573,454
8374,8321,824
8375,8294,8202
8376,4779,1155
8377,8150,4778
8378,8353,8158
8379,8372,2247
8380,8203,448
8381,1316,325
8382,8342,874
8383,3756,1802
8384,5392,1244
8385,7976,1862
8386,347,327
8387,5039,3788
8388,8336,8115
8389,5107,4759
8390,418,63
8391,7866,4238
8392,5053,4268
8393,7809,3736
8394,1942,419
8395,8345,685
8396,8276,5022
8397,8009,5138
8398,2417,1841
8399,8378,562
8400,8319,8236
8401,8379,4632
8402,2503,1581
8403,7639,5446
8404,8272,7911
8405,5129,5037
8406,8176,7984
8407,8251,7571
8408,8375,712
8409,5626,1233
8410,4712,4533
8411,8041,377
8412,8078,166
8413,8229,8061
8414,3974,3063
8415,8408,8180
8416,7985,7850
8417,8322,4194
8418,7873,4049
8419,8399,5575
8420,4075,3992
8421,1385,1189
8422,8419,1152
8423,8350,8035
8424,8357,8092
8425,8374,1658
8426,8244,8073
8427,8052,3882
8428,5863,302
8429,5776,5753
8430,8314,7582
8431,5905,5862
8432,7965,2226
8433,8170,2644
8434,8186,1741
8435,8261,8119
8436,4254,3951
8437,8415,2116
8438,8422,8316
8439,8189,8066
8440,7896,7760
8441,8437,8095
8442,8401,8282
8443,5547,4423
8444,8358,8216
8445,3699,2835
8446,3874,1784
8447,7839,1599
8448,3204,2110
8449,8208,3649
8450,1641,672
8451,7752,4794
8452,4586,3038
8453,8155,2863
8454,8425,8047
8455,2657,1728
8456,8407,4389
8457,7790,2
8458,3871,3580
8459,8441,5379
8460,5623,924
8461,8397,7949
8462,7894,2570
8463,5300,3880
8464,2167,39
8465,3471,3351
8466,5912,3949
8467,2156,1774
8468,4385,1852
8469,8143,1451
8470,4139,2345
8471,8271,7845
8472,2346,2020
8473,4384,3849
8474,8137,4943
8475,7777,3667
8476,8406,1317
8477,4934,3367
8478,8264,8057
8479,8124,5302
8480,8438,7936
8481,5944,5644
8482,5402,3983
8483,3851,8
8484,8339,856
8485,8395,1766
8486,7383,3151
8487,5010,3278
8488,8301,4622
8489,5666,3579
8490,8442,936
8491,8424,8382
8492,5561,217
8493,8490,846
8494,5609,2386
8495,8459,4421
8496,8329,7906
8497,7945,499
8498,8056,5103
8499,7577,2864
8500,5598,4002
8501,8327,8050
8502,7968,148
8503,8493,2094
8504,1431,701
8505,8333,3481
8506,7982,5348
8507,8503,1995
8508,8480,8062
8509,7987,3460
8510,4657,2773
8511,5495,4928
8512,8356,5112
8513,8507,1786
8514,8233,2084
8515,8212,4919
8516,8303,2599
8517,8237,2652
8518,8292,1064
8519,8461,7817
8520,8508,8226
8521,2357,2245
8522,8495,3071
8523,8513,761
8524,8281,983
8525,5319,1182
8526,8523,669
8527,7244,4618
8528,8520,8300
8529,4940,2087
8530,8310,3130
8531,7732,2219
8532,8418,8151
8533,8434,1682
8534,8241,2157
8535,8253,8183
8536,8081,8049
8537,5229,5069
8538,8524,8522
8539,7952,92
8540,8003,7783
8541,4493,269
8542,8199,6957
8543,8462,4274
8544,2973,1855
8545,8526,7940
8546,8528,7647
8547,2872,1963
8548,7944,2040
8549,7824,4602
8550,8109,8048
8551,5645,3808
8552,8479,8099
8553,8363,4333
8554,5854,3981
8555,8380,8182
8556,3829,336
8557,8163,4524
8558,8529,1019
8559,8546,8404
8560,1986,779
8561,4673,1689
8562,2960,1145
8563,8391,2039
8564,5921,2298
8565,7991,7883
8566,8426,2669
8567,5353,240
8568,8364,7784
8569,4032,2131
8570,4623,989
8571,5238,209
8572,8423,8234
8573,8447,1221
8574,7724,2046
8575,7667,4140
8576,7711,3771
8577,8222,5072
8578,8466,5516
8579,8164,1094
8580,5915,4017
8581,5527,2042
8582,5663,2782
8583,8545,553
8584,2787,1521
8585,7775,1700
8586,8454,5514
8587,1690,1267
8588,8413,1117
8589,8388,2319
8590,5608,1009
8591,8005,4548
8592,4965,4959
8593,8485,988
8594,8277,4700
8595,8583,8444
8596,4887,1054
8597,8206,3976
8598,8559,8484
8599,8360,2090
8600,4997,4570
8601,3291,3206
8602,8538,3645
8603,5400,4961
8604,5826,5671
8605,8367,8284
8606,8471,7743
8607,3102,2496
8608,8593,977
8609,7948,3813
8610,7646,5132
8611,8097,691
8612,3393,3226
8613,3014,2045
8614,7564,4701
8615,8533,1442
8616,8227,4425
8617,8602,1328
8618,8595,8535
8619,8255,8116
8620,7565,2701
8621,2577,2223
8622,4924,4650
8623,5749,1310
8624,8491,4751
8625,8354,768
8626,8512,8377
8627,8274,1459
8628,7959,1934
8629,8456,5479
8630,8385,1594
8631,5814,1895
8632,8133,859
8633,8540,8315
8634,7684,1173
8635,8514,571
8636,8618,8416
8637,8392,4198
8638,7272,3508
8639,8090,422
8640,8118,201
8641,5506,484
8642,5332,1957
8643,8337,1980
8644,8087,2983
8645,8629,8160
8646,8187,1780
8647,4958,4869
8648,8598,740
8649,1628,1151
8650,214,164
8651,8606,8439
8652,4366,1059
8653,8586,8141
8654,2891,2036
8655,8400,3923
8656,1535,1243
8657,1972,576
8658,8624,8608
8659,5015,55
8660,3475,3150
8661,2979,2802
8662,7891,4762
8663,8381,2561
8664,2682,2429
8665,8111,1136
8666,8521,5756
8667,2095,1756
8668,8427,7854
8669,8617,8171
8670,5198,729
8671,8589,8332
8672,8450,1492
8673,4390,4128
8674,5828,1779
8675,8412,2552
8676,8430,1903
8677,7888,1582
8678,8341,8128
8679,8390,52
8680,8323,1549
8681,8245,5839
8682,8643,8072
8683,3398,3308
8684,8534,1021
8685,8283,1592
8686,8130,7207
8687,8273,3262
8688,5825,1072
8689,7792,3201
8690,8389,8126
8691,5709,1005
8692,4873,4568
8693,8648,1945
8694,8669,78
8695,8636,2629
8696,8572,1671
8697,8574,2093
8698,8594,877
8699,2269,719
8700,8694,8318
8701,8626,8088
8702,1609,1558
8703,8469,3233
8704,4967,4561
8705,2636,1922
8706,8693,814
8707,5748,5585
8708,7838,145
8709,8695,5351
8710,8435,1258
8711,4902,2270
8712,8706,4955
8713,8676,474
8714,4452,4398
8715,5120,212
8716,1545,1166
8717,8240,8153
8718,8553,8468
8719,2505,1596
8720,8190,332
8721,3560,3334
8722,8239,7899
8723,3543,1428
8724,8348,3134
8725,8291,241
8726,3881,2186
8727,8700,2799
8728,2858,1147
8729,8205,8200
8730,2690,2583
8731,8440,2312
8732,8712,3839
8733,5982,886
8734,2280,1470
8735,4551,414
8736,7642,3490
8737,7960,2958
8738,4205,3135
8739,8727,8517
8740,2833,2221
8741,5714,3754
8742,8709,5414
8743,3484,2700
8744,8504,2957
8745,8645,333
8746,8615,8475
8747,342,80
8748,8573,3890
8749,8489,5673
8750,8496,8306
8751,8069,831
8752,2994,1743
8753,7712,1192
8754,5567,1227
8755,4850,4747
8756,8569,7972
8757,8742,3658
8758,8732,1468
8759,8758,8699
8760,3635,2925
8761,8518,2544
8762,3042,2539
8763,8757,8698
8764,3585,1820
8765,8169,4566
8766,8745,2515
8767,8588,3186
8768,3133,3114
8769,8536,8328
8770,8663,4931
8771,8763,3080
8772,5880,4580
8773,5730,5630
8774,8217,3037
8775,5568,4136
8776,8325,5551
8777,8681,8563
8778,5942,622
8779,8759,8739
8780,8684,2168
8781,8761,8467
8782,8460,822
8783,4772,3776
8784,8279,2413
8785,8653,8398
8786,8597,1109
8787,8671,2409
8788,4299,3620
8789,8492,2263
8790,1226,850
8791,8552,3668
8792,8555,748
8793,8781,1048
8794,2483,1916
8795,8210,7636
8796,8771,8519
8797,8054,225
8798,8089,430
8799,8305,2600
8800,8289,5094
8801,8449,3288
8802,8516,2920
8803,7567,3701
8804,8655,8312
8805,8779,8682
8806,464,54
8807,5760,3280
8808,8688,8566
8809,8532,4334
8810,7601,3032
8811,8720,32
8812,8785,866
8813,5582,1620
8814,8361,8296
8815,2404,1901
8816,8263,4512
8817,8463,7753
8818,7822,335
8819,5765,3143
8820,8611,3703
8821,5853,5729
8822,8701,8584
8823,7897,5515
8824,3924,643
8825,8543,4206
8826,8549,5604
8827,4617,698
8828,8417,8371
8829,8201,1667
8830,8181,1484
8831,8796,715
8832,8788,2941
8833,8831,1964
8834,5061,2216
8835,8458,4688
8836,5174,2241
8837,8499,1788
8838,8411,2871
8839,8833,8539
8840,7951,5653
8841,8565,3247
8842,3685,2323
8843,8557,8474
8844,4582,2524
8845,1371,459
8846,8362,3364
8847,8448,5572
8848,3889,745
8849,8494,8365
8850,4346,3556
8851,8651,7953
8852,3264,2651
8853,8805,4585
8854,8787,5161
8855,7834,5252
8856,1669,1249
8857,8630,8570
8858,2162,808
8859,5763,4592
8860,8839,8157
8861,5186,1576
8862,8812,4865
8863,8334,8063
8864,4741,1298
8865,8457,3844
8866,8809,7963
8867,8658,523
8868,8766,4082
8869,8605,8317
8870,5796,4780
8871,8860,1363
8872,5219,4746
8873,5805,594
8874,8478,5352
8875,4201,3804
8876,8851,8515
8877,8871,3405
8878,2658,2463
8879,8498,5208
8880,8167,5542
8881,8635,548
8882,3147,2537
8883,8862,2727
8884,8854,657
8885,8159,2953
8886,8877,8579
8887,1309,1215
8888,8299,5060
8889,3274,1762
8890,5597,2969
8891,5055,3716
8892,8548,8010
8893,8196,4453
8894,8748,8373
8895,8886,1966
8896,8568,8511
8897,5741,4694
8898,8710,5399
8899,5947,4404
8900,1933,428
8901,8895,888
8902,5581,3930
8903,8582,8311
8904,8446,4624
8905,8501,3423
8906,650,544
8907,8901,8476
8908,8235,5973
8909,8802,1752
8910,8808,1325
8911,8868,8724
8912,8531,5783
8913,8853,4974
8914,4640,1234
8915,8547,8344
8916,1823,1407
8917,8804,8287
8918,8883,8500
8919,8811,8567
8920,8656,4466
8921,5560,3903
8922,8913,2011
8923,8347,1026
8924,8746,8654
8925,5427,4724
8926,4563,2175
8927,8211,5503
8928,8246,7590
8929,8502,3747
8930,8687,5812
8931,8696,2369
8932,8405,4646
8933,8725,4447
8934,8619,81
8935,8907,839
8936,8482,1616
8937,3263,1011
8938,8639,66
8939,8867,2555
8940,8692,4331
8941,8628,8008
8942,3841,1716
8943,8077,2086
8944,8822,8429
8945,8784,5908
8946,1449,381
8947,8826,7735
8948,3850,3335
8949,8863,197
8950,8488,1785
8951,8793,8777
8952,8910,8881
8953,8935,1546
8954,8409,2439
8955,8662,8036
8956,2187,2080
8957,8792,8667
8958,8685,3582
8959,7832,4895
8960,2533,1531
8961,3993,1003
8962,8898,8815
8963,8393,3863
8964,5529,2265
8965,8939,4556
8966,8627,8550
8967,8922,8677
8968,8931,8767
8969,8876,3706
8970,2349,1854
8971,5832,3287
8972,2253,1287
8973,8829,8331
8974,8750,8675
8975,7958,408
8976,8953,8672
8977,8967,8581
8978,4930,2980
8979,5646,2271
8980,8893,8280
8981,1982,1185
8982,8894,4912
8983,5603,4908
8984,8845,8828
8985,3646,3129
8986,8262,5635
8987,8827,8592
8988,8505,4486
8989,8683,3446
8990,4338,1745
8991,8477,1163
8992,8686,8657
8993,8432,503
8994,8799,8006
8995,8934,5684
8996,955,567
8997,2595,704
8998,3557,224
8999,8000,3476
9000,8225,4510
9001,8977,8917
9002,4669,2693
9003,559,558
9004,8665,8268
9005,3190,76
9006,8711,1654
9007,8884,2206
9008,8965,741
9009,8610,614
9010,8542,8307
9011,8976,1477
9012,8858,1908
9013,9011,1496
9014,5189,5031
9015,985,913
9016,8702,1783
9017,8843,8713
9018,8984,2654
9019,8031,2616
9020,8919,8887
9021,9008,2155
9022,8243,7925
9023,8678,801
9024,9004,8918
9025,1804,1790
9026,2935,902
9027,4755,4472
9028,8964,8780
9029,5693,4635
9030,7518,2902
9031,8383,8140
9032,8215,2513
9033,8958,2318
9034,1993,1099
9035,1588,208
9036,8885,4655
9037,8431,5520
9038,9018,8753
9039,8909,1207
9040,5217,141
9041,8708,1004
9042,3140,2948
9043,9015,9013
9044,4257,1971
9045,8737,613
9046,8704,4970
9047,1369,1280
9048,7663,5271
9049,8285,2601
9050,3121,1889
9051,8396,3700
9052,5200,1711
9053,8962,7757
9054,8911,382
9055,8530,8195
9056,3524,1759
9057,9021,136
9058,3533,708
9059,8436,3662
9060,8275,7942
9061,8297,1672
9062,4927,1806
9063,8896,8633
9064,8267,4045
9065,8410,4340
9066,9001,8835
9067,8308,5804
9068,8717,5562
9069,8974,8470
9070,9043,8632
9071,8714,8621
9072,8394,5064
9073,8718,3424
9074,8951,8847
9075,5847,5045
9076,8402,2997
9077,1907,1789
9078,8690,1540
9079,8994,3911
9080,8957,5775
9081,9054,5329
9082,5081,623
9083,9070,8776
9084,7966,1225
9085,8765,8304
9086,8859,4903
9087,8770,8541
9088,147,126
9089,4871,4723
9090,8849,3077
9091,9057,8421
9092,9038,1668
9093,8865,8015
9094,9083,1816
9095,8641,8184
9096,8879,7890
9097,8947,1069
9098,9094,590
9099,8076,3338
9100,7623,3679
9101,9098,2022
9102,7237,2724
9103,8866,8814
9104,8791,4396
9105,8923,8794
9106,8544,2811
9107,1420,427
9108,5167,3117
9109,8293,3266
9110,9007,8981
9111,8614,1803
9112,8351,5632
9113,9101,8904
9114,9069,8703
9115,8433,2227
9116,8723,1097
9117,9091,8869
9118,8079,2851
9119,5835,1715
9120,4804,4267
9121,1352,599
9122,8803,5117
9123,5917,2932
9124,8443,3738
9125,9113,8993
9126,8697,2992
9127,8914,2083
9128,8952,777
9129,5734,1199
9130,8969,942
9131,4248,2801
9132,8944,3956
9133,5633,309
9134,4414,1042
9135,8764,3617
9136,5034,3317
9137,9125,9085
9138,4807,4805
9139,8968,4667
9140,8782,8734
9141,8270,2605
9142,8576,305
9143,9066,8942
9144,8644,180
9145,9092,957
9146,9106,8719
9147,8905,2721
9148,8728,2426
9149,9031,1024
9150,2868,2604
9151,8551,2134
9152,8950,4603
9153,8778,1989
9154,8453,2501
9155,9026,2874
9156,9074,8789
9157,8995,8509
9158,8585,443
9159,4208,378
9160,8741,8616
9161,9143,8580
9162,8873,5752
9163,8874,8428
9164,2422,375
9165,9145,8587
9166,9033,8623
9167,8452,1071
9168,8612,3075
9169,8840,4704
9170,9132,8368
9171,8414,3436
9172,7859,1539
9173,4053,228
9174,1674,177
9175,8689,3962
9176,8801,5301
9177,9080,889
9178,9081,8506
9179,8870,2250
9180,8556,7853
9181,9137,1007
9182,9099,4687
9183,8749,8647
9184,4359,3569
9185,4196,21
9186,8729,2964
9187,8145,1805
9188,3379,102
9189,8769,1798
9190,9181,4812
9191,9130,4880
9192,2106,29
9193,3878,1520
9194,8751,2102
9195,8846,4863
9196,9079,5882
9197,9190,1639
9198,9012,1575
9199,8816,554
9200,9161,2620
9201,8992,8571
9202,8359,2976
9203,8754,8620
9204,8715,3324
9205,8973,8772
9206,5490,36
9207,9197,5263
9208,9139,8762
9209,9200,825
9210,9207,8954
9211,5507,4409
9212,9209,9025
9213,9037,8844
9214,9210,8837
9215,8486,3752
9216,9178,9014
9217,9214,1427
9218,8912,5742
9219,4809,3239
9220,8726,3493
9221,8558,640
9222,4642,2304
9223,9212,8836
9224,9020,9006
9225,9024,8674
9226,9191,8929
9227,2642,1880
9228,9110,3415
9229,8483,4990
9230,1474,16
9231,9165,1527
9232,9028,1722
9233,9217,1938
9234,9225,5187
9235,8082,2003
9236,2449,2166
9237,9114,9053
9238,5046,324
9239,8376,2153
9240,9104,3941
9241,9233,9039
9242,123,23
9243,8561,8355
9244,9223,812
9245,8755,5213
9246,8820,8680
9247,5135,952
9248,8738,5389
9249,2190,763
9250,4528,4218
9251,9055,8622
9252,8600,1808
9253,8819,4771
9254,9147,7974
9255,9117,8668
9256,4844,827
9257,4775,3726
9258,9170,8591
9259,2123,1318
9260,9152,546
9261,8093,2776
9262,9103,8231
9263,9126,9049
9264,8752,7957
9265,4356,2717
9266,7870,4982
9267,2908,1684
9268,8472,1331
9269,8403,3512
9270,5979,649
9271,8625,4889
9272,5977,1997
9273,1817,1623
9274,8218,4909
9275,9068,8786
9276,8795,5256
9277,5713,1421
9278,1479,538
9279,9241,8925
9280,1848,169
9281,9244,9023
9282,9216,8637
9283,9138,4773
9284,3842,3408
9285,5996,2740
9286,9251,9097
9287,9160,9073
9288,8527,2447
9289,7710,2460
9290,8940,8207
9291,9128,702
9292,9279,1781
9293,9234,8924
9294,9226,5362
9295,9281,3572
9296,9292,8987
9297,4463,2177
9298,9090,3636
9299,9295,9262
9300,2899,2796
9301,8810,293
9302,9255,4676
9303,4966,1929
9304,8575,5463
9305,2289,1483
9306,9296,8857
9307,9224,5227
9308,9050,735
9309,8892,5522
9310,2364,1231
9311,8888,802
9312,8864,5232
9313,9198,9127
9314,9302,5465
9315,9228,4894
9316,9105,2394
9317,9186,3194
9318,9052,3521
9319,3466,3076
9320,8343,2857
9321,9231,8564
9322,9291,8691
9323,4828,3454
9324,9208,8760
9325,2805,326
9326,4620,3987
9327,9306,5443
9328,8959,8596
9329,9327,3593
9330,3327,83
9331,8451,3242
9332,8891,8722
9333,9314,5417
9334,9329,4841
9335,8991,2184
9336,9232,8838
9337,9333,8661
9338,8733,2285
9339,4938,3388
9340,9299,8800
9341,4289,4202
9342,9076,2027
9343,8906,542
9344,5087,1853
9345,9282,5089
9346,5220,925
9347,8930,3576
9348,5676,3853
9349,9146,900
9350,9334,9307
9351,9059,820
9352,3341,2623
9353,9340,1078
9354,8920,8649
9355,9045,970
9356,8966,226
9357,1241,1088
9358,5095,1998
9359,9156,5335
9360,5621,3414
9361,2901,2525
9362,4795,4745
9363,2695,2384
9364,8638,1475
9365,9157,4215
9366,5410,2109
9367,8980,1695
9368,9158,8982
9369,9166,2171
9370,9258,1864
9371,8955,4152
9372,9189,8666
9373,8642,2931
9374,8740,8599
9375,8861,1190
9376,9196,620
9377,9350,706
9378,5702,5642
9379,9062,8928
9380,8943,8915
9381,479,195
9382,9260,1528
9383,8464,5299
9384,8601,3328
9385,1921,764
9386,9222,5310
9387,8340,99
9388,9345,8731
9389,8744,5110
9390,9060,8142
9391,9293,9040
9392,5071,3823
9393,8194,1058
9394,9300,2299
9395,3426,2203
9396,4121,2655
9397,549,518
9398,920,700
9399,3109,2021
9400,9353,2115
9401,9005,8790
9402,5755,2410
9403,9400,9086
9404,9134,2018
9405,9000,2708
9406,1476,1065
9407,9183,9140
9408,9298,1633
9409,9287,752
9410,9269,5005
9411,9321,8916
9412,9377,2954
9413,9412,1161
9414,4341,2342
9415,9322,8970
9416,3195,3149
9417,992,680
9418,2398,1974
9419,9029,8670
9420,9403,2479
9421,8825,3696
9422,9067,1106
9423,1750,1637
9424,9413,1584
9425,9315,3656
9426,9420,749
9427,9071,8997
9428,1850,1578
9429,9116,1782
9430,9356,8369
9431,9424,683
9432,9376,3676
9433,9041,8774
9434,216,172
9435,1797,494
9436,9431,783
9437,9426,9075
9438,8998,1844
9439,9337,9155
9440,9063,3845
9441,8716,1525
9442,5641,4211
9443,9436,1264
9444,3640,2950
9445,8420,3570
9446,5690,3223
9447,9359,9154
9448,9393,9294
9449,9437,8897
9450,1685,1595
9451,3368,2563
9452,1412,585
9453,9177,660
9454,8961,2900
9455,4307,2224
9456,9286,8603
9457,9261,564
9458,9415,1829
9459,9219,1985
9460,5269,664
9461,9205,9078
9462,9201,758
9463,5573,2355
9464,9425,8609
9465,9275,2859
9466,5578,3583
9467,9199,4848
9468,9411,5513
9469,5249,4503
9470,4545,2475
9471,2481,1636
9472,8834,5416
9473,9218,5539
9474,7692,3295
9475,9324,5131
9476,9447,1232
9477,6827,1360
9478,9443,1610
9479,8817,8798
9480,9123,8650
9481,9448,9358
9482,9102,5273
9483,9472,5239
9484,8562,396
9485,9478,4644
9486,9176,532
9487,9036,8855
9488,9439,9144
9489,9195,8842
9490,9380,9362
9491,3848,1943
9492,9485,627
9493,8346,960
9494,8721,1294
9495,5735,2689
9496,9464,8848
9497,9017,492
9498,198,125
9499,9274,2500
9500,9254,3647
9501,9492,9433
9502,9372,1012
9503,9488,9369
9504,9240,469
9505,8937,8646
9506,9163,9056
9507,9194,2828
9508,9370,9204
9509,7466,830
9510,9432,3216
9511,9449,9179
9512,3489,153
9513,9180,3522
9514,9352,3177
9515,9317,8510
9516,9221,539
9517,9501,9429
9518,9382,5093
9519,5866,2049
9520,9511,1411
9521,8821,2612
9522,8908,887
9523,9096,8030
9524,9263,7830
9525,8445,399
9526,8927,526
9527,2440,2293
9528,9309,113
9529,9407,9087
9530,8352,3272
9531,9235,262
9532,9389,2972
9533,9520,1374
9534,9312,3458
9535,9247,3834
9536,9365,4552
9537,9533,9379
9538,9517,1736
9539,9072,1356
9540,9048,1344
9541,9121,1564
9542,5725,2445
9543,9111,9046
9544,9267,3421
9545,9468,9427
9546,9537,3148
9547,9546,9465
9548,5619,3105
9549,9375,9236
9550,9475,3637
9551,9343,5424
9552,9458,8971
9553,9108,9035
9554,9547,2967
9555,9215,2968
9556,9252,276
9557,9554,9246
9558,9301,1800
9559,5829,5654
9560,9308,842
9561,4643,271
9562,9391,9016
9563,8455,2052
9564,9508,3592
9565,9237,2946
9566,9122,5308
9567,9550,9453
9568,9503,8830
9569,9100,9082
9570,9347,9131
9571,1307,667
9572,9538,4730
9573,8938,1719
9574,9557,8783
9575,8960,2627
9576,5986,3571
9577,3265,3112
9578,9107,873
9579,3605,3552
9580,9245,193
9581,8945,8387
9582,8949,7811
9583,9230,1174
9584,9169,4851
9585,9574,2649
9586,9297,8370
9587,9349,3607
9588,9572,899
9589,9440,709
9590,9249,1373
9591,2370,1612
9592,9588,2589
9593,4242,3713
9594,9568,4627
9595,9133,2028
9596,8882,1077
9597,766,731
9598,5370,3381
9599,9336,1148
9600,9585,4876
9601,3267,2585
9602,9058,3912
9603,9565,9541
9604,9332,8473
9605,5459,3704
9606,8604,1775
9607,8946,4358
9608,4595,4207
9609,9124,8775
9610,9153,744
9611,9592,9461
9612,9368,345
9613,4949,320
9614,9409,9027
9615,4407,4276
9616,4852,2927
9617,2842,85
9618,8560,711
9619,9490,9313
9620,9115,3330
9621,9304,3867
9622,5116,2728
9623,9594,5339
9624,9271,3443
9625,9496,896
9626,9589,9552
9627,8978,8577
9628,5543,4707
9629,9388,5640
9630,9481,3519
9631,9497,2609
9632,9569,581
9633,9455,1702
9634,9564,5431
9635,5544,1726
9636,9611,8872
9637,9600,4541
9638,9637,9404
9639,9253,5924
9640,9528,9502
9641,9545,2912
9642,8985,5216
9643,9623,8856
9644,9266,3664
9645,5662,2076
9646,9567,9529
9647,9473,4169
9648,9638,9141
9649,3444,3271
9650,9316,5526
9651,8932,4621
9652,5992,5990
9653,2850,2024
9654,9405,9150
9655,4815,128
9656,9535,2249
9657,9636,1644
9658,9120,656
9659,8324,1197
9660,9648,8578
9661,9422,8813
9662,9657,2807
9663,1100,352
9664,9634,631
9665,9277,1405
9666,8963,3612
9667,9641,1981
9668,9010,8590
9669,2290,607
9670,8903,372
9671,9660,3687
9672,9283,795
9673,9625,2268
9674,9445,9367
9675,9487,8988
9676,9643,1278
9677,1130,841
9678,9456,9419
9679,8986,678
9680,8640,3478
9681,2736,2663
9682,8129,49
9683,9051,338
9684,9384,2588
9685,9662,5467
9686,9118,8313
9687,9500,8921
9688,9430,8941
9689,9064,2441
9690,9504,9238
9691,9562,8983
9692,9671,9248
9693,9408,9148
9694,9667,4639
9695,9406,8487
9696,9685,8730
9697,9619,845
9698,9167,8286
9699,9272,5865
9700,9696,9397
9701,9676,5123
9702,2211,828
9703,9701,775
9704,9692,9664
9705,4987,1703
9706,9630,893
9707,2755,811
9708,9599,9311
9709,9457,9268
9710,9514,8465
9711,3240,3181
9712,9351,1074
9713,9003,4879
9714,9289,5638
9715,5140,4790
9716,9703,9507
9717,932,183
9718,282,127
9719,9061,4833
9720,8773,8269
9721,8990,3439
9722,9659,3249
9723,9318,8880
9724,9694,9129
9725,9700,5259
9726,8743,4494
9727,9706,9486
9728,4449,3138
9729,9691,5887
9730,9725,2424
9731,9476,1538
9732,8979,8841
9733,3467,3139
9734,9580,2893
9735,3684,819
9736,9509,9084
9737,5320,3988
9738,4567,4042
9739,9484,5959
9740,9417,9398
9741,9510,3450
9742,9730,895
9743,9467,1142
9744,9654,3749
9745,2172,315
9746,9742,4660
9747,5674,5616
9748,2820,918
9749,3116,2421
9750,9729,2723
9751,2101,1000
9752,9555,9364
9753,9731,5846
9754,9259,3008
9755,9603,3843
9756,9746,1203
9757,9687,9338
9758,9310,1570
9759,9639,9276
9760,4417,3498
9761,9515,8956
9762,8900,3434
9763,9716,2433
9764,9624,9187
9765,9002,2576
9766,9328,630
9767,9374,8537
9768,295,69
9769,9704,5341
9770,2952,2764
9771,8705,8384
9772,9753,5658
9773,2065,1847
9774,2013,1080
9775,9607,1500
9776,9756,730
9777,3355,3059
9778,9769,637
9779,3410,3337
9780,9755,9450
9781,9442,1915
9782,3026,2660
9783,9776,4171
9784,3883,1799
9785,3879,3587
9786,9162,5627
9787,8525,1047
9788,9763,688
9789,9578,9354
9790,9112,2209
9791,9783,759
9792,8933,3028
9793,2949,2538
9794,9506,2431
9795,9646,9044
9796,9202,2037
9797,9791,511
9798,9518,9342
9799,9560,9386
9800,9414,3118
9801,9673,9556
9802,5744,3344
9803,9788,5188
9804,9331,9175
9805,9778,5033
9806,4656,3012
9807,9563,2236
9808,9795,9532
9809,3237,3107
9810,9727,9438
9811,9797,9534
9812,9536,2389
9813,5728,356
9814,9724,9034
9815,9032,1081
9816,4721,2939
9817,9803,851
9818,9612,8948
9819,4708,4445
9820,9629,9604
9821,9741,9220
9822,9814,804
9823,9750,9524
9824,9285,9243
9825,9149,9047
9826,5758,1343
9827,9805,1920
9828,9811,5792
9829,9828,1092
9830,5656,1286
9831,2117,673
9832,9513,8890
9833,9371,4615
9834,5408,374
9835,9823,9483
9836,5745,2763
9837,9825,5819
9838,9829,4516
9839,9675,2453
9840,9019,2882
9841,9213,1807
9842,9678,5774
9843,9838,1364
9844,6691,4491
9845,9780,9151
9846,9843,9640
9847,9817,9582
9848,1727,330
9849,9650,2490
9850,9827,4636
9851,9583,619
9852,3973,3551
9853,9642,4748
9854,9850,9653
9855,9661,2569
9856,9610,1918
9857,9626,9527
9858,9857,747
9859,9723,9022
9860,9854,1822
9861,9142,1440
9862,9860,724
9863,9772,1541
9864,5574,1495
9865,9822,9774
9866,9847,2322
9867,9801,9748
9868,9862,9845
9869,9846,792
9870,9798,2200
9871,9257,2830
9872,8634,912
9873,9480,2904
9874,9682,9573
9875,4991,2631
9876,2770,1958
9877,3906,3584
9878,9558,8756
9879,9714,9668
9880,9494,5295
9881,9553,3096
9882,9771,9193
9883,9690,4102
9884,9810,679
9885,9869,2235
9886,8736,5923
9887,9614,8899
9888,9392,4161
9889,9863,9591
9890,3157,1760
9891,9206,8818
9892,9868,5997
9893,9892,9799
9894,355,173
9895,9469,9462
9896,4523,3589
9897,9812,9757
9898,8972,2809
9899,8936,4386
9900,9549,1336
9901,4357,4109
9902,5681,5549
9903,9579,8679
9904,9884,9672
9905,9865,2884
9906,9089,1387
9907,5051,806
9908,4684,3535
9909,9885,2358
9910,9909,9858
9911,9683,9188
9912,2684,2578
9913,1289,1055
9914,9867,1724
9915,2779,1744
9916,9835,9516
9917,9401,721
9918,9820,8673
9919,9787,8707
9920,9526,2664
9921,3358,2154
9922,4564,3250
9923,9721,2734
9924,9893,5380
9925,9924,9889
9926,9203,188
9927,5396,3523
9928,9839,1268
9929,9495,9239
9930,9914,9856
9931,9543,4645
9932,9842,4144
9933,2055,1169
9934,9320,3916
9935,9489,1931
9936,9471,2540
9937,9385,1053
9938,3891,1962
9939,1038,760
9940,9794,9602
9941,9887,5672
9942,9910,9587
9943,9695,9330
9944,9804,9708
9945,9821,9531
9946,9621,4096
9947,9782,3363
9948,2966,818
9949,9366,826
9950,9870,9423
9951,9584,4791
9952,9596,9042
9953,4760,2239
9954,9699,9609
9955,7192,1948
9956,9833,9679
9957,9378,926
9958,9264,5611
9959,9428,3156
9960,9766,4176
9961,8852,4527
9962,9463,2435
9963,2984,1663
9964,9689,816
9965,432,163
9966,5536,976
9967,2484,26
9968,5668,2000
9969,9866,969
9970,9969,9617
9971,9918,3315
9972,9942,2373
9973,9627,1874
9974,8497,7725
9975,9905,5966
9976,9895,9808
9977,9851,9571
9978,9775,9373
9979,9355,3253
9980,4971,2744
9981,1662,482
9982,4885,4629
9983,9971,5841
9984,4808,727
9985,9595,4770
9986,9900,9697
9987,3482,3349
9988,9970,1975
9989,9631,9459
9990,1031,937
9991,2277,1110
9992,9505,8806
9993,9171,3486
9994,9670,1488
9995,9972,520
9996,9925,9184
9997,9416,8173
9998,8824,1664
9999,2122,162
10000,9876,5247
10001,9581,9499
10002,9996,2791
10003,9761,2451
10004,5557,4311
10005,9669,4405
10006,5588,3089
10007,9975,9539
10008,9916,9693
10009,9899,9615
10010,9743,5484
10011,9792,9709
10012,8878,1303
10013,1240,456
10014,10002,9346
10015,9674,4823
10016,9732,2715
10017,10014,914
10018,9786,9633
10019,10017,9227
10020,5556,5021
10021,1935,1485
10022,10019,867
10023,9410,4999
10024,9530,3175
10025,9477,8349
10026,3304,364
10027,4849,3933
10028,3979,3939
10029,9740,882
10030,4626,1326
10031,9988,9815
10032,9613,45
10033,9935,9932
10034,9904,1555
10035,10022,4732
10036,9995,1899
10037,9655,9325
10038,9737,5457
10039,10036,9719
10040,9983,2875
10041,8832,7462
10042,9903,9192
10043,9278,615
10044,9764,1554
10045,1198,140
10046,10039,4765
10047,9929,561
10048,5736,3245
10049,9950,5667
10050,1448,1235
10051,9491,844
10052,9663,9551
10053,9182,4431
10054,2730,773
10055,9009,2272
10056,9390,2062
10057,5250,2113
10058,9326,2334
10059,10046,905
10060,10008,9790
10061,5485,4048
10062,3786,2772
10063,3934,1621
10064,9030,8989
10065,10035,3302
10066,9826,8652
10067,10007,699
10068,9930,1871
10069,10034,2579
10070,10065,1699
10071,9542,2014
10072,3980,533
10073,3430,1717
10074,4900,595
10075,9941,9522
10076,9824,9680
10077,5142,90
10078,9836,5255
10079,10031,2333
10080,9958,9681
10081,9937,3534
10082,927,922
10083,9622,9540
10084,10059,5643
10085,4046,703
10086,9926,9647
10087,10084,994
10088,10067,1884
10089,5615,2002
10090,9749,1956
10091,10010,9303
10092,4240,2124
10093,4786,4506
10094,2482,881
10095,9818,9688
10096,4806,603
10097,4546,3362
10098,9785,9493
10099,9928,9656
10100,9878,3627
10101,8797,670
10102,10087,3609
10103,9339,4942
10104,10070,1200
10105,10104,9960
10106,3320,997
10107,10077,9290
10108,9119,1270
10109,9976,3748
10110,5570,2817
10111,10105,1547
10112,10040,1196
10113,10112,4309
10114,2400,2194
10115,4465,4322
10116,5840,3520
10117,9712,3145
10118,9954,9852
10119,5687,417
10120,10058,9945
10121,10111,4963
10122,9934,9649
10123,10121,9759
10124,9853,9135
10125,8850,5184
10126,4998,485
10127,10088,9677
10128,10060,5786
10129,9745,8902
10130,10128,2840
10131,4842,1680
10132,9956,9897
10133,9576,3352
10134,10079,884
10135,9979,9880
10136,9831,9713
10137,10001,1550
10138,10123,1482
10139,7996,1153
10140,3040,486
10141,9479,2956
10142,10102,10101
10143,10142,1245
10144,10069,9738
10145,10068,9986
10146,4886,1712
10147,10138,666
10148,9789,9739
10149,2804,2230
10150,10044,9575
10151,10147,965
10152,9702,907
10153,4605,2624
10154,10143,829
10155,10151,5550
10156,9635,1593
10157,10134,9686
10158,2198,1341
10159,10154,2427
10160,10127,1001
10161,10130,10052
10162,9931,934
10163,10159,2971
10164,4459,4328
10165,10155,4381
10166,2038,560
10167,9348,648
10168,9606,1718
10169,10163,9848
10170,10144,1999
10171,5088,3595
10172,8067,2977
10173,9559,9452
10174,10169,2808
10175,9911,9561
10176,9387,3176
10177,3106,362
10178,9597,767
10179,9095,8554
10180,9570,1653
10181,9288,4609
10182,10113,2725
10183,10165,10161
10184,4859,2012
10185,10049,9394
10186,10157,707
10187,9521,431
10188,9855,4557
10189,5476,1996
10190,10174,875
10191,10029,9807
10192,9940,5989
10193,10056,10009
10194,2288,645
10195,10186,1688
10196,3603,340
10197,10109,9957
10198,8481,5837
10199,9728,9065
10200,10095,9977
10201,10120,5139
10202,2402,1277
10203,10195,4619
10204,4290,2873
10205,10054,9651
10206,10190,10145
10207,9767,3188
10208,9229,105
10209,10091,9849
10210,9616,9460
10211,10197,10160
10212,9088,3968
10213,5789,757
10214,9898,9888
10215,9951,2870
10216,9881,5521
10217,2053,1954
10218,9734,1738
10219,2173,1089
10220,9284,1723
10221,9883,8975
10222,8823,2713
10223,9665,813
10224,9658,2179
10225,3142,2196
10226,9698,9684
10227,9645,4819
10228,9590,2834
10229,9256,2553
10230,9548,5204
10231,9620,3465
10232,9923,3893
10233,10182,4084
10234,9973,5282
10235,10170,10038
10236,9598,799
10237,10203,2201
10238,9800,1514
10239,2855,608
10240,9586,1205
10241,10207,8926
10242,9744,2674
10243,10183,2999
10244,9566,4864
10245,9989,4637
10246,9752,908
10247,9765,2703
10248,9992,1801
10249,9917,2951
10250,10243,2735
10251,10237,5497
10252,4993,2267
10253,5984,2305
10254,4024,1767
10255,3758,3053
10256,10250,1765
10257,9796,1618
10258,5732,2913
10259,10135,3888
10260,8735,967
10261,9891,159
10262,9781,2397
10263,10256,2100
10264,9861,1583
10265,10251,10158
10266,10235,10081
10267,10263,10230
10268,9136,35
10269,10215,9341
10270,9418,5935
10271,10267,5150
10272,10098,9335
10273,10096,9906
10274,9874,1597
10275,9964,174
10276,10233,9946
10277,9434,3
10278,10018,2428
10279,10206,3690
10280,10271,9841
10281,10280,10000
10282,9840,2915
10283,2261,1882
10284,10188,9907
10285,10201,10181
10286,10118,8613
10287,10278,1640
10288,10279,2161
10289,9994,1178
10290,10288,10027
10291,10025,447
10292,10265,10042
10293,9383,3092
10294,10232,9421
10295,9879,9250
10296,10281,769
10297,9871,522
10298,10285,9482
10299,9877,9402
10300,10290,1490
10301,10300,894
10302,10296,2119
10303,10032,4304
10304,10164,4229
10305,10302,5236
10306,10041,8664
10307,9705,2762
10308,10150,2924
10309,10132,10078
10310,3422,2919
10311,5433,2377
10312,9608,4916
10313,9902,4164
10314,10005,9754
10315,483,301
10316,10305,1273
10317,9944,552
10318,10047,1112
10319,10200,9978
10320,1260,618
10321,10234,3200
10322,2571,537
10323,10269,1751
10324,10301,514
10325,9890,264
10326,2653,1465
10327,9873,9305
10328,5605,2381
10329,10292,487
10330,10075,2212
10331,10330,10033
10332,10272,9919
10333,10248,9802
10334,10284,10015
10335,4888,3938
10336,10259,5344
10337,10324,9632
10338,9164,2316
10339,3371,823
10340,10316,857
10341,10340,10211
10342,5816,2283
10343,10295,2359
10344,9993,9961
10345,9441,3870
10346,10337,868
10347,10175,9093
10348,10137,9733
10349,10063,1509
10350,3207,3144
10351,10320,10191
10352,9474,3445
10353,10346,531
10354,9344,2704
10355,10299,10245
10356,4193,2575
10357,10353,9837
10358,10218,10178
10359,10152,10099
10360,9159,5987
10361,4662,2089
10362,10293,9984
10363,1902,5
10364,2325,2225
10365,10357,9962
10366,10341,10210
10367,10242,9644
10368,10367,9882
10369,4740,4532
10370,10053,4680
10371,10257,10192
10372,10266,931
10373,5639,5215
10374,10185,10076
10375,9844,250
10376,9834,2838
10377,9872,4652
10378,9726,9519
10379,10289,4502
10380,9784,1629
10381,10117,4948
10382,10055,9466
10383,10264,1063
10384,3784,1404
10385,9512,5885
10386,2959,2940
10387,10168,10080
10388,10329,1015
10389,10365,5102
10390,8386,27
10391,472,206
10392,2591,394
10393,4989,3013
10394,10286,1300
10395,10317,3507
10396,10389,9717
10397,9758,1673
10398,10372,10355
10399,10086,9211
10400,10396,903
10401,9952,3420
10402,9779,3411
10403,10366,634
10404,9544,1284
10405,4460,4209
10406,10400,509
10407,9816,2648
10408,9747,2029
10409,9832,9470
10410,10030,4515
10411,10004,5704
10412,5682,1335
10413,10406,10187
10414,2617,1143
10415,10276,4363
10416,10354,4956
10417,10395,10351
10418,9109,2382
10419,3503,646
10420,9777,4052
10421,2448,999
10422,1732,1731
10423,9943,2442
10424,10064,9974
10425,10003,9920
10426,2987,2814
10427,2159,855
10428,10205,671
10429,10413,9990
10430,10403,5382
10431,10380,10021
10432,10430,3564
10433,10180,9959
10434,10071,5891
10435,384,19
10436,9722,2545
10437,10172,2614
10438,10287,10228
10439,1043,515
10440,10429,3513
10441,10440,10072
10442,1261,1176
10443,10309,4501
10444,9921,2205
10445,10432,2292
10446,2813,1960
10447,2001,713
10448,10148,9618
10449,10445,10090
10450,10318,5707
10451,10441,10246
10452,10379,10094
10453,10415,10382
10454,10103,4810
10455,10449,10156
10456,2586,2498
10457,10451,557
10458,10308,3553
10459,9172,1444
10460,8889,5892
10461,10443,2784
10462,10327,9323
10463,10255,684
10464,10108,2016
10465,10244,1987
10466,10455,9991
10467,10343,5951
10468,10307,10043
10469,10275,3065
10470,863,675
10471,1491,1486
10472,2865,2562
10473,10310,3343
10474,311,244
10475,10303,131
10476,8660,8156
10477,10131,1228
10478,10388,10359
10479,10347,9523
10480,9395,4596
10481,10466,3565
10482,10457,5073
10483,10482,1208
10484,10481,3975
10485,9185,3113
10486,10125,653
10487,120,100
10488,10484,2257
10489,10428,10298
10490,10488,5552
10491,10461,9773
10492,10236,1248
10493,10024,9949
10494,10319,10011
10495,10483,10013
10496,2831,2468
10497,8188,329
10498,10375,9280
10499,10377,10331
10500,10452,2491
10501,10453,9273
10502,10495,10450
10503,10490,2630
10504,10240,1978
10505,10092,2650
10506,5223,3790
10507,580,536
10508,10012,9912
10509,9859,1893
10510,10371,5914
10511,10312,10115
10512,10478,2839
10513,9982,2937
10514,10503,10100
10515,5307,4195
10516,10260,4817
10517,5337,1836
10518,9736,9451
10519,10512,10502
10520,10274,265
10521,10149,4661
10522,3807,1683
10523,2067,1524
10524,3326,2399
10525,10220,2396
10526,10249,9628
10527,9939,1887
10528,10416,9968
10529,10514,810
10530,10529,1469
10531,10398,10216
10532,3604,3577
10533,2048,958
10534,2229,1988
10535,9948,9819
10536,2824,2769
10537,10037,638
10538,9751,3333
10539,10338,9985
10540,8999,1627
10541,5122,2982
10542,9908,4822
10543,10530,2981
10544,9361,2862
10545,3997,1553
10546,10543,974
10547,10423,10016
10548,5952,2063
10549,10176,10141
10550,10408,10129
10551,9813,3451
10552,10467,10436
10553,391,323
10554,10546,10381
10555,10224,10107
10556,9454,1139
10557,10458,2262
10558,10501,5221
10559,10554,1770
10560,9886,3199
10561,2741,573
10562,5111,521
10563,10262,10223
10564,9793,3737
10565,10214,10126
10566,9735,5659
10567,10509,10124
10568,771,284
10569,9666,3857
10570,1873,1271
10571,10333,1843
10572,10306,3528
10573,9770,1896
10574,10231,4579
10575,10204,2128
10576,3485,919
10577,9760,1049
10578,9953,2737
10579,10397,4698
10580,10559,551
10581,10580,10438
10582,1501,445
10583,10089,5932
10584,10571,1909
10585,5978,1659
10586,10219,3491
10587,10409,4862
10588,10294,3809
10589,10557,2025
10590,10006,737
10591,10136,1713
10592,10489,9936
10593,10110,5519
10594,10558,5314
10595,10520,2697
10596,10370,2639
10597,10348,9168
10598,3301,1846
10599,10492,4526
10600,10401,10314
10601,10270,1753
10602,9915,1687
10603,10173,5334
10604,9265,2407
10605,10282,4249
10606,10419,10093
10607,10581,10531
10608,10097,1725
10609,10535,723
10610,5610,647
10611,10336,636
10612,4281,2004
10613,10345,9444
10614,10491,10332
10615,10391,230
10616,10291,4648
10617,10422,4247
10618,10213,8659
10619,8631,1849
10620,1733,1124
10621,10373,10268
10622,10277,366
10623,10226,9319
10624,9762,1517
10625,1977,1392
10626,10552,3608
10627,10518,9577
10628,10193,5705
10629,10519,10494
10630,10378,9997
10631,10607,1861
10632,10594,10499
10633,5593,3284
10634,10591,10162
10635,10212,9963
10636,4995,2242
10637,10417,1397
10638,10637,10374
10639,10631,964
10640,10639,3793
10641,3166,3005
10642,10579,1171
10643,7791,3546
10644,2914,1057
10645,10066,4981
10646,10258,1526
10647,9809,3031
10648,3714,3390
10649,10510,1970
10650,10179,221
10651,10167,798
10652,8996,2140
10653,5381,1406
10654,5926,3733
10655,9498,488
10656,10085,2568
10657,10629,478
10658,10539,10247
10659,10465,5406
10660,10387,10253
10661,9933,898
10662,10640,10486
10663,2748,2603
10664,10538,4287
10665,9363,1506
10666,10116,9896
10667,4559,2499
10668,3545,755
10669,10506,10023
10670,10229,2790
10671,9966,1157
10672,9396,385
10673,10469,869
10674,10304,5901
10675,10073,2437
10676,9922,9435
10677,10662,9601
10678,10184,1462
10679,10464,10326
10680,10592,617
10681,5044,625
10682,3281,1121
10683,1105,689
10684,10657,1135
10685,10083,4348
10686,2330,2217
10687,2675,2208
10688,9525,3766
10689,9806,4428
10690,5795,3833
10691,10194,4853
10692,10437,10383
10693,10677,10431
10694,10614,4522
10695,10684,10521
10696,10222,9357
10697,10321,9593
10698,10653,9913
10699,10493,4593
10700,10565,10209
10701,10425,9446
10702,10650,82
10703,10573,5312
10704,5766,5030
10705,2916,1650
10706,10454,10342
10707,10221,10199
10708,10074,4742
10709,10693,10394
10710,10709,1900
10711,10649,9987
10712,4028,1254
10713,10695,10358
10714,3840,404
10715,10587,5650
10716,10424,3453
10717,10616,10433
10718,10470,9875
10719,10507,10322
10720,10462,3463
10721,2869,1255
10722,4868,3693
10723,809,652
10724,3477,3124
10725,5831,2975
10726,10632,10628
10727,9710,9173
10728,10605,10516
10729,10570,9720
10730,10713,786
10731,10710,10315
10732,2336,2121
10733,9174,1533
10734,10536,10140
10735,359,235
10736,4550,1443
10737,2622,1458
10738,10638,5177
10739,10680,939
10740,10739,10661
10741,10537,10456
10742,10731,10051
10743,10742,2618
10744,5946,1036
10745,10540,4980
10746,10701,10448
10747,10241,2274
10748,5798,5532
10749,10743,1138
10750,2598,1447
10751,10634,10572
10752,4153,2520
10753,4232,3927
10754,10730,951
10755,10468,10447
10756,10114,4649
10757,4145,3673
10758,10729,10239
10759,10532,834
10760,10749,10711
10761,10760,10528
10762,3861,1330
10763,10480,5791
10764,10283,2043
10765,2659,1534
10766,10567,2092
10767,10700,4401
10768,10761,10189
10769,10692,10601
10770,10685,10177
10771,2320,1162
10772,10238,4832
10773,2892,1937
10774,10411,4162
10775,1930,1512
10776,10427,720
10777,5962,4071
10778,10768,1332
10779,2307,2275
10780,10597,10334
10781,10420,2696
10782,10574,10526
10783,10426,3864
10784,10584,10549
10785,959,956
10786,10778,5496
10787,10707,10542
10788,3152,3060
10789,10767,948
10790,10385,5620
10791,10786,3677
10792,10659,2777
10793,10754,2556
10794,10726,10399
10795,3473,349
10796,10596,4713
10797,10793,10642
10798,10738,10508
10799,10599,1419
10800,10252,10166
10801,10500,1056
10802,9381,222
10803,3866,971
10804,10227,10057
10805,10410,10273
10806,9955,289
10807,4870,3688
10808,10589,10504
10809,10485,597
10810,10667,3461
10811,10694,4944
10812,4753,2135
10813,10349,946
10814,10791,633
10815,10814,10705
10816,10672,8747
10817,10815,5462
10818,3097,1172
10819,10817,10811
10820,10797,2506
10821,4750,3541
10822,2531,1949
10823,10613,10475
10824,10547,10444
10825,10463,4518
10826,10798,3001
10827,5898,4653
10828,10820,591
10829,10828,642
10830,10829,10723
10831,1045,455
10832,10606,3969
10833,10575,1432
10834,10578,4222
10835,10819,2795
10836,10835,10544
10837,10830,10720
10838,4799,3798
10839,3518,2026
10840,10837,10153
10841,10826,10737
10842,10563,10323
10843,10139,4685
10844,10840,5157
10845,10763,3120
10846,4569,1940
10847,10368,2794
10848,10556,2549
10849,2341,2151
10850,10261,10217
10851,10836,5486
10852,10851,3757
10853,10633,10434
10854,10747,10026
10855,10362,5772
10856,10717,10656
10857,10146,2548
10858,10852,1812
10859,10858,10751
10860,10844,10562
10861,3732,575
10862,10645,2005
10863,10048,8607
10864,10660,1259
10865,10860,5355
10866,10842,4711
10867,10792,10477
10868,3072,981
10869,10690,10369
10870,10824,10585
10871,2158,14
10872,10595,9077
10873,10771,574
10874,10525,3901
10875,10555,10393
10876,10859,2195
10877,10876,10666
10878,4562,4227
10879,9360,2668
10880,10877,530
10881,10880,10801
10882,10769,10740
10883,10664,4456
10884,10808,10479
10885,9947,9715
10886,10865,10225
10887,10523,9967
10888,10716,10566
10889,10404,1866
10890,10407,1246
10891,10881,2667
10892,10722,10402
10893,10891,10703
10894,10719,1879
10895,9242,2528
10896,10609,10297
10897,10651,921
10898,2797,98
10899,10886,10813
10900,10796,10789
10901,10706,10673
10902,10893,854
10903,968,681
10904,10841,2754
10905,2887,2469
10906,10902,10611
10907,10665,4633
10908,5498,2845
10909,10471,1791
10910,10766,609
10911,10910,10603
10912,2066,738
10913,2471,998
10914,10620,5207
10915,10712,9938
10916,10196,181
10917,10906,10689
10918,4554,1865
10919,10527,5137
10920,10758,10062
10921,10598,3915
10922,10899,853
10923,10917,2452
10924,10923,10439
10925,5287,5113
10926,10897,10254
10927,10344,4722
10928,10847,10564
10929,10806,9399
10930,10922,10785
10931,10777,1202
10932,10524,10384
10933,10550,2783
10934,10924,10866
10935,10934,10583
10936,10930,535
10937,10627,10119
10938,10635,3558
10939,10699,8768
10940,10386,5080
10941,10936,10904
10942,10473,1617
10943,4872,4374
10944,10905,10624
10945,2519,1252
10946,4296,1828
10947,10935,519
10948,10582,242
10949,10831,10459
10950,182,11
10951,10618,3815
10952,10623,10617
10953,5079,2560
10954,3789,2698
10955,10644,10636
10956,10755,4920
10957,10658,1632
10958,10868,10782
10959,10446,4925
10960,10122,1630
10961,10418,4782
10962,10947,10545
10963,10857,780
10964,9707,1851
10965,10794,5993
10966,10962,2610
10967,10028,3723
10968,10966,10780
10969,10376,2132
10970,10679,10577
10971,10864,10744
10972,10676,2350
10973,9711,3282
10974,5264,2526
10975,10919,2521
10976,10548,2281
10977,4951,4665
10978,10788,5338
10979,10913,1905
10980,10472,696
10981,10787,4446
10982,10941,4714
10983,10982,10497
10984,10983,10956
10985,10870,5251
10986,10968,10646
10987,10986,2114
10988,10987,817
10989,9999,5481
10990,10958,10882
10991,4064,676
10992,10855,10328
10993,10522,3660
10994,5454,4776
10995,10311,2347
10996,10928,5179
10997,10965,10460
10998,10997,10799
10999,10435,9965
11000,10390,158
11001,10600,1401
11002,10875,10783
11003,4892,3091
11004,11003,3370
11005,10670,2692
11006,10621,2558
11007,10984,10736
11008,11007,1947
11009,2291,911
11010,10900,10790
11011,11008,697
11012,3241,2178
11013,9998,4774
11014,10772,890
11015,9980,3174
11016,10988,1608
11017,11016,1910
11018,2731,40
11019,10843,4223
11020,11017,5436
11021,11020,10994
11022,11021,10586
11023,10602,463
11024,11022,883
11025,10863,2793
11026,11024,1212
11027,10626,471
11028,11026,10931
11029,11011,10838
11030,9981,4855
11031,10681,4824
11032,10764,2246
11033,11028,2419
11034,5510,4555
11035,11029,5193
11036,11033,5326
11037,10845,10728
11038,11035,10561
11039,10957,5953
11040,3641,1399
11041,4953,294
11042,4598,3159
11043,10856,5048
11044,11038,807
11045,10708,556
11046,2581,945
11047,10741,10698
11048,11036,1416
11049,11048,3027
11050,11049,10832
11051,10872,9768
11052,10884,10612
11053,5152,3416
11054,10727,10648
11055,11044,1792
11056,10889,10590
11057,9901,3559
11058,11055,1604
11059,11027,10980
11060,10894,10725
11061,10998,5879
11062,5737,3741
11063,10971,10833
11064,10757,10352
11065,11050,5761
11066,3034,2786
11067,11065,5160
11068,5086,4937
11069,10955,10721
11070,10784,10745
11071,10487,405
11072,11058,10903
11073,10756,10356
11074,11072,2803
11075,11067,10999
11076,11074,693
11077,10442,4538
11078,10967,3628
11079,10972,10133
11080,10804,10202
11081,11061,10588
11082,10938,3990
11083,10985,2766
11084,10610,10339
11085,2822,65
11086,11025,10901
11087,10995,10421
11088,10718,10511
11089,10809,885
11090,11052,3455
11091,5206,687
11092,10918,2747
11093,11081,10915
11094,11076,5451
11095,10920,5998
11096,1366,1262
11097,11094,10951
11098,11097,3830
11099,11075,682
11100,11099,4690
11101,10871,1025
11102,10952,1276
11103,11100,11069
11104,1911,1290
11105,11103,10926
11106,2775,1755
11107,11105,774
11108,5950,897
11109,11107,10921
11110,10802,9718
11111,11109,2574
11112,4800,2492
11113,11043,10208
11114,5579,1413
11115,11013,4837
11116,10933,10853
11117,11006,10551
11118,10663,10533
11119,11023,1771
11120,11098,961
11121,11120,10885
11122,3644,1383
11123,3406,840
11124,11014,10846
11125,10687,2392
11126,11059,10907
11127,11121,663
11128,10697,3000
11129,11111,11060
11130,10892,3412
11131,11129,616
11132,11131,1837
11133,5159,4788
11134,5347,1086
11135,10927,641
11136,10643,3680
11137,10686,10505
11138,10911,3816
11139,2710,1992
11140,2647,2527
11141,11127,3525
11142,10990,10854
11143,11132,1467
11144,11143,11063
11145,10604,2031
11146,11141,10963
11147,10895,388
11148,11093,10878
11149,11146,570
11150,10762,10171
11151,10909,10800
11152,10363,10325
11153,11144,2502
11154,10412,2963
11155,10714,458
11156,11153,835
11157,11156,11083
11158,10937,2765
11159,10734,10630
11160,10313,3946
11161,10916,10082
11162,10671,1867
11163,11148,10560
11164,10652,1010
11165,11157,10959
11166,10969,10655
11167,5178,4831
11168,10795,5999
11169,5101,2846
11170,10996,10960
11171,11149,583
11172,1730,245
11173,10715,3563
11174,11165,10821
11175,11174,5025
11176,10364,4978
11177,4068,48
11178,9864,1301
11179,11175,2238
11180,11171,2554
11181,2473,2182
11182,11045,10803
11183,10888,10669
11184,10619,5328
11185,11179,832
11186,11088,11002
11187,11185,11095
11188,10939,10774
11189,10989,10746
11190,10805,2073
11191,10883,725
11192,11187,10874
11193,10050,5649
11194,11192,10061
11195,1102,726
11196,11194,1090
11197,4132,1794
11198,11180,10953
11199,11163,4860
11200,11041,4838
11201,10474,794
11202,5191,1888
11203,11198,11082
11204,11196,996
11205,11204,1293
11206,2974,1990
11207,11054,11001
11208,11205,10890
11209,11208,4821
11210,10981,10654
11211,11142,4521
11212,10541,10476
11213,11203,369
11214,11189,11046
11215,11213,891
11216,10914,600
11217,11215,2474
11218,10979,2532
11219,10818,2903
11220,11077,10887
11221,11169,11138
11222,10949,9830
11223,11090,4913
11224,11209,3537
11225,11224,11080
11226,11135,10513
11227,11195,10940
11228,3965,3219
11229,11217,2425
11230,11229,2401
11231,11133,11102
11232,10668,861
11233,10683,10675
11234,11230,11009
11235,10733,2434
11236,11234,10970
11237,11225,5225
11238,10896,10825
11239,11214,10750
11240,11087,10688
11241,11236,5346
11242,11237,568
11243,10647,4520
11244,5871,4610
11245,11207,11130
11246,5108,3268
11247,11242,11118
11248,10992,3886
11249,11113,10704
11250,11231,11047
11251,11247,1720
11252,11251,11216
11253,11197,10827
11254,10392,5768
11255,11091,11010
11256,11252,5228
11257,11086,3772
11258,11257,753
11259,11005,10834
11260,10822,3516
11261,10839,10776
11262,11116,10944
11263,11241,2611
11264,11263,11191
11265,11264,674
11266,10691,9652
11267,11256,569
11268,11267,1418
11269,11255,10696
11270,11162,11160
11271,11265,11151
11272,10702,10498
11273,5231,3957
11274,11117,2672
11275,11271,11239
11276,3045,1769
11277,11268,10350
11278,11147,11037
11279,10898,290
11280,2774,421
11281,10773,3783
11282,11277,10974
11283,11056,2592
11284,2719,489
11285,10867,10765
11286,5530,4081
11287,10625,239
11288,11210,11078
11289,10735,116
11290,11282,10879
11291,10759,4847
11292,10752,10020
11293,11039,10517
11294,11275,10975
11295,11211,10335
11296,11199,2415
11297,11290,11218
11298,3739,2365
11299,10816,10045
11300,1223,1165
11301,10862,4861
11302,3567,611
11303,4478,3872
11304,11126,11034
11305,11294,4672
11306,11305,910
11307,11297,10812
11308,11307,11248
11309,11306,11101
11310,10961,10732
11311,11159,4265
11312,11308,11070
11313,4820,3573
11314,11309,695
11315,11004,3217
11316,10873,4702
11317,11140,10823
11318,3167,3163
11319,437,50
11320,11314,2418
11321,11287,2054
11322,10942,10869
11323,11312,10775
11324,2918,2666
11325,5038,821
11326,11064,4255
11327,11323,732
11328,11327,11226
11329,11328,505
11330,11320,582
11331,5309,4827
11332,11329,11304
11333,11330,1140
11334,11333,2619
11335,10945,4854
11336,11334,733
11337,11258,5017
11338,11112,852
11339,11190,612
11340,11274,10976
11341,2444,516
11342,10770,2351
11343,11096,1773
11344,11295,566
11345,11344,11158
11346,11336,2756
11347,11296,11128
11348,11332,2732
11349,11232,10991
11350,10748,10198
11351,11346,11339
11352,11176,11031
11353,11348,2517
11354,11170,10608
11355,11353,11220
11356,10682,3796
11357,11073,10977
11358,10978,2733
11359,11235,1573
11360,11351,11285
11361,11181,4505
11362,11238,756
11363,10360,2789
11364,11355,11114
11365,11360,2986
11366,11365,5035
11367,11137,11119
11368,11150,3623
11369,1103,661
11370,5458,3425
11371,11331,11188
11372,11250,10414
11373,11364,11317
11374,11066,5483
11375,11366,1027
11376,11373,11186
11377,11223,10724
11378,3214,3066
11379,11376,4589
11380,11379,0
11381,11301,11221
11382,11381,11278
11383,11240,4415
11384,3800,2645
11385,11123,5614
11386,4575,847
11387,1869,1635
11388,10964,654
11389,11375,2362
11390,11345,10861
11391,5003,947
11392,11389,4631
11393,11227,9605
11394,11293,11243
11395,11079,10848
11396,11347,5394
11397,11396,11183
11398,11124,1652
11399,10810,3678
11400,11392,543
11401,11249,11084
11402,11380,4303
11403,11402,5371
11404,11030,10405
11405,5726,950
11406,11400,5505
11407,11403,1754
11408,11406,5183
11409,577,507
11410,2843,770
11411,11245,5781
11412,10948,10850
11413,11407,5897
11414,11139,11089
11415,11286,1565
11416,5694,376
11417,11408,2058
11418,11413,5784
11419,11362,10993
11420,10912,2356
11421,2768,2214
11422,11417,11298
11423,11270,11262
11424,3759,1518
11425,11418,644
11426,2998,2607
11427,11425,4787
11428,11378,10781
11429,11173,3111
11430,11427,11266
11431,10908,57
11432,11384,11206
11433,11110,2876
11434,4946,3724
11435,11201,2934
11436,11337,2137
11437,11178,4758
11438,11411,11182
11439,11422,10496
11440,2815,2518
11441,11439,11269
11442,11019,2718
11443,11430,4884
11444,11167,1438
11445,11443,11359
11446,11445,11398
11447,4027,1944
11448,3497,1813
11449,11281,11184
11450,2315,154
11451,11446,3568
11452,11451,11349
11453,3935,2670
11454,11318,11051
11455,10973,4731
11456,11342,4234
11457,11354,986
11458,5293,450
11459,11104,1480
11460,11452,11401
11461,11193,60
11462,11457,1961
11463,11436,11261
11464,11393,10593
11465,11053,3760
11466,11441,11367
11467,11340,11125
11468,11414,4918
11469,11222,5040
11470,11161,5409
11471,11291,11202
11472,11219,4129
11473,11466,1070
11474,11460,3566
11475,11397,11374
11476,11475,4975
11477,1858,1377
11478,11474,3252
11479,11478,787
11480,11473,1696
11481,11338,10932
11482,11335,2722
11483,11325,3838
11484,11480,833
11485,11484,11463
11486,10946,3586
11487,11479,11371
11488,11311,4921
11489,11015,2059
11490,11361,2180
11491,11350,2922
11492,10943,3614
11493,11310,5084
11494,11487,1179
11495,11494,632
11496,11372,2890
11497,11495,2284
11498,11200,2985
11499,11399,3401
11500,11108,2944
11501,11497,2894
11502,3468,1256
11503,11288,5393
11504,4719,2749
11505,11456,10622
11506,11390,5842
11507,11476,11357
11508,11485,10553
11509,11508,1574
11510,11145,1809
11511,11228,3119
11512,11509,1764
11513,11429,11062
11514,11501,11322
11515,11514,555
11516,11279,5460
11517,11512,11300
11518,11515,3357
11519,11164,1158
11520,11419,2694
11521,11092,11018
11522,11518,11471
11523,11454,10929
11524,5628,4547
11525,11517,11459
11526,11525,11449
11527,11155,11071
11528,11526,11394
11529,11377,11316
11530,11042,3353
11531,1946,1487
11532,11324,4594
11533,1213,797
11534,11522,1288
11535,11534,11416
11536,11284,3321
11537,11507,3955
11538,11395,9270
11539,11489,11212
11540,11292,5928
11541,4306,2596
11542,11438,11152
11543,11535,11313
11544,11273,4651
11545,3562,18
11546,5258,3731
11547,11543,11385
11548,11383,11166
11549,11547,11420
11550,4659,2041
11551,11057,2702
11552,5967,978
11553,11467,11382
11554,11032,2898
11555,11450,512
11556,11549,11505
11557,11556,11233
11558,11503,10106
11559,11558,10674
11560,11520,628
11561,11557,11254
11562,11561,621
11563,11562,2077
11564,11536,11528
11565,11564,11486
11566,11283,1511
11567,11563,11488
11568,4156,665
11569,11482,11388
11570,11409,11177
11571,11565,2758
11572,11491,2191
11573,11537,4834
11574,11573,3099
11575,11571,11464
11576,11529,3598
11577,2991,2516
11578,11567,1222
11579,11578,1115
11580,11496,11259
11581,3474,3025
11582,11579,11477
11583,11560,11040
11584,11582,5158
11585,11506,11462
11586,11575,4638
11587,11586,11085
11588,10568,3828
11589,11584,11470
11590,11321,11244
11591,11587,677
11592,11428,2606
11593,11591,11299
11594,11455,11315
11595,10950,10615
11596,10569,3720
11597,11440,11415
11598,11593,11412
11599,11598,2628
11600,11585,11527
11601,11574,2879
11602,4729,2504
11603,11589,2321
11604,11603,11122
11605,11604,11453
11606,11605,11590
11607,11606,11410
11608,11607,11352
11609,11599,584
11610,11609,11134
11611,11442,2204
11612,11610,1698
11613,11481,785
11614,11608,2163
11615,11548,11289
11616,11614,11432
11617,2640,247
11618,11554,11106
11619,5940,3655
11620,2930,1522
11621,11616,941
11622,11621,11469
11623,10678,9894
11624,10576,3361
11625,11612,5114
11626,11625,321
11627,11622,3718
11628,11627,11592
11629,11628,1735
11630,11580,11553
11631,11566,11448
11632,11626,4926
11633,11632,690
11634,11633,11523
11635,11577,10954
11636,11461,4663
11637,11468,4469
11638,11637,11447
11639,11634,11521
11640,11629,2144
11641,11640,2488
11642,11641,11423
11643,4647,2852
11644,11639,5260
11645,11644,11435
11646,11642,2126
11647,11513,5916
11648,11576,11253
11649,11645,1060
11650,4614,2806
11651,11649,11458
11652,11601,11068
11653,11168,2888
11654,11652,11404
11655,11646,11260
11656,11600,11356
11657,11483,11391
11658,11655,11597
11659,11651,121
11660,11594,2613
11661,11659,11583
11662,11369,10361
11663,11658,2044
11664,11663,11405
11665,11664,11386
11666,11661,5173
11667,11654,11326
11668,11665,871
11669,11668,5284
11670,11444,2699
11671,3597,3067
11672,11492,2841
11673,11643,11433
11674,991,592
11675,3659,1229
11676,11666,3179
11677,11676,11437
11678,11431,5372
11679,4905,3779
11680,11669,11570
11681,11680,11636
11682,11681,11550
11683,11682,2818
11684,11647,5169
11685,11683,3780
11686,11648,5857
11687,11686,11685
11688,11493,11272
11689,980,308
11690,5788,4003
11691,11677,2923
11692,11691,11555
11693,11692,11532
11694,11693,782
11695,4829,1464
11696,10779,578
11697,11687,11502
11698,11012,3999
11699,11542,11246
11700,11694,4544
11701,11700,2709
11702,11498,2936
11703,11635,11630
11704,11697,11672
11705,11704,4530
11706,11705,3963
11707,11596,11545
11708,11706,11516
11709,5509,5119
11710,11708,525
11711,11701,11541
11712,11711,11519
11713,11712,5655
11714,11713,953
11715,1542,550
11716,11714,4507
11717,11710,858
11718,11717,11568
11719,11716,11490
11720,11660,589
11721,11684,10515
11722,2142,132
11723,11624,11511
11724,11719,4811
11725,11718,11341
11726,11725,11472
11727,11726,4558
11728,11727,11724
11729,11670,11569
11730,11729,11363
11731,11424,4607
11732,11602,2823
11733,11572,11538
11734,11733,962
11735,11613,5430
11736,11673,11280
11737,11611,728
11738,11728,11656
11739,11154,4514
11740,7658,379
11741,11699,11667
11742,11559,11524
11743,11742,4996
11744,11741,11552
11745,11368,462
11746,11500,2512
11747,11387,11358
11748,11544,10534
11749,8807,3538
11750,11735,788
11751,11618,11533
11752,11302,5595
11753,870,44
11754,5546,2780
11755,3196,1842
11756,11540,11115
11757,11653,1705
11758,11743,10925
11759,4904,2566
11760,11721,71
11761,11703,11421
11762,11738,11615
11763,11762,11657
11764,11276,1845
11765,11702,11679
11766,3936,2032
11767,11763,1607
11768,11722,5896
11769,11767,386
11770,11678,11530
11771,11744,11731
11772,3125,973
11773,11737,2541
11774,11662,11434
11775,11510,11343
11776,11761,11638
11777,11776,11675
11778,11771,11747
11779,11736,11504
11780,9927,3070
11781,11650,11623
11782,11764,5218
11783,11631,11539
11784,11769,3994
11785,11784,3810
11786,11785,5275
11787,11786,5613
11788,2061,1830
11789,11546,4783
11790,11787,11754
11791,11619,864
11792,11777,11746
11793,11792,11465
11794,11751,3862
11795,11790,11319
11796,11795,938
11797,11734,11698
11798,11778,10807
11799,11750,11720
11800,10753,3180
11801,4277,1389
11802,11757,2681
11803,11499,4789
11804,11798,11760
11805,1123,22
11806,11531,5612
11807,11671,3765
11808,5904,5303
11809,11804,11551
11810,1296,1023
11811,11756,4001
11812,11796,11794
11813,11812,5018
11814,11813,11730
11815,11814,3542
11816,11797,1898
11817,11816,2017
11818,11809,11709
11819,3937,267
11820,11732,2819
11821,3782,954
11822,11815,3654
11823,11822,11765
11824,11818,2231
11825,11823,11715
11826,11825,1455
11827,11826,3652
11828,11793,5968
11829,11828,668
11830,11783,11775
11831,11303,1302
11832,11802,1969
11833,11770,2363
11834,2752,1678
11835,11827,11803
11836,11835,11753
11837,11836,11781
11838,11837,11617
11839,11829,11774
11840,11839,5541
11841,11840,11838
11842,11752,4155
11843,3141,2905
11844,5464,2989
11845,11821,11773
11846,11841,11810
11847,11824,101
11848,11846,5041
11849,11848,3548
11850,11688,3942
11851,11849,2800
11852,2909,754
11853,11620,718
11854,11834,1436
11855,3692,2706
11856,11855,11851
11857,4785,4678
11858,11856,563
11859,11858,1236
11860,11859,5477
11861,11860,11779
11862,11861,5969
11863,11862,11831
11864,11863,402
11865,11782,3323
11866,11788,5366
11867,11864,11806
11868,11847,11807
11869,11868,4321
11870,11869,11674
11871,11870,5721
11872,11850,8875
11873,11690,3511
11874,11873,4402
11875,11740,277
11876,11791,11739
11877,11772,11581
11878,11696,11588
11879,11867,11819
11880,11879,11832
11881,11799,3926
11882,11871,917
11883,11882,11758
11884,11817,11370
11885,4323,1906
11886,11880,513
11887,11886,64
11888,11887,596
11889,4976,4867
11890,11768,5824
11891,11888,11801
11892,11891,502
11893,11689,1519
11894,11892,11595
11895,11884,11426
11896,11894,11833
11897,11896,2826
11898,11755,3030
11899,11707,380
11900,11897,11842
11901,5082,2942
11902,11852,930
11903,11900,11780
11904,11903,11881
11905,11766,11723
11906,11883,11811
11907,11866,11857
11908,11877,11805
11909,10849,5845
11910,11893,2587
11911,11854,11830
11912,11845,4427
11913,5801,4090
11914,11904,3794
11915,11914,5244
11916,11915,11865
11917,11759,3897
11918,11820,393
11919,4962,4625
11920,11789,3191
11921,11911,11908
11922,11872,4434
11923,11905,11844
11924,11808,34
11925,11916,11890
11926,11695,3093
11927,11925,2906
11928,11748,4312
11929,11922,11913
11930,11912,4947
11931,11920,11749
11932,11906,11172
11933,11927,11876
11934,11933,3719
11935,11934,1953
11936,11935,11895
11937,11936,4186
11938,11937,11918
11939,11938,5296
11940,11939,11843
11941,11136,11000
11942,11940,11910
11943,11942,11902
11944,11943,2821
11945,11944,11901
11946,11928,11917
11947,11930,11853
11948,11945,11885
11949,11932,11875
11950,11949,11924
11951,11950,11919
11952,5413,160
11953,3777,3502
11954,11948,11874
11955,11954,11921
11956,11955,2573
11957,11956,11878
11958,11957,2147
11959,11958,11889
11960,11959,156
11961,11960,1046
11962,11961,2626
11963,11962,4840
11964,11963,11909
11965,11964,11947
11966,11965,11926
11967,11966,5938
11968,11967,11951
11969,11953,11899
11970,11907,4601
11971,4172,3745
11972,11968,11923
11973,5377,3746
11974,11931,3010
11975,11972,11941
11976,11975,2683
11977,11745,534
11978,11976,11974
11979,11978,11929
11980,11979,11800
11981,11980,11970
11982,11981,11969
11983,11952,2111
11984,11982,4388
11985,11984,11983
11986,11973,10641
11987,5881,3599
11988,11985,3894
11989,11988,11946
11990,11989,11977
11991,3715,651
11992,11991,11898
11993,11990,4683
11994,11993,11987
11995,11994,11986
11996,11995,11992
11997,11971,5941
11998,11997,11996
