2000,1598,1013
2001,1242,433
2002,1281,33
2003,1315,1201
2004,1951,96
2005,1926,1857
2006,1096,390
2007,2001,1098
2008,2004,94
2009,2003,2000
2010,2007,53
2011,2002,1177
2012,409,207
2013,1219,1073
2014,2008,150
2015,2009,1357
2016,2005,41
2017,2010,2006
2018,477,117
2019,490,220
2020,389,20
2021,2013,1742
2022,1131,815
2023,2018,1084
2024,398,367
2025,1838,1544
2026,2017,215
2027,2026,77
2028,2011,1039
2029,2015,2014
2030,1567,47
2031,2021,1188
2032,2028,135
2033,2023,2019
2034,2022,1137
2035,1446,1018
2036,1649,1093
2037,1892,1154
2038,2031,1107
2039,1778,1133
2040,1220,79
2041,253,112
2042,1746,74
2043,1984,1349
2044,2029,124
2045,410,138
2046,151,86
2047,2025,1347
2048,285,75
2049,401,368
2050,2034,714
2051,1834,251
2052,1747,43
2053,2032,2016
2054,2044,204
2055,2050,2027
2056,1489,1478
2057,2054,1881
2058,1968,1777
2059,1481,353
2060,1150,1052
2061,2024,72
2062,2055,1195
2063,2035,1321
2064,2053,1676
2065,449,152
2066,1566,1265
2067,2043,2039
2068,237,89
2069,2012,1536
2070,231,107
2071,1734,1657
2072,2036,1840
2073,1661,501
2074,62,12
2075,2030,1675
2076,2040,1647
2077,453,261
2078,1275,1082
2079,2047,2038
2080,1513,880
2081,2049,392
2082,1825,1631
2083,2057,1425
2084,1051,465
2085,2033,170
2086,281,246
2087,1890,1523
2088,2045,354
2089,1342,963
2090,1772,1589
2091,2062,1423
2092,257,59
2093,2064,1504
2094,2056,1815
2095,1334,1272
2096,1433,357
2097,2037,742
2098,1424,413
2099,146,37
2100,2074,171
2101,2081,119
2102,2093,762
2103,2090,2083
2104,2102,901
2105,1959,168
2106,2091,1497
2107,429,403
2108,2094,2068
2109,1577,1035
2110,2073,722
2111,1979,73
2112,1928,115
2113,2097,2085
2114,1180,527
2115,1292,343
2116,2051,1430
2117,1283,1020
2118,2104,1400
2119,2103,2071
2120,2100,1329
2121,440,218
2122,371,243
2123,2110,2060
2124,1068,793
2125,2061,2020
2126,2088,2069
2127,1835,1605
2128,1924,1126
2129,2118,2072
2130,2080,1087
2131,2052,1821
2132,2095,1311
2133,1457,1132
2134,2111,2106
2135,2117,1708
2136,260,255
2137,1758,97
2138,2113,658
2139,2042,1338
2140,2079,2076
2141,2119,103
2142,2089,1814
2143,2123,2082
2144,1877,1320
2145,1193,1006
2146,1886,259
2147,2078,1141
2148,2138,987
2149,2121,2115
2150,1692,1537
2151,2129,1037
2152,2087,1266
2153,200,167
2154,1967,1856
2155,2134,2108
2156,1299,1282
2157,1757,460
2158,2107,2092
2159,2151,2112
2160,2139,1239
2161,2142,508
2162,1994,1615
2163,2058,1868
2164,2148,1991
2165,2075,2067
2166,2141,1306
2167,2086,442
2168,1125,626
2169,2166,1498
2170,219,15
2171,2063,1463
2172,439,108
2173,291,4
2174,2155,1737
2175,2159,1337
2176,2127,339
2177,2169,2150
2178,2120,310
2179,2149,2114
2180,1603,1548
2181,2130,1503
2182,1375,298
2183,1415,1251
2184,2122,270
2185,655,184
2186,2174,1114
2187,2140,1230
2188,2158,423
2189,2152,1885
2190,2177,1883
2191,2164,2046
2192,2175,344
2193,1646,1295
2194,2132,1368
2195,2187,1308
2196,470,51
2197,2126,88
2198,2170,906
2199,2190,2096
2200,2168,2116
2201,587,118
2202,2160,1505
2203,2066,1218
2204,2192,935
2205,2186,2124
2206,2165,1941
2207,2195,1386
2208,1557,192
2209,1471,1439
2210,2208,2179
2211,2204,1398
2212,2135,2059
2213,2143,1552
2214,2144,1017
2215,292,238
2216,307,252
2217,425,337
2218,1224,1168
2219,1876,360
2220,2098,199
2221,2211,1606
2222,2128,46
2223,2199,1434
2224,498,275
2225,2131,1590
2226,2205,2048
2227,370,304
2228,1382,1367
2229,2213,2202
2230,2194,1579
2231,2191,1291
2232,2207,1914
2233,2105,1917
2234,1530,1379
2235,1613,1529
2236,2200,2154
2237,236,202
2238,2099,1601
2239,2156,1333
2240,2161,1586
2241,420,318
2242,2163,1101
2243,106,42
2244,1860,1643
2245,2184,876
2246,2223,2218
2247,2197,1156
2248,2226,1422
2249,2239,1297
2250,1710,1216
2251,495,52
2252,2215,2101
2253,1040,287
2254,179,61
2255,2229,2221
2256,2181,1041
2257,2220,1894
2258,805,635
2259,2196,2188
2260,299,186
2261,334,258
2262,2147,1417
2263,2210,2153
2264,2232,1253
2265,1560,286
2266,1787,1591
2267,2248,1186
2268,1923,1648
2269,2267,838
2270,2146,1660
2271,2249,2198
2272,2193,1651
2273,2236,2230
2274,2182,2178
2275,2256,2246
2276,2255,1187
2277,2084,278
2278,2231,137
2279,2269,916
2280,1435,1028
2281,2125,1144
2282,1127,300
2283,2275,1034
2284,1473,1083
2285,1348,350
2286,1693,400
2287,1350,17
2288,2242,1585
2289,2219,1707
2290,2228,1602
2291,1206,196
2292,2212,892
2293,2233,1450
2294,2279,2278
2295,2241,272
2296,796,739
2297,1384,229
2298,860,776
2299,2250,1761
2300,2276,2273
2301,2225,2173
2302,2137,312
2303,2264,2245
2304,2171,2133
2305,2290,1164
2306,2070,2065
2307,2183,1370
2308,2283,778
2309,2206,1304
2310,2189,1429
2311,1913,1645
2312,2167,415
2313,2145,1091
2314,2266,1257
2315,2176,2109
2316,473,189
2317,879,28
2318,1274,1067
2319,545,500
2320,1376,923
2321,2298,2234
2322,1204,296
2323,2308,2262
2324,1095,476
2325,1919,1826
2326,2303,2222
2327,279,129
2328,984,70
2329,2041,143
2330,2077,223
2331,2209,1076
2332,2247,122
2333,1925,1810
2334,1079,610
2335,2172,6
2336,497,469
2337,1739,1580
2338,2271,1965
2339,1827,314
2340,407,317
2341,2281,263
2342,2294,1214
2343,1551,1002
2344,2162,1108
2345,2323,2270
2346,2305,2263
2347,2310,784
2348,1904,1393
2349,979,9
2350,2342,1390
2351,2261,346
2352,2299,2157
2353,1870,1562
2354,1543,416
2355,2300,2292
2356,2240,1111
2357,2272,2180
2358,397,104
2359,1237,765
2360,2214,1104
2361,491,313
2362,2338,1044
2363,2347,2288
2364,2302,91
2365,2295,161
2366,2350,1345
2367,2277,395
2368,1729,191
2369,1402,365
2370,1681,175
2371,249,210
2372,1572,424
2373,2216,280
2374,2314,2311
2375,1510,629
2376,2345,662
2377,2356,2257
2378,149,10
2379,2265,1211
2380,1614,1269
2381,1619,1516
2382,2309,975
2383,2244,915
2384,2253,493
2385,2376,2307
2386,2366,789
2387,2346,2282
2388,316,306
2389,1279,1085
2390,2355,2348
2391,2252,273
2392,2312,639
2393,2334,2326
2394,1976,1395
2395,972,736
2396,1686,363
2397,2260,351
2398,2385,1859
2399,2315,1507
2400,2332,412
2401,2317,1062
2402,2386,2328
2403,2301,1532
2404,2393,933
2405,2235,1167
2406,1247,790
2407,2398,1322
2408,2400,2390
2409,1394,434
2410,2387,2362
2411,1359,843
2412,2217,133
2413,2402,2274
2414,2344,1029
2415,1795,1358
2416,1748,1674
2417,1437,1210
2418,2203,1075
2419,2324,872
2420,2322,1319
2421,452,254
2422,2407,2353
2423,2403,2363
2424,2351,2254
2425,185,67
2426,2304,1312
2427,2238,1466
2428,2368,1839
2429,2422,1666
2430,2349,2289
2431,2340,438
2432,2389,1932
2433,2429,2419
2434,2404,1441
2435,2420,1768
2436,2293,949
2437,176,31
2438,1209,68
2439,2296,541
2440,2259,1032
2441,274,205
2442,1811,496
2443,2413,2379
2444,2377,1117
2445,457,56
2446,2373,256
2447,134,81
2448,1408,529
2449,1033,862
2450,2401,791
2451,1372,1353
2452,2433,1022
2453,2434,1611
2454,2436,358
2455,2408,2321
2456,2375,849
2457,2359,2331
2458,2313,750
2459,2443,517
2460,2399,686
2461,2319,712
2462,2450,940
2463,1410,1340
2464,1622,1456
2465,2280,1285
2466,2341,109
2467,2360,1129
2468,2432,2374
2469,1327,694
2470,1824,1803
2471,2423,194
2472,2396,2392
2473,2460,2201
2474,2286,1313
2475,2455,1217
2476,2452,1122
2477,2462,2459
2478,2405,1445
2479,426,187
2480,1691,1452
2481,2440,2320
2482,178,84
2483,2406,781
2484,2327,1549
2485,2391,232
2486,1697,1324
2487,2431,266
2488,2354,1502
2489,2333,283
2490,481,87
2491,451,130
2492,504,319
2493,2439,579
2494,2430,1927
2495,2453,2284
2496,2444,2394
2497,2476,2418
2498,1973,1119
2499,468,111
2500,1820,435
2501,2467,1677
2502,2475,1818
2503,2285,1181
2504,2409,475
2505,2494,1950
2506,2382,13
2507,1170,572
2508,2426,1009
2509,2337,1351
2510,2477,540
2511,2502,1184
2512,2251,63
2513,1863,1030
2514,1952,1625
2515,2478,2384
2516,2497,2361
2517,1916,1116
2518,2427,1323
2519,2372,2365
2520,2511,2383
2521,944,800
2522,2352,1714
2523,2493,2473
2524,2456,710
2525,1280,1149
2526,2516,1704
2527,2520,2370
2528,480,233
2529,2485,1655
2530,2243,341
2531,2227,1776
2532,2495,2357
2533,2447,203
2534,2316,333
2535,2481,1113
2536,2395,1414
2537,2466,2297
2538,1833,993
2539,2381,1365
2540,2527,746
2541,2471,659
2542,1749,411
2543,467,322
2544,2378,348
2545,2454,1521
2546,2449,2410
2547,2480,2415
2548,1819,772
2549,2329,1
2550,2532,803
2551,1175,1094
2552,2510,2435
2553,2515,2417
2554,2451,2367
2555,2472,148
2556,461,406
2557,2526,1461
2558,1709,1599
2559,717,528
2560,2457,705
2561,2552,1396
2562,2496,419
2563,2557,2541
2564,1361,1238
2565,1903,1571
2566,2518,1451
2567,1515,383
2568,2524,1784
2569,2540,846
2570,2224,24
2571,2464,2428
2572,2508,1159
2573,2569,2546
2574,387,144
2575,1243,995
2576,2325,2136
2577,2364,1134
2578,2561,2424
2579,2512,418
2580,1642,1624
2581,2484,1346
2582,1388,157
2583,1638,602
2584,1011,268
2585,1409,565
2586,2458,902
2587,604,436
2588,909,444
2589,2568,1061
2590,2573,2505
2591,1109,586
2592,2550,2461
2593,2554,2358
2594,1679,524
2595,2469,751
2596,1354,190
2597,2535,2185
2598,2339,1942
2599,2578,2553
2600,1831,1616
2601,2539,2501
2602,1980,1454
2603,1721,1183
2604,1780,1563
2605,1008,58
2606,2468,2318
2607,2414,1069
2608,2523,1016
2609,2590,2335
2610,2562,2504
2611,1569,1194
2612,2522,1740
2613,2537,1936
2614,2592,1626
2615,2503,1852
2616,2563,2488
2617,990,606
2618,2421,361
2619,2572,325
2620,2438,1064
2621,165,30
2622,1191,588
2623,2589,2474
2624,2599,1050
2625,2616,904
2626,1594,836
2627,1066,166
2628,1983,1250
2629,982,741
2630,1484,441
2631,1878,716
2632,2397,139
2633,2483,865
2634,1670,1561
2635,2624,2617
2636,2506,598
2637,2609,1263
2638,2268,1244
2639,347,327
2640,2637,1426
2641,2507,928
2642,2640,2608
2643,1665,1215
2644,2560,38
2645,1493,1189
2646,2517,2369
2647,1986,929
2648,1472,1136
2649,2635,874
2650,1535,1014
2651,2625,2566
2652,2620,1403
2653,2597,2521
2654,1897,1527
2655,2595,1862
2656,2636,2545
2657,2529,2487
2658,2559,1391
2659,2614,2596
2660,1641,672
2661,2463,510
2662,297,201
2663,2258,1832
2664,2610,1146
2665,2651,856
2666,2619,924
2667,1568,1499
2668,2564,622
2669,2587,748
2670,2536,1634
2671,2558,1221
2672,1850,331
2673,2291,1197
2674,2343,691
2675,2482,499
2676,1431,701
2677,2665,1793
2678,2565,248
2679,2499,211
2680,2448,1872
2681,2649,1305
2682,2677,562
2683,2642,2571
2684,2446,2442
2685,1058,848
2686,2644,743
2687,2519,454
2688,1362,692
2689,2577,2531
2690,2681,1694
2691,2612,2416
2692,1559,1371
2693,2683,2588
2694,2682,734
2695,2659,1701
2696,2486,878
2697,2598,1934
2698,2586,503
2699,2425,1700
2700,1690,1267
2701,2530,147
2702,2695,1716
2703,2694,1945
2704,2538,2287
2705,2513,601
2706,1639,1155
2707,2606,1072
2708,2703,740
2709,2655,2555
2710,2693,936
2711,2710,1786
2712,1957,1459
2713,2465,1508
2714,685,214
2715,2600,1891
2716,446,408
2717,2544,422
2718,2664,1470
2719,2711,1995
2720,2547,1592
2721,2709,332
2722,2708,2582
2723,2702,605
2724,2719,2661
2725,1628,1151
2726,1972,576
2727,1783,1442
2728,2724,553
2729,988,977
2730,2549,193
2731,2660,1492
2732,2690,2686
2733,2722,1706
2734,2594,25
2735,2628,1128
2736,2728,669
2737,1120,593
2738,2633,234
2739,2733,2581
2740,2626,2380
2741,2718,2585
2742,2509,657
2743,2498,428
2744,2723,624
2745,2336,2306
2746,1609,1558
2747,2548,866
2748,2653,802
2749,1142,837
2750,2739,2330
2751,2736,761
2752,2514,719
2753,2657,2479
2754,1741,824
2755,1316,1160
2756,2411,1908
2757,2670,983
2758,2658,859
2759,1545,1166
2760,2492,303
2761,2720,2687
2762,2666,269
2763,342,80
2764,729,656
2765,966,698
2766,1494,1317
2767,2601,1325
2768,2748,1669
2769,2750,1152
2770,1233,745
2771,2707,2371
2772,1596,32
2773,2656,78
2774,2646,1024
2775,2769,2643
2776,2732,2605
2777,2741,2669
2778,2613,212
2779,2668,2623
2780,2692,459
2781,373,177
2782,1226,850
2783,1004,145
2784,2775,1901
2785,2679,1314
2786,1841,1658
2787,2528,225
2788,2543,430
2789,2751,715
2790,2784,1963
2791,2744,2652
2792,464,54
2793,2534,382
2794,2691,2654
2795,2713,1796
2796,2441,335
2797,2790,2731
2798,2776,2645
2799,1774,594
2800,2696,532
2801,2789,2771
2802,2768,1021
2803,2777,2489
2804,2798,2542
2805,2761,2738
2806,2779,2752
2807,1889,1468
2808,2797,808
2809,2801,1966
2810,471,448
2811,2804,2629
2812,2556,164
2813,1407,1192
2814,2753,240
2815,2650,2575
2816,2808,814
2817,1939,650
2818,1460,1309
2819,1672,93
2820,2525,1420
2821,2721,913
2822,2607,1600
2823,2754,1790
2824,2791,825
2825,2671,443
2826,2729,1766
2827,2767,2647
2828,2717,66
2829,2809,2551
2830,1182,1047
2831,2698,2680
2832,1449,381
2833,2641,1800
2834,2734,2615
2835,2773,2757
2836,2712,2603
2837,2811,2704
2838,2816,2799
2839,1453,197
2840,2824,1328
2841,1854,1145
2842,2829,1964
2843,2678,1804
2844,1823,1118
2845,2840,2838
2846,1428,1097
2847,777,55
2848,1982,1185
2849,2632,2491
2850,2803,2755
2851,2821,957
2852,2689,2533
2853,2842,2826
2854,955,567
2855,336,213
2856,2746,2727
2857,1779,114
2858,1048,217
2859,2802,1785
2860,559,558
2861,614,547
2862,1581,92
2863,2819,1788
2864,1993,1234
2865,1576,896
2866,1989,888
2867,2780,1671
2868,2835,2567
2869,2853,1496
2870,1588,208
2871,2848,2742
2872,2630,2583
2873,2762,377
2874,1196,943
2875,2833,1582
2876,2631,571
2877,2794,2700
2878,2705,546
2879,2869,2859
2880,2851,2814
2881,2576,2
2882,2715,1745
2883,1907,1789
2884,2673,2570
2885,2602,1287
2886,768,328
2887,224,140
2888,2701,126
2889,2879,2831
2890,2611,2593
2891,1743,1715
2892,2805,1752
2893,2786,1636
2894,142,29
2895,2837,523
2896,2825,2699
2897,2500,1488
2898,2843,2756
2899,2889,2758
2900,1352,599
2901,1668,1427
2902,427,345
2903,2772,1938
2904,2845,812
2905,1019,539
2906,2895,136
2907,2850,985
2908,2697,1627
2909,2818,99
2910,2806,2770
2911,1258,506
2912,492,110
2913,2904,2807
2914,2817,544
2915,2827,1174
2916,2877,1038
2917,2634,180
2918,1163,927
2919,1684,548
2920,1369,352
2921,2855,1656
2922,2684,2618
2923,2907,2867
2924,2685,758
2925,2899,877
2926,2862,2676
2927,2873,822
2928,2774,1575
2929,1620,7
2930,2925,1363
2931,2910,2871
2932,141,102
2933,2813,1078
2934,958,302
2935,2930,1816
2936,2906,2714
2937,2935,2878
2938,2937,839
2939,2836,2730
2940,1685,1298
2941,2844,764
2942,2880,1654
2943,1875,85
2944,2674,2470
2945,1474,16
2946,2785,1232
2947,2584,1909
2948,2892,1310
2949,123,23
2950,2936,2847
2951,2916,2688
2952,2938,1477
2953,2237,169
2954,2743,155
2955,1808,1476
2956,305,162
2957,2863,2782
2958,1817,1623
2959,2823,2747
2960,1360,886
2961,1479,538
2962,2815,1802
2963,2778,1864
2964,2952,1546
2965,2927,1722
2966,2765,1540
2967,2800,942
2968,2915,1005
2969,2726,795
2970,1147,1065
2971,2445,952
2972,2919,2876
2973,2913,2875
2974,2964,1007
2975,2834,1054
2976,432,21
2977,2950,831
2978,2977,2579
2979,2591,640
2980,2974,1161
2981,2737,898
2982,2924,209
2983,1326,554
2984,2914,542
2985,2980,590
2986,2973,2627
2987,1711,1071
2988,1241,1088
2989,2923,918
2990,2986,735
2991,2985,2846
2992,479,195
2993,1587,1199
2994,2885,970
2995,2787,2662
2996,2978,1385
2997,2962,2820
2998,549,518
2999,2990,2898
3000,920,700
3001,2857,1805
3002,992,680
3003,1570,900
3004,2991,1610
3005,3004,1667
3006,2968,2725
3007,2648,1974
3008,2740,1855
3009,1750,1637
3010,2948,2945
3011,2868,1806
3012,2795,1074
3013,2931,2866
3014,216,172
3015,1797,494
3016,1373,763
3017,2759,1525
3018,3005,1264
3019,1412,1318
3020,3018,1781
3021,2735,125
3022,293,262
3023,1556,623
3024,1759,643
3025,2928,2864
3026,1695,1682
3027,2716,2490
3028,1829,709
3029,2783,330
3030,3010,2849
3031,1207,766
3032,2967,2942
3033,2972,711
3034,3020,2903
3035,1763,934
3036,2788,2621
3037,2975,752
3038,2781,1294
3039,1130,1099
3040,3034,706
3041,2858,1055
3042,2908,1528
3043,2745,324
3044,3040,783
3045,2667,1724
3046,2989,660
3047,3008,989
3048,2999,1374
3049,2957,2706
3050,3044,3013
3051,2822,912
3052,2963,631
3053,2893,1531
3054,3048,3046
3055,2900,1564
3056,3011,2932
3057,2965,2766
3058,721,76
3059,3006,2896
3060,2929,806
3061,1421,1176
3062,2839,227
3063,2966,1341
3064,2812,49
3065,1307,667
3066,2946,1541
3067,2828,1719
3068,3050,683
3069,301,288
3070,2971,1268
3071,1331,564
3072,2672,1578
3073,326,128
3074,2890,466
3075,1999,1998
3076,3062,2996
3077,2933,1411
3078,2997,873
3079,1921,1053
3080,1387,1249
3081,3025,841
3082,3031,731
3083,3068,1782
3084,2760,83
3085,3032,1844
3086,2920,1100
3087,3077,3054
3088,1026,153
3089,2994,2941
3090,3083,2901
3091,1702,372
3092,3056,1997
3093,1042,704
3094,3055,1595
3095,2954,396
3096,3090,1584
3097,2870,320
3098,1289,414
3099,3001,2979
3100,1775,241
3101,1200,820
3102,3096,1736
3103,3087,2955
3104,3041,2604
3105,3102,627
3106,463,113
3107,2944,1404
3108,3030,1798
3109,2852,1380
3110,3057,744
3111,3037,607
3112,3076,2894
3113,1703,818
3114,2959,2856
3115,3105,1644
3116,932,183
3117,1336,1190
3118,282,127
3119,3081,759
3120,3115,2872
3121,2918,1355
3122,3112,1689
3123,3122,1278
3124,3052,1760
3125,3002,3000
3126,1343,1059
3127,2939,226
3128,1539,455
3129,3103,842
3130,3123,775
3131,3120,2926
3132,2998,994
3133,3047,3003
3134,1335,801
3135,3085,1364
3136,295,69
3137,2881,819
3138,1981,1718
3139,3026,271
3140,3129,3093
3141,2832,1500
3142,1943,1106
3143,3107,845
3144,3042,1356
3145,3130,688
3146,2912,1985
3147,3146,474
3148,3092,1653
3149,1633,1012
3150,3140,3066
3151,1756,889
3152,159,36
3153,3150,749
3154,3038,613
3155,3012,708
3156,3033,779
3157,3045,2969
3158,1971,1255
3159,3131,895
3160,3110,828
3161,3009,2947
3162,3145,851
3163,3119,2984
3164,1248,1173
3165,3159,899
3166,1225,830
3167,3153,1538
3168,3051,2764
3169,3016,2911
3170,3104,1612
3171,2981,1169
3172,1526,925
3173,1728,1509
3174,3162,2888
3175,3165,3108
3176,3167,3094
3177,3007,620
3178,3135,679
3179,3157,2982
3180,3114,3053
3181,2909,2891
3182,3176,1822
3183,3160,603
3184,3175,3029
3185,3182,804
3186,3059,702
3187,2922,2796
3188,3124,1853
3189,2865,1260
3190,375,309
3191,3178,3163
3192,3186,3028
3193,3049,39
3194,3133,581
3195,3185,3151
3196,2951,760
3197,3148,2905
3198,3067,3064
3199,2749,948
3200,355,173
3201,1440,456
3202,3184,1203
3203,3195,1884
3204,3065,619
3205,2860,673
3206,3078,2902
3207,3192,3174
3208,2983,2854
3209,3197,1300
3210,3111,887
3211,2958,2882
3212,1895,1744
3213,3203,1920
3214,3202,792
3215,2580,881
3216,2675,2412
3217,1662,482
3218,3155,3109
3219,3089,893
3220,1231,1171
3221,3213,3179
3222,3188,3017
3223,1031,937
3224,3191,3075
3225,3082,767
3226,2943,2917
3227,3019,585
3228,3221,1547
3229,3168,3137
3230,3214,3063
3231,3230,3194
3232,3196,1080
3233,3183,1871
3234,3132,1245
3235,1405,813
3236,2887,1555
3237,1935,1485
3238,2953,250
3239,3084,2970
3240,3207,969
3241,3043,2793
3242,3228,561
3243,3125,882
3244,3222,1958
3245,1912,1762
3246,3209,3139
3247,3177,3021
3248,3142,844
3249,2961,615
3250,3205,3117
3251,3180,2622
3252,1448,1235
3253,3231,730
3254,2940,1733
3255,3242,3169
3256,3233,670
3257,3253,511
3258,2897,8
3259,1261,630
3260,1765,1726
3261,3022,1618
3262,3243,1092
3263,3097,2993
3264,1514,276
3265,3255,3219
3266,1922,1520
3267,2841,526
3268,3265,3079
3269,3239,1640
3270,3240,3226
3271,1003,649
3272,3036,2792
3273,3262,3189
3274,3257,520
3275,3268,857
3276,3274,3234
3277,3244,1880
3278,3144,3100
3279,1996,678
3280,3275,3224
3281,3276,3256
3282,3218,1847
3283,1344,90
3284,2663,399
3285,3246,1227
3286,1621,707
3287,3023,723
3288,3095,364
3289,3201,1240
3290,3143,724
3291,3210,2960
3292,3281,1899
3293,3292,2995
3294,3086,1271
3295,3099,608
3296,3285,799
3297,3070,1738
3298,3181,3138
3299,2810,1918
3300,3232,3039
3301,3171,431
3302,3293,829
3303,1001,514
3304,3277,45
3305,3074,188
3306,3302,3071
3307,3290,646
3308,3206,3141
3309,3304,1482
3310,3306,905
3311,405,338
3312,3310,3225
3313,3270,1597
3314,3312,1727
3315,3091,1723
3316,2638,1121
3317,3035,2886
3318,3314,894
3319,3298,699
3320,1475,222
3321,3280,926
3322,3113,1512
3323,3170,3161
3324,3296,637
3325,3156,747
3326,2884,757
3327,3229,595
3328,3014,3
3329,1339,40
3330,1077,228
3331,3215,1178
3332,3313,1975
3333,3254,1124
3334,3058,981
3335,3101,867
3336,1593,1205
3337,3272,19
3338,1699,965
3339,3291,960
3340,3321,3319
3341,3250,671
3342,356,35
3343,2437,265
3344,2987,1731
3345,3318,3308
3346,340,181
3347,3258,105
3348,3324,3295
3349,3332,3204
3350,3339,3282
3351,1879,374
3352,3326,868
3353,3199,1929
3354,3259,3061
3355,1807,703
3356,3301,3247
3357,1978,1153
3358,3340,1469
3359,3088,485
3360,3297,552
3361,3294,3251
3362,3211,264
3363,3345,875
3364,1902,5
3365,3325,737
3366,3238,484
3367,3278,3127
3368,2830,648
3369,3358,634
3370,3341,773
3371,3363,3349
3372,3307,914
3373,3273,618
3374,3369,3338
3375,2639,27
3376,472,206
3377,1049,1015
3378,1688,907
3379,3166,617
3380,3374,3303
3381,3024,1664
3382,3380,1770
3383,3323,1801
3384,1882,797
3385,3382,551
3386,1866,1284
3387,3173,1270
3388,3128,1045
3389,3385,769
3390,3389,974
3391,3212,1849
3392,3327,2874
3393,3223,1680
3394,3390,3335
3395,483,26
3396,1043,515
3397,3300,1629
3398,3158,1303
3399,1955,1381
3400,3269,3190
3401,1110,664
3402,3149,945
3403,3154,384
3404,537,536
3405,863,675
3406,3397,3394
3407,1491,1486
3408,311,244
3409,3305,95
3410,3316,939
3411,3241,3027
3412,3080,1148
3413,120,100
3414,3015,684
3415,3106,855
3416,2574,329
3417,3378,1081
3418,3355,3348
3419,3235,1915
3420,3220,1673
3421,3337,1843
3422,3193,1112
3423,3072,1988
3424,3299,1458
3425,1277,645
3426,3404,580
3427,488,198
3428,3406,1960
3429,3372,3260
3430,3217,1874
3431,3392,3164
3432,3428,3309
3433,3371,3360
3434,3284,378
3435,3060,999
3436,3121,922
3437,391,323
3438,3400,3383
3439,3361,1896
3440,3237,1799
3441,3432,3263
3442,3249,3116
3443,2934,921
3444,3368,885
3445,1089,1000
3446,861,522
3447,3347,447
3448,2861,1254
3449,3433,908
3450,3350,3172
3451,3198,2883
3452,3365,3267
3453,3441,810
3454,3443,666
3455,3403,2976
3456,3351,1663
3457,3336,3283
3458,3362,1962
3459,3449,557
3460,3429,3261
3461,3236,1725
3462,3271,1139
3463,3376,230
3464,1490,681
3465,3344,3227
3466,1501,445
3467,3248,1905
3468,3453,163
3469,3410,3370
3470,3328,366
3471,3468,533
3472,3459,1135
3473,1977,1392
3474,3435,1956
3475,3439,1873
3476,3472,809
3477,3471,1057
3478,1836,1483
3479,3152,2992
3480,3476,3286
3481,3352,1506
3482,3477,3373
3483,3418,1900
3484,3134,1273
3485,3480,3417
3486,1010,638
3487,919,315
3488,3287,3264
3489,689,131
3490,3315,1332
3491,3320,3073
3492,771,284
3493,3482,3333
3494,1583,1063
3495,976,727
3496,3266,3187
3497,3493,1138
3498,3401,720
3499,3288,1933
3500,3485,509
3501,1771,1687
3502,3497,1861
3503,3502,713
3504,3317,1554
3505,3422,573
3506,3500,478
3507,3475,3469
3508,3503,1650
3509,3508,931
3510,3506,786
3511,3509,3440
3512,971,823
3513,1987,853
3514,3511,1259
3515,3464,3393
3516,3409,3396
3517,3455,3450
3518,2921,653
3519,3510,3377
3520,3519,531
3521,3395,3069
3522,3452,1228
3523,3514,3467
3524,3356,3289
3525,359,235
3526,3520,951
3527,3523,780
3528,3526,521
3529,3483,964
3530,3528,3442
3531,903,891
3532,3431,625
3533,3412,3208
3534,3367,652
3535,3527,1712
3536,3535,3424
3537,2956,458
3538,3279,1767
3539,3098,967
3540,3381,1970
3541,3496,3147
3542,959,956
3543,3447,1056
3544,3529,1419
3545,816,174
3546,3530,3515
3547,3546,642
3548,3454,3359
3549,3444,597
3550,3536,1517
3551,3550,3521
3552,3533,1397
3553,3505,1465
3554,3499,3402
3555,3547,535
3556,3551,3438
3557,1887,1846
3558,794,487
3559,3460,1713
3560,1432,560
3561,221,82
3562,3331,1812
3563,3555,1208
3564,3507,3426
3565,3353,1954
3566,3563,884
3567,3566,591
3568,3524,3494
3569,1495,1301
3570,3462,3414
3571,3544,1416
3572,3543,3518
3573,1162,574
3574,3556,1632
3575,3571,3532
3576,3564,3559
3577,3456,116
3578,3534,3415
3579,3407,946
3580,3548,376
3581,1751,798
3582,1550,811
3583,3578,3567
3584,3549,3517
3585,3387,674
3586,3516,3490
3587,3565,3416
3588,3574,3445
3589,3434,1851
3590,3487,417
3591,3588,1157
3592,3591,3488
3593,3436,3346
3594,3322,911
3595,3553,3334
3596,3592,854
3597,3596,3498
3598,3329,1444
3599,3466,242
3600,182,11
3601,3481,1524
3602,2763,385
3603,3458,3216
3604,3504,3357
3605,3597,696
3606,1630,362
3607,3595,3568
3608,3465,1732
3609,3461,1198
3610,3522,3379
3611,3605,641
3612,3583,693
3613,3612,3420
3614,3554,1659
3615,3391,1948
3616,3611,3562
3617,1931,826
3618,1865,1102
3619,486,379
3620,3613,697
3621,1683,890
3622,3616,3538
3623,3620,3542
3624,1212,633
3625,3622,3576
3626,3375,158
3627,3580,1418
3628,2949,388
3629,3451,3343
3630,3557,1911
3631,3531,575
3632,3623,1792
3633,3398,725
3634,3579,1791
3635,3354,1940
3636,3512,996
3637,3632,3513
3638,3425,1296
3639,3421,1867
3640,3446,755
3641,3586,530
3642,3594,1930
3643,3637,807
3644,3625,3560
3645,3584,1401
3646,3643,663
3647,3646,3585
3648,3641,519
3649,1025,14
3650,3644,3405
3651,1447,1036
3652,3647,570
3653,3650,1090
3654,3577,57
3655,3652,3601
3656,3653,3624
3657,3603,3448
3658,3655,1947
3659,3388,1286
3660,1366,1262
3661,3495,1608
3662,3126,1406
3663,3364,1893
3664,3658,1443
3665,3662,3539
3666,3614,1753
3667,3645,3608
3668,1553,774
3669,3599,3479
3670,1717,154
3671,3656,616
3672,3671,3648
3673,1252,654
3674,3582,3474
3675,3664,961
3676,1573,1533
3677,3561,3366
3678,3675,3552
3679,2988,1213
3680,1944,1276
3681,3651,3478
3682,3678,3634
3683,3672,1202
3684,3486,827
3685,3683,1837
3686,3682,3587
3687,3457,1378
3688,1730,245
3689,3484,3419
3690,3686,1604
3691,3690,583
3692,3685,3642
3693,3692,3668
3694,3607,1937
3695,3693,817
3696,3691,369
3697,3629,3136
3698,3575,834
3699,3698,3617
3700,3630,1290
3701,3342,3118
3702,3695,505
3703,3702,3633
3704,3696,968
3705,3635,1105
3706,3545,869
3707,3501,726
3708,3589,569
3709,3703,1910
3710,290,98
3711,3709,3627
3712,3667,556
3713,3704,3631
3714,832,568
3715,1990,489
3716,3712,682
3717,3711,1413
3718,3413,3311
3719,3717,3700
3720,3640,611
3721,3719,3639
3722,3699,883
3723,3713,910
3724,3723,3618
3725,3252,60
3726,3716,636
3727,3609,3602
3728,3721,600
3729,3666,1565
3730,3728,1754
3731,3722,3245
3732,3730,3649
3733,512,65
3734,3732,835
3735,3734,676
3736,3654,3537
3737,3735,3715
3738,1223,1165
3739,3621,1652
3740,3724,1140
3741,3740,3681
3742,3604,1794
3743,3737,1293
3744,3684,3491
3745,3729,3694
3746,3386,1813
3747,3743,1467
3748,437,50
3749,3430,3399
3750,3687,3606
3751,3747,756
3752,3726,3636
3753,3751,3659
3754,3741,3558
3755,3754,695
3756,3706,753
3757,3677,1848
3758,3384,1755
3759,3753,998
3760,3660,1773
3761,3755,733
3762,3689,1172
3763,3705,3330
3764,3761,582
3765,3708,3674
3766,1103,661
3767,3473,239
3768,3764,543
3769,3752,3581
3770,3720,294
3771,1992,1143
3772,3759,770
3773,3772,3769
3774,3731,0
3775,1869,1635
3776,3768,1027
3777,1229,897
3778,3745,3610
3779,3762,394
3780,3757,18
3781,3727,3541
3782,577,507
3783,3774,3714
3784,3663,3628
3785,3778,3776
3786,3697,3615
3787,1828,450
3788,3767,3742
3789,1949,1399
3790,947,687
3791,1809,404
3792,3750,3540
3793,950,612
3794,3657,3411
3795,3783,3573
3796,3795,3773
3797,1617,589
3798,3785,1696
3799,3798,3733
3800,3572,609
3801,3779,3423
3802,1246,1179
3803,3679,1158
3804,3796,1720
3805,1858,1377
3806,3804,732
3807,3638,647
3808,3777,3665
3809,1888,525
3810,3765,48
3811,3799,1534
3812,3811,3437
3813,3812,3786
3814,3806,3661
3815,3710,787
3816,3813,349
3817,3470,3463
3818,3816,833
3819,1946,1487
3820,3814,632
3821,3818,3738
3822,3821,1764
3823,3820,644
3824,3823,3593
3825,3590,3427
3826,3822,1070
3827,3763,3489
3828,3781,1961
3829,3770,628
3830,3824,3802
3831,3790,840
3832,3828,986
3833,3826,321
3834,3825,870
3835,3833,1574
3836,3830,555
3837,1389,738
3838,3831,3793
3839,3836,621
3840,3839,3810
3841,3669,121
3842,3789,3739
3843,3835,1480
3844,3840,3805
3845,3843,677
3846,3845,3707
3847,3800,3784
3848,3725,2388
3849,3827,3797
3850,3844,3676
3851,3850,3815
3852,3846,1698
3853,3852,3841
3854,3788,566
3855,3853,665
3856,3855,1060
3857,3787,3598
3858,3832,44
3859,3856,3736
3860,3859,3569
3861,3860,690
3862,3847,277
3863,3851,1288
3864,3863,1115
3865,3864,516
3866,3808,3766
3867,3865,1222
3868,3861,584
3869,3854,785
3870,3867,3842
3871,3870,941
3872,991,592
3873,3871,3807
3874,3570,962
3875,852,788
3876,3868,1086
3877,3876,3857
3878,3873,3801
3879,1519,980
3880,3858,156
3881,3878,3849
3882,3758,782
3883,3877,953
3884,3771,1383
3885,3883,3200
3886,3881,1735
3887,3886,3829
3888,3887,847
3889,3888,3838
3890,1542,550
3891,3885,3670
3892,3891,3408
3893,3892,821
3894,3893,3756
3895,3889,858
3896,3880,1607
3897,1705,421
3898,3744,668
3899,3619,3525
3900,3869,3792
3901,3895,871
3902,3901,3882
3903,3896,3894
3904,3902,3837
3905,3834,954
3906,3775,1518
3907,3903,386
3908,3907,3904
3909,3862,864
3910,3884,3866
3911,3748,3701
3912,3900,3718
3913,3673,1438
3914,3874,1898
3915,3791,973
3916,3908,3817
3917,3803,1302
3918,3909,978
3919,3794,3749
3920,3918,462
3921,3916,3913
3922,3914,3819
3923,3600,393
3924,3760,1123
3925,3920,3782
3926,3910,3898
3927,3915,3912
3928,3921,938
3929,3928,3911
3930,1845,1769
3931,3680,1330
3932,3919,101
3933,3924,289
3934,3905,1511
3935,1455,1256
3936,3897,1969
3937,3936,3929
3938,1522,718
3939,3875,578
3940,1678,1436
3941,3879,308
3942,3937,563
3943,3942,1023
3944,3926,3917
3945,3943,3934
3946,3945,3922
3947,3946,3935
3948,728,22
3949,3890,1236
3950,3809,3626
3951,3949,3947
3952,3932,3688
3953,3952,3872
3954,3951,3944
3955,3954,596
3956,930,754
3957,3955,402
3958,3957,3899
3959,3958,502
3960,3959,513
3961,3960,1462
3962,3953,3906
3963,3961,267
3964,247,64
3965,3964,3963
3966,3948,3927
3967,3950,3925
3968,3966,3848
3969,3968,3939
3970,3969,3965
3971,3970,3940
3972,3962,997
3973,3971,132
3974,1953,1464
3975,1830,71
3976,3973,3941
3977,3976,3923
3978,3977,1906
3979,3972,34
3980,3978,3930
3981,3980,3956
3982,3981,3974
3983,3979,917
3984,3982,3746
3985,3984,3933
3986,3967,3931
3987,3986,3985
3988,3987,1046
3989,3492,160
3990,3988,380
3991,3990,534
3992,3991,3938
3993,3992,3989
3994,3983,1842
3995,3994,3975
3996,3995,651
3997,3993,3780
3998,3997,3996
