10000,7843,913
10001,7471,4952
10002,7080,5505
10003,8073,7963
10004,9525,9111
10005,6411,1553
10006,6157,4837
10007,8345,1590
10008,2338,1598
10009,4103,2145
10010,10008,5098
10011,4488,2309
10012,3643,3438
10013,5134,5128
10014,10010,4167
10015,2383,2030
10016,5141,2403
10017,10011,3069
10018,4073,1034
10019,2746,2729
10020,5418,5361
10021,5439,2395
10022,4264,3977
10023,5156,5070
10024,5827,1219
10025,10014,3261
10026,5243,3885
10027,10009,2497
10028,4266,3047
10029,10015,2279
10030,4080,3755
10031,2133,1281
10032,4479,4297
10033,5474,3208
10034,10012,5343
10035,4489,4426
10036,10021,10018
10037,2340,2138
10038,10025,5342
10039,10013,5115
10040,10017,4291
10041,10027,10022
10042,4797,3526
10043,3292,2118
10044,7281,4422
10045,6653,3539
10046,5695,5625
10047,10036,1315
10048,5241,4183
10049,10040,4154
10050,10029,5136
10051,10038,10033
10052,5411,3234
10053,10030,10019
10054,10035,4369
10055,9716,742
10056,8282,3686
10057,5806,2222
10058,4387,4204
10059,3650,2070
10060,10041,10034
10061,5834,5480
10062,10047,5907
10063,5331,1201
10064,5290,3920
10065,4429,3928
10066,10048,10031
10067,10050,4361
10068,5878,2387
10069,7331,1676
10070,10043,2464
10071,10051,7459
10072,4364,4355
10073,10020,3108
10074,2306,2243
10075,10037,8062
10076,10062,5011
10077,6932,4035
10078,10049,5364
10079,5425,4450
10080,10066,2074
10081,5325,2661
10082,2232,2051
10083,10039,10023
10084,10053,5153
10085,5298,3908
10086,10016,8233
10087,4033,2339
10088,5226,4185
10089,10042,6541
10090,4116,2559
10091,8128,901
10092,10056,2860
10093,5322,2443
10094,6979,6533
10095,10055,3110
10096,10078,2374
10097,10071,6621
10098,4382,4091
10099,10026,5421
10100,10067,1242
10101,1692,1013
10102,10044,4696
10103,4157,4120
10104,2662,1093
10105,10090,10080
10106,5508,3681
10107,4470,4317
10108,5199,3950
10109,4362,4327
10110,9823,5278
10111,10054,4818
10112,10077,10069
10113,5722,1073
10114,4036,3427
10115,6782,6718
10116,10028,541
10117,10097,10076
10118,6892,5580
10119,5374,3666
10120,10052,5919
10121,10060,4960
10122,4339,2378
10123,4197,3033
10124,10046,4752
10125,8068,7403
10126,10073,3530
10127,10064,3088
10128,10099,10092
10129,6453,3827
10130,7129,3095
10131,4964,3346
10132,10121,8188
10133,4473,4165
10134,5697,4087
10135,7026,477
10136,5024,3734
10137,10105,4584
10138,8308,4134
10139,10070,5767
10140,7702,4125
10141,4159,3192
10142,10091,10087
10143,10068,9646
10144,9858,4189
10145,10100,4233
10146,10132,10057
10147,10063,3689
10148,1096,390
10149,10117,3300
10150,10024,5652
10151,10061,714
10152,10110,10075
10153,10089,10045
10154,1131,815
10155,9618,2008
10156,8905,8831
10157,4492,4210
10158,10111,4088
10159,4436,4013
10160,4539,606
10161,10149,10102
10162,5461,3019
10163,5222,5062
10164,9672,4897
10165,10106,4280
10166,10119,5100
10167,10112,2487
10168,5369,2103
10169,4270,1951
10170,3068,3036
10171,3377,2466
10172,5936,5388
10173,10086,1544
10174,6955,6589
10175,10146,5473
10176,10142,10137
10177,8170,3203
10178,3319,3259
10179,7047,5149
10180,10081,8353
10181,4599,658
10182,3205,1968
10183,10136,8399
10184,10135,6639
10185,10096,4378
10186,10101,1537
10187,5545,1742
10188,1661,722
10189,7323,5918
10190,2781,1188
10191,10079,1857
10192,10175,4181
10193,10125,10058
10194,7206,5715
10195,7829,6994
10196,10140,10093
10197,6320,2328
10198,10155,10095
10199,5657,3860
10200,10059,2978
10201,3698,3555
10202,6912,5148
10203,5631,5043
10204,10116,10065
10205,10184,10074
10206,5333,5203
10207,10145,433
10208,10165,2564
10209,3448,1144
10210,5281,3763
10211,5884,2420
10212,10187,10157
10213,3496,3290
10214,10192,8348
10215,9889,4272
10216,5197,3606
10217,10129,3712
10218,1892,1154
10219,10176,6294
10220,10130,2895
10221,7238,2430
10222,3153,1177
10223,10166,3212
10224,4192,1357
10225,10084,3260
10226,10204,8162
10227,10200,10143
10228,10158,3998
10229,4608,4262
10230,3183,3004
10231,4170,4047
10232,7601,4007
10233,10193,2816
10234,2760,579
10235,10179,10152
10236,6965,6748
10237,5540,96
10238,5292,2847
10239,10083,4142
10240,10109,4435
10241,10162,4353
10242,6949,220
10243,10127,5686
10244,5876,5565
10245,10150,10113
10246,10126,10098
10247,9891,3348
10248,10107,3459
10249,3332,2176
10250,8968,4393
10251,5285,2680
10252,2685,1890
10253,6665,6645
10254,4890,4525
10255,10191,10032
10256,10219,10144
10257,10167,1037
10258,10207,6493
10259,10232,4083
10260,6900,5787
10261,10134,4175
10262,8120,3074
10263,10133,4151
10264,4147,1523
10265,10171,10139
10266,10202,3914
10267,4461,3610
10268,1098,540
10269,9800,9675
10270,8207,4354
10271,8451,5466
10272,9928,9900
10273,10147,3954
10274,10120,7151
10275,10124,5820
10276,10153,10138
10277,10224,1087
10278,10228,3645
10279,10169,94
10280,7723,7715
10281,10208,10123
10282,10104,5856
10283,10225,5133
10284,10173,8461
10285,1150,1062
10286,10072,8909
10287,4122,3098
10288,10245,10214
10289,10172,10103
10290,10205,10181
10291,10185,33
10292,10239,4228
10293,10186,2149
10294,3279,3015
10295,10223,5345
10296,9772,2273
10297,3244,2286
10298,6925,6805
10299,3624,3469
10300,5491,3529
10301,10235,10161
10302,3856,3285
10303,10213,10156
10304,10266,10256
10305,1757,1649
10306,4784,4628
10307,9965,2368
10308,7560,3691
10309,10258,10151
10310,5723,3298
10311,4679,4012
10312,10108,872
10313,10177,3023
10314,7863,3986
10315,6970,6565
10316,10188,501
10317,10282,8174
10318,9745,3269
10319,5205,3943
10320,8080,4612
10321,10212,3622
10322,3365,3310
10323,10085,3057
10324,4070,3051
10325,2259,1657
10326,5401,3805
10327,10211,2317
10328,10227,10122
10329,5576,150
10330,8546,7300
10331,10128,6684
10332,7489,6764
10333,10190,8082
10334,10118,3846
10335,7561,876
10336,5386,2011
10337,8052,4974
10338,10284,10273
10339,10226,5267
10340,10243,3146
10341,7037,3136
10342,3561,2727
10343,10131,3768
10344,5453,4113
10345,4410,4230
10346,10257,762
10347,10291,10247
10348,4326,3970
10349,4314,1557
10350,5262,4344
10351,4315,3711
10352,10094,6747
10353,4200,2071
10354,2218,1022
10355,10277,10114
10356,5360,2056
10357,3966,3922
10358,10160,9564
10359,6807,6605
10360,10170,8954
10361,5042,1325
10362,10148,1423
10363,4392,4368
10364,8842,1039
10365,10304,4751
10366,10278,4056
10367,4260,740
10368,10290,10198
10369,7356,3202
10370,3229,2542
10371,9387,7224
10372,10259,2439
10373,7542,5762
10374,10210,4308
10375,10154,9778
10376,8776,4866
10377,3354,3122
10378,10220,5449
10379,1647,712
10380,10283,10261
10381,5584,1342
10382,10241,47
10383,10288,10196
10384,10268,1497
10385,10358,10309
10386,10183,8027
10387,9623,4630
10388,4476,3403
10389,6701,6678
10390,5874,5253
10391,10248,8304
10392,10346,2314
10393,10233,4979
10394,8192,5097
10395,7497,7309
10396,6713,6552
10397,10293,8494
10398,8263,4302
10399,5525,2099
10400,4636,4051
10401,10355,10301
10402,7615,3049
10403,10279,9555
10404,10339,796
10405,2255,2174
10406,6717,2047
10407,10368,10164
10408,10365,1504
10409,10313,4180
10410,8343,4613
10411,8196,4037
10412,10276,8681
10413,3814,2097
10414,10363,4360
10415,9722,1439
10416,4945,4400
10417,10345,10159
10418,8581,6901
10419,10194,3707
10420,10246,5740
10421,2331,2302
10422,10221,2287
10423,10286,7054
10424,8019,7604
10425,5274,4375
10426,7088,2192
10427,10328,3971
10428,9918,8426
10429,10321,1107
10430,8491,4986
10431,10341,508
10432,10360,4462
10433,3100,2094
10434,10408,10299
10435,8245,983
10436,10298,10260
10437,1275,1082
10438,10353,7292
10439,3648,734
10440,1870,1562
10441,10329,10281
10442,10238,1283
10443,8380,1297
10444,8571,4011
10445,5858,5764
10446,10285,4766
10447,10423,10296
10448,10401,10338
10449,4373,2108
10450,6846,6797
10451,10403,10189
10452,10178,4241
10453,10385,9970
10454,10383,10366
10455,10222,8262
10456,10397,808
10457,805,635
10458,5450,3513
10459,5927,5799
10460,6549,449
10461,1417,1141
10462,5981,5948
10463,10314,5317
10464,10267,3601
10465,5270,4118
10466,10292,3899
10467,10141,2352
10468,8012,3506
10469,10197,8202
10470,10351,4269
10471,10340,2256
10472,10317,1164
10473,10270,3257
10474,10409,10295
10475,10349,1425
10476,10265,10230
10477,10382,3717
10478,5235,2711
10479,10312,3276
10480,10369,5844
10481,10392,1337
10482,9818,743
10483,6954,6759
10484,6524,6518
10485,10199,10182
10486,10432,10289
10487,10372,1704
10488,3884,2877
10489,8158,5175
10490,10429,10333
10491,5930,2438
10492,10388,3961
10493,9807,9557
10494,3900,2007
10495,10374,10337
10496,8280,5261
10497,10303,1894
10498,10362,8821
10499,10420,10310
10500,5572,5096
10501,7136,7013
10502,9721,7137
10503,4077,2193
10504,10334,7056
10505,10454,10386
10506,9741,7334
10507,7544,7505
10508,10448,10391
10509,5180,5006
10510,10209,3193
10511,5202,3919
10512,10320,3064
10513,10218,2849
10514,4408,1784
10515,8084,3629
10516,4914,3254
10517,10434,9991
10518,5288,1367
10519,10255,1926
10520,10216,5469
10521,10441,1434
10522,10331,10215
10523,10381,963
10524,4754,53
10525,6660,2181
10526,8502,1251
10527,10517,3164
10528,8349,4481
10529,7426,135
10530,10417,10347
10531,10378,2371
10532,10487,10300
10533,10427,10231
10534,10350,4111
10535,6924,1084
10536,8743,8697
10537,5913,2477
10538,10344,2015
10539,7305,660
10540,9777,5073
10541,10393,8807
10542,10264,10252
10543,2057,511
10544,10180,987
10545,10307,975
10546,10456,856
10547,10297,2379
10548,1368,1311
10549,10404,8687
10550,10326,3022
10551,5404,5209
10552,9508,4992
10553,7622,1529
10554,10306,4529
10555,9812,1815
10556,10527,10494
10557,5182,3457
10558,9969,5118
10559,10467,5488
10560,10426,7370
10561,10488,5407
10562,4588,4553
10563,10237,2107
10564,4891,4441
10565,10453,8480
10566,10421,8895
10567,3820,2391
10568,3982,2264
10569,10481,10455
10570,10419,3799
10571,8091,3695
10572,10476,10471
10573,4917,1291
10574,1329,874
10575,10556,10082
10576,5376,3185
10577,8189,4131
10578,2712,1137
10579,10410,5166
10580,8627,1546
10581,4535,3094
10582,7563,2082
10583,10311,4380
10584,10400,1838
10585,1965,906
10586,10495,4881
10587,10541,10430
10588,10508,10439
10589,3972,3600
10590,10521,3785
10591,10446,9373
10592,10275,5747
10593,7568,1675
10594,2060,1591
10595,10398,5286
10596,10549,8990
10597,10327,2136
10598,7298,7179
10599,6836,6785
10600,10490,1914
10601,979,626
10602,10316,8798
10603,10380,2572
10604,10399,8381
10605,10428,4950
10606,10274,1747
10607,3625,74
10608,10462,7218
10609,10387,10342
10610,10206,5077
10611,10512,10505
10612,5478,5375
10613,8265,3029
10614,10250,9700
10615,10472,553
10616,5414,5391
10617,4100,1772
10618,10364,3854
10619,3189,2294
10620,10168,6780
10621,10412,6801
10622,10596,10367
10623,9789,1489
10624,8466,5240
10625,10497,8565
10626,10415,2679
10627,1125,510
10628,10373,7759
10629,10546,7607
10630,10088,3959
10631,10442,3297
10632,4039,2327
10633,10348,79
10634,7254,2085
10635,2282,2091
10636,10305,7749
10637,10402,1881
10638,10606,10302
10639,10591,10493
10640,10240,5090
10641,10572,10491
10642,10384,10375
10643,10565,5170
10644,9947,8969
10645,3770,3674
10646,3187,1101
10647,10406,6765
10648,5214,5050
10649,10586,10582
10650,6703,6686
10651,10217,5872
10652,8095,497
10653,10530,10433
10654,10330,8664
10655,10592,10504
10656,10477,5020
10657,5373,4010
10658,10461,10354
10659,8157,7286
10660,10435,10287
10661,10649,5779
10662,6677,5553
10663,7264,7048
10664,10463,3991
10665,10324,7125
10666,5059,3670
10667,4250,4060
10668,10482,9579
10669,5495,4123
10670,5427,1708
10671,9827,4138
10672,10604,2035
10673,7717,2404
10674,10597,10533
10675,10319,9984
10676,10539,2199
10677,10447,2280
10678,10361,1619
10679,10407,9641
10680,3246,1908
10681,9872,9636
10682,10425,124
10683,10562,4199
10684,9797,8221
10685,10519,10474
10686,1536,363
10687,10526,204
10688,9779,4009
10689,7338,5171
10690,3184,1868
10691,10630,9630
10692,8324,4093
10693,10371,7431
10694,8415,1079
10695,10590,1666
10696,10203,4433
10697,10580,7822
10698,10588,814
10699,7143,5651
10700,10603,8919
10701,10469,6711
10702,10470,1626
10703,5512,3255
10704,5559,1020
10705,10622,10458
10706,2753,1825
10707,10466,4420
10708,10263,4191
10709,10643,9616
10710,7361,2375
10711,10625,10431
10712,10195,4676
10713,4050,3708
10714,10523,10451
10715,1566,1265
10716,10531,3311
10717,10379,605
10718,10611,10551
10719,923,41
10720,10656,10323
10721,7844,2480
10722,10343,3819
10723,10679,10513
10724,10629,662
10725,10532,4671
10726,10653,10564
10727,7821,5076
10728,10573,7455
10729,7357,2580
10730,8310,4285
10731,10621,10253
10732,5217,2467
10733,10557,1029
10734,10498,8344
10735,6858,2360
10736,10718,10641
10737,4604,3429
10738,10418,3762
10739,4105,3984
10740,5422,4231
10741,10422,5272
10742,10163,8140
10743,10587,2164
10744,10700,8077
10745,10542,2550
10746,10514,1433
10747,6758,2582
10748,10575,9359
10749,5245,2332
10750,10271,5957
10751,10674,2308
10752,10702,10254
10753,10724,735
10754,10698,10682
10755,3374,3073
10756,10516,3431
10757,10695,904
10758,10335,8247
10759,10440,1645
10760,4066,1224
10761,10485,3837
10762,8190,4092
10763,10473,7790
10764,9735,5398
10765,5811,5489
10766,6338,739
10767,10445,610
10768,4063,4054
10769,10438,10318
10770,6664,6526
10771,859,746
10772,10709,10642
10773,10414,2301
10774,10678,2380
10775,9853,5601
10776,10618,10529
10777,7452,7289
10778,8316,5780
10779,10631,10602
10780,6966,6896
10781,2244,2233
10782,10725,10705
10783,10229,4632
10784,9865,548
10785,10720,10356
10786,3222,3084
10787,10201,4043
10788,7190,199
10789,10543,1338
10790,10623,10413
10791,1786,1606
10792,7062,1220
10793,10492,4720
10794,4877,2917
10795,5675,5624
10796,10757,1861
10797,10570,1033
10798,1596,521
10799,4119,3173
10800,10522,5230
10801,6714,5793
10802,10615,10601
10803,10683,10486
10804,8856,3565
10805,6945,6817
10806,5683,4089
10807,10758,10744
10808,10376,4173
10809,10708,4416
10810,2366,2084
10811,8018,5629
10812,10754,6046
10813,10736,10600
10814,10499,1984
10815,10272,2361
10816,3547,2335
10817,1334,1272
10818,9971,9726
10819,7815,3480
10820,10796,10716
10821,10638,10444
10822,5943,5771
10823,10569,9652
10824,9749,5211
10825,10502,9684
10826,9950,1766
10827,8376,4727
10828,10559,7046
10829,10812,10589
10830,9613,1052
10831,3709,1991
10832,7483,7376
10833,7732,4706
10834,10677,10518
10835,10443,4954
10836,10475,1513
10837,10731,117
10838,10751,5564
10839,5468,3221
10840,7857,7814
10841,10280,7124
10842,6661,1347
10843,10772,10743
10844,4865,4058
10845,10745,10571
10846,8844,3312
10847,10608,5883
10848,10829,8156
10849,8610,5357
10850,10634,2912
10851,10712,10568
10852,4216,1734
10853,8713,4015
10854,10553,8436
10855,7892,7171
10856,10685,1928
10857,9848,3009
10858,10308,8043
10859,10761,3657
10860,6256,2234
10861,3793,562
10862,10848,10647
10863,10566,2408
10864,4190,777
10865,10644,4168
10866,10723,10544
10867,10234,3165
10868,10750,10520
10869,5677,2189
10870,3307,1083
10871,10620,10584
10872,10838,10726
10873,3440,3243
10874,1180,748
10875,5256,3504
10876,10828,10617
10877,5340,5151
10878,10793,5886
10879,10714,2436
10880,10003,8534
10881,7789,3488
10882,3447,3391
10883,7970,4137
10884,9843,4383
10885,8516,3664
10886,10115,6933
10887,10823,2010
10888,4044,3495
10889,2260,2104
10890,5661,1793
10891,10832,7316
10892,7907,7906
10893,5821,2266
10894,8911,3821
10895,10637,10561
10896,8072,1305
10897,10676,10370
10898,5838,1589
10899,9768,8016
10900,1496,1016
10901,4014,1308
10902,10800,10660
10903,10465,10452
10904,10887,10776
10905,10742,3509
10906,5014,3273
10907,7570,1592
10908,10860,10701
10909,1481,353
10910,7408,4020
10911,5785,1295
10912,2393,2337
10913,865,781
10914,10741,877
10915,8714,4474
10916,5165,5109
10917,5354,167
10918,1446,1018
10919,9079,7146
10920,6619,6511
10921,6038,3043
10922,10814,10545
10923,10820,10579
10924,2637,2088
10925,6564,3902
10926,10803,1503
10927,10633,8770
10928,10834,5242
10929,10607,10249
10930,10710,4316
10931,3283,2570
10932,10782,10670
10933,10843,10605
10934,10479,3464
10935,10862,7344
10936,4072,3947
10937,4654,4106
10938,10496,5492
10939,10540,9987
10940,3441,246
10941,5125,3198
10942,7911,2276
10943,8867,4764
10944,10244,5727
10945,7362,7102
10946,10640,3744
10947,2507,2202
10948,10748,10614
10949,10657,799
10950,8372,500
10951,9916,1422
10952,10691,7903
10953,10534,1567
10954,10703,10567
10955,10815,1415
10956,10424,7979
10957,8382,4074
10958,5794,3178
10959,10935,10595
10960,8387,5368
10961,10822,10468
10962,9464,5248
10963,4318,2988
10964,10664,7805
10965,10824,3286
10966,7474,4836
10967,10478,988
10968,3909,3510
10969,3415,3402
10970,5027,4370
10971,10802,10627
10972,10574,12
10973,5066,4108
10974,10768,4449
10975,4146,3101
10976,9126,2170
10977,10525,5995
10978,10577,9979
10979,5934,1840
10980,10928,527
10981,10946,10510
10982,10866,10668
10983,10783,627
10984,10861,3642
10985,10325,8155
10986,4454,1411
10987,4329,2081
10988,7446,7096
10989,10719,5455
10990,7967,880
10991,10752,803
10992,4256,4236
10993,10948,8752
10994,4279,2530
10995,7368,7250
10996,10813,10661
10997,10807,3592
10998,10914,2844
10999,10959,10753
11000,4796,3236
11001,4464,1126
11002,10690,8173
11003,10651,2112
11004,7724,4482
11005,389,20
11006,10722,4736
11007,10687,2472
11008,4480,3356
11009,10626,9862
11010,10958,10680
11011,10686,2868
11012,5052,4143
11013,4969,542
11014,10515,5120
11015,10770,6506
11016,10854,7985
11017,10779,10548
11018,10645,4718
11019,3366,2476
11020,9188,9128
11021,9776,4941
11022,5181,4158
11023,4076,3769
11024,7575,3128
11025,10821,3492
11026,9617,4188
11027,10563,6137
11028,5254,565
11029,5441,914
11030,5470,5004
11031,10933,940
11032,5949,1187
11033,5220,5012
11034,6041,909
11035,10500,2039
11036,10921,10696
11037,10646,3213
11038,10650,6907
11039,4857,4763
11040,5162,759
11041,10665,4922
11042,5445,3550
11043,10986,4117
11044,5685,5606
11045,2129,151
11046,10632,4115
11047,8470,5500
11048,10902,10769
11049,10484,7417
11050,6903,6847
11051,10733,3590
11052,7169,6706
11053,5994,1707
11054,7923,4224
11055,10809,10707
11056,10981,4440
11057,10789,1782
11058,10876,10778
11059,10775,10684
11060,10962,4438
11061,7001,1382
11062,409,207
11063,3540,1602
11064,7424,3103
11065,10835,1333
11066,9088,2297
11067,4298,3742
11068,1829,776
11069,10662,10628
11070,2534,1631
11071,10675,2511
11072,10436,7410
11073,8241,5083
11074,1560,286
11075,10923,659
11076,10269,9624
11077,11006,4040
11078,3596,2886
11079,10648,4430
11080,10996,5778
11081,8209,1132
11082,9518,2911
11083,5991,2162
11084,4246,1195
11085,2945,2536
11086,10756,10547
11087,10735,10509
11088,7284,3462
11089,10464,4082
11090,10734,215
11091,10852,5147
11092,10927,8825
11093,9963,4697
11094,10711,1111
11095,5448,5438
11096,3967,2457
11097,10609,1658
11098,10671,620
11099,10897,3743
11100,10993,7450
11101,10831,10535
11102,4485,3413
11103,5007,750
11104,6837,6633
11105,10997,10859
11106,1426,761
11107,10926,5552
11108,10842,3382
11109,10663,6744
11110,10639,1904
11111,10872,5099
11112,11075,10895
11113,4455,1646
11114,9516,5056
11115,10697,2160
11116,9830,7092
11117,5818,5803
11118,10583,3753
11119,10394,4444
11120,993,765
11121,10893,10251
11122,7929,4301
11123,8432,2743
11124,8758,7310
11125,3373,2584
11126,936,219
11127,4893,2555
11128,11018,10799
11129,10806,10483
11130,10785,5679
11131,5346,3052
11132,10739,683
11133,11100,10681
11134,10624,2621
11135,5143,4095
11136,10773,10672
11137,10999,10954
11138,10480,594
11139,10797,10503
11140,9874,6672
11141,10585,9813
11142,10930,2432
11143,10749,10688
11144,11080,10336
11145,10763,804
11146,4141,2155
11147,10855,10654
11148,4972,4577
11149,1091,902
11150,4681,1400
11151,9810,3690
11152,4561,1924
11153,5554,2105
11154,5289,4102
11155,10953,4286
11156,11025,1821
11157,10879,5911
11158,10771,935
11159,10844,5591
11160,10856,10489
11161,1778,1349
11162,10598,5504
11163,10790,1114
11164,9578,5746
11165,11058,10898
11166,10699,8116
11167,888,868
11168,10581,3087
11169,10847,2326
11170,6560,6504
11171,10939,7915
11172,10816,4187
11173,10550,2583
11174,3904,3079
11175,10764,4835
11176,10713,3578
11177,9603,2842
11178,10729,4675
11179,10808,3340
11180,10988,10332
11181,10652,5302
11182,10801,10693
11183,5304,5172
11184,5929,1885
11185,7479,2602
11186,11016,10951
11187,10658,10437
11188,10692,8293
11189,10655,1353
11190,10947,9648
11191,9705,9541
11192,10610,2454
11193,3384,287
11194,5121,3835
11195,1603,524
11196,10416,4026
11197,10971,10904
11198,7775,2643
11199,6658,2034
11200,10396,6931
11201,10943,6891
11202,5279,1856
11203,8851,8602
11204,10980,10874
11205,5452,5001
11206,11065,4695
11207,7383,7253
11208,11036,8264
11209,5456,736
11210,11107,4094
11211,10740,10732
11212,11133,10889
11213,3127,2686
11214,7351,6194
11215,7204,7180
11216,8232,2006
11217,11031,10865
11218,8391,3077
11219,9861,7159
11220,11048,3400
11221,10905,10616
11222,10922,3470
11223,10537,5708
11224,9582,4101
11225,10717,5224
11226,11090,5472
11227,10798,10706
11228,11063,7321
11229,1577,1035
11230,11144,10727
11231,2999,1328
11232,5106,3615
11233,11157,10721
11234,10851,3882
11235,10636,5966
11236,3653,3083
11237,8863,5327
11238,1599,873
11239,4767,4717
11240,11112,10804
11241,11041,825
11242,10578,4537
11243,10746,9982
11244,7613,2343
11245,9635,4457
11246,2523,2510
11247,11210,10836
11248,8420,1774
11249,11147,8795
11250,8754,5699
11251,4112,1239
11252,4177,3751
11253,9932,2068
11254,11069,9135
11255,7234,3633
11256,4413,2353
11257,11055,10511
11258,7704,5731
11259,10322,4699
11260,7499,7127
11261,10894,3824
11262,11027,5894
11263,10910,10841
11264,11230,11220
11265,10903,4715
11266,11137,11087
11267,6292,749
11268,8837,4391
11269,11165,3931
11270,11077,4163
11271,789,517
11272,10765,4182
11273,10536,1579
11274,5349,3210
11275,11212,10857
11276,4399,4126
11277,5852,4372
11278,3554,1777
11279,10864,10774
11280,6680,1737
11281,11044,10944
11282,10967,3299
11283,10934,10737
11284,3958,97
11285,11130,10873
11286,7746,7714
11287,10858,4284
11288,11086,1386
11289,10998,10884
11290,10242,490
11291,11051,5447
11292,5462,3472
11293,11118,3826
11294,10892,3671
11295,10555,1478
11296,10780,6724
11297,10659,7598
11298,4902,892
11299,11160,3898
11300,11145,2548
11301,10918,1321
11302,10982,9917
11303,7003,6985
11304,1834,251
11305,4305,4282
11306,10932,10759
11307,11001,1693
11308,5518,2508
11309,5123,3868
11310,7439,5696
11311,1925,1810
11312,11110,9912
11313,10896,8976
11314,9967,9501
11315,10924,2300
11316,5194,3818
11317,9725,1552
11318,9775,1076
11319,11275,11149
11320,7277,6827
11321,10704,6344
11322,11222,5739
11323,11282,11017
11324,4919,875
11325,5383,1304
11326,10919,7686
11327,11105,10868
11328,11239,4738
11329,8086,1655
11330,4686,4666
11331,11209,972
11332,11197,1613
11333,7478,7405
11334,11156,43
11335,10554,7913
11336,2310,1379
11337,11101,10837
11338,11306,11115
11339,1068,793
11340,11300,561
11341,9560,5440
11342,10978,4351
11343,11083,10863
11344,10976,8218
11345,7839,3761
11346,11126,1391
11347,4705,4536
11348,4004,401
11349,5983,2344
11350,8330,3910
11351,11266,9595
11352,11153,10593
11353,10791,915
11354,9038,3626
11355,10950,5534
11356,8177,8090
11357,10552,1739
11358,11142,8419
11359,8450,2638
11360,9659,3345
11361,7492,7267
11362,10890,10669
11363,8529,4498
11364,10619,9614
11365,11189,2388
11366,10826,982
11367,11094,10811
11368,11242,11217
11369,11155,4263
11370,7578,1473
11371,10262,518
11372,11057,5102
11373,4484,1956
11374,4324,3018
11375,7900,7438
11376,10992,7994
11377,4734,3407
11378,6855,5769
11379,5566,2258
11380,11351,11247
11381,11327,11002
11382,11040,9590
11383,1398,1161
11384,9639,1510
11385,10984,1492
11386,10795,1502
11387,2825,2318
11388,4642,4578
11389,10781,7626
11390,11163,10957
11391,10849,8590
11392,11368,9802
11393,6980,6592
11394,11302,9697
11395,7858,3806
11396,10900,5443
11397,10788,413
11398,10929,3845
11399,11241,10673
11400,4031,1233
11401,11173,9907
11402,7386,77
11403,8438,848
11404,9804,5359
11405,5849,5602
11406,11111,6216
11407,398,367
11408,11138,7396
11409,11308,2967
11410,6784,6727
11411,4283,3500
11412,3294,1615
11413,11158,10983
11414,7447,5689
11415,1247,790
11416,10878,1457
11417,4128,3574
11418,10964,10869
11419,11406,11132
11420,7271,3162
11421,10952,7269
11422,10911,5502
11423,11322,11272
11424,8384,3137
11425,9704,9612
11426,10792,10613
11427,11338,8275
11428,11139,9868
11429,7007,3050
11430,11171,6705
11431,11321,10955
11432,11128,3456
11433,11064,10987
11434,11194,694
11435,10352,6959
11436,11032,10594
11437,11208,2676
11438,10916,4335
11439,11043,4005
11440,11312,5294
11441,5190,4226
11442,8708,2130
11443,4803,4611
11444,11371,1625
11445,4985,4583
11446,8630,5237
11447,11204,11099
11448,11218,10576
11449,2565,354
11450,11240,10845
11451,7168,4658
11452,10961,10818
11453,11200,6799
11454,9930,4288
11455,9976,1654
11456,11299,7225
11457,2357,2245
11458,3764,1209
11459,11091,10985
11460,11339,2632
11461,894,531
11462,9847,1388
11463,11427,641
11464,5592,1586
11465,11287,10991
11466,11146,4590
11467,11319,8937
11468,11328,10524
11469,1605,974
11470,11259,10949
11471,11190,2522
11472,5135,3834
11473,11084,9798
11474,11169,1041
11475,253,112
11476,3831,3225
11477,11288,11232
11478,10747,6922
11479,10817,8830
11480,11394,10728
11481,10760,671
11482,11423,4099
11483,7466,7142
11484,3887,1609
11485,11336,10784
11486,11257,4150
11487,8065,5029
11488,10538,7265
11489,10395,4293
11490,11152,4693
11491,3735,2635
11492,8935,429
11493,11450,11010
11494,2514,1746
11495,8108,3228
11496,10766,5718
11497,11447,11269
11498,10920,4237
11499,11251,8049
11500,10867,8035
11501,11337,11140
11502,11109,10501
11503,10599,10359
11504,10908,8782
11505,8952,5233
11506,7444,5945
11507,3995,2169
11508,11026,8575
11509,11122,3536
11510,10973,1292
11511,11369,4098
11512,5618,3360
11513,10612,3996
11514,3544,2072
11515,11380,812
11516,2820,1976
11517,5035,1032
11518,10390,5701
11519,11108,4502
11520,7005,2143
11521,7038,6857
11522,11456,11273
11523,10805,8993
11524,11161,1133
11525,4670,371
11526,10635,2023
11527,11003,8290
11528,11332,1816
11529,10767,5864
11530,9027,8385
11531,2827,2206
11532,7642,4813
11533,7097,1463
11534,11046,2955
11535,4830,4439
11536,11278,7981
11537,7239,4421
11538,11213,629
11539,11443,4757
11540,11419,11384
11541,11391,9393
11542,11365,5931
11543,10730,3309
11544,11463,780
11545,6834,6674
11546,11392,791
11547,7652,4294
11548,10912,2096
11549,10931,7409
11550,8346,4909
11551,11367,5266
11552,4585,1441
11553,10689,8635
11554,11187,5877
11555,8551,7247
11556,6894,6756
11557,11215,763
11558,11176,4079
11559,11416,11081
11560,7258,3170
11561,11178,7639
11562,11515,7877
11563,5513,2667
11564,10871,933
11565,10972,1375
11566,5851,860
11567,8032,5869
11568,11150,5405
11569,11097,7089
11570,11528,11106
11571,11323,706
11572,11276,3836
11573,11372,1097
11574,7484,7295
11575,7869,6498
11576,11009,1471
11577,11085,879
11578,3080,1299
11579,3385,1994
11580,11264,7943
11581,5975,1718
11582,3329,2721
11583,7513,3877
11584,5648,2866
11585,11284,8433
11586,10886,6760
11587,11234,10915
11588,11047,1168
11589,11473,11127
11590,11540,11151
11591,4371,2372
11592,8787,1320
11593,7100,1710
11594,2018,1429
11595,11262,11233
11596,2880,1913
11597,11546,11467
11598,11068,10830
11599,8430,8427
11600,8880,3314
11601,11289,11034
11602,11226,10840
11603,5802,2120
11604,11562,10875
11605,11522,11324
11606,6899,37
11607,6757,3514
11608,11544,11340
11609,4733,4008
11610,11588,686
11611,11523,11049
11612,5324,3694
11613,4581,73
11614,11421,10877
11615,4959,4310
11616,4184,3046
11617,8259,928
11618,11119,5195
11619,3395,3197
11620,8511,344
11621,4640,1963
11622,11013,866
11623,5807,4549
11624,11172,2509
11625,11059,10833
11626,10906,2938
11627,2292,699
11628,11570,1264
11629,11035,10960
11630,11552,5636
11631,11028,5284
11632,4300,4025
11633,11294,4593
11634,11418,11117
11635,11237,11167
11636,11580,5019
11637,5403,4793
11638,11022,10963
11639,8994,3306
11640,4442,3035
11641,7033,7028
11642,5212,5104
11643,2750,2742
11644,11254,11092
11645,11304,1217
11646,5356,370
11647,8315,1681
11648,10917,862
11649,3024,1403
11650,3582,2665
11651,11325,598
11652,1979,1677
11653,5434,3896
11654,11014,5009
11655,9604,5016
11656,4034,3580
11657,10945,236
11658,11205,10827
11659,11381,5575
11660,7325,778
11661,11399,11245
11662,11389,9254
11663,6689,5790
11664,5598,824
11665,5889,5810
11666,4252,3575
11667,11437,103
11668,11166,5777
11669,9708,2620
11670,11082,5467
11671,6376,6295
11672,11326,1903
11673,10755,7365
11674,3773,3740
11675,5617,1498
11676,9323,1886
11677,7082,580
11678,11037,5054
11679,11196,7694
11680,4641,2731
11681,11007,2200
11682,392,368
11683,11079,5511
11684,11636,11465
11685,11604,11243
11686,11430,11428
11687,8226,171
11688,2247,715
11689,8840,3675
11690,10870,3090
11691,6270,5684
11692,11571,1505
11693,11553,6177
11694,11182,7369
11695,11527,4245
11696,10891,1871
11697,11225,10990
11698,6792,4475
11699,11436,1736
11700,3452,2646
11701,4160,3231
11702,6733,6624
11703,11249,8537
11704,4876,3964
11705,3859,530
11706,11270,942
11707,11474,5964
11708,11628,11383
11709,11253,1706
11710,11396,4710
11711,8431,1876
11712,10560,622
11713,7804,7692
11714,11590,10979
11715,11625,8618
11716,11595,7792
11717,8572,2494
11718,5751,5703
11719,10357,5830
11720,11481,5548
11721,11480,1390
11722,11605,8407
11723,5960,5688
11724,7345,3172
11725,4565,3479
11726,5384,2792
11727,10970,2687
11728,11426,10786
11729,7202,6557
11730,11285,5479
11731,11440,11309
11732,3227,3056
11733,11526,2669
11734,11283,637
11735,11141,698
11736,11121,5599
11737,4206,3775
11738,6916,5925
11739,3985,3072
11740,8874,1833
11741,11185,11088
11742,11575,2491
11743,11539,11148
11744,2450,1064
11745,8134,168
11746,10882,4021
11747,11699,1966
11748,5813,4349
11749,2303,918
11750,8646,4895
11751,11012,9605
11752,11206,10989
11753,11692,11344
11754,11295,237
11755,11244,10907
11756,11071,9656
11757,4041,3960
11758,11129,11000
11759,11263,9937
11760,11504,9908
11761,11448,2185
11762,11634,11386
11763,11602,11390
11764,11659,11654
11765,11608,11431
11766,11564,4742
11767,8917,7155
11768,11280,3131
11769,11434,756
11770,2757,1108
11771,11164,11073
11772,7798,2069
11773,11708,846
11774,11143,2270
11775,4352,4065
11776,903,891
11777,5420,2485
11778,11489,3669
11779,11029,539
11780,10968,5126
11781,11202,8023
11782,5412,3912
11783,11221,3706
11784,11211,3148
11785,11024,9580
11786,11684,11352
11787,2943,2836
11788,5387,1952
11789,11601,11413
11790,8579,2370
11791,11363,11179
11792,11357,10969
11793,11271,984
11794,1230,1028
11795,11578,6409
11796,2634,2134
11797,11511,10528
11798,11045,2183
11799,11497,604
11800,11569,2840
11801,11334,8573
11802,11493,11114
11803,11054,8756
11804,11330,9345
11805,9856,9553
11806,11596,5586
11807,10853,8824
11808,3002,1384
11809,6693,6635
11810,11678,11477
11811,4882,1250
11812,11600,7966
11813,11685,11554
11814,6908,6881
11815,11754,89
11816,11598,11227
11817,11662,11335
11818,11265,10888
11819,9211,7623
11820,11513,576
11821,11387,8223
11822,11706,11134
11823,7614,460
11824,11721,11175
11825,4929,4878
11826,10941,1917
11827,11313,11120
11828,11039,5423
11829,11398,11098
11830,10777,7243
11831,11714,11573
11832,410,138
11833,11136,3802
11834,11374,4508
11835,711,571
11836,7485,4490
11837,9880,8359
11838,11661,11519
11839,5379,4055
11840,8347,7989
11841,849,710
11842,10294,7993
11843,11669,11667
11844,7354,6862
11845,11773,11461
11846,5664,3169
11847,9601,9460
11848,10925,6943
11849,11529,5589
11850,4668,2240
11851,11551,5577
11852,7276,3258
11853,11159,5187
11854,10883,3347
11855,8042,5753
11856,4023,3855
11857,7128,6978
11858,11382,4587
11859,11074,1186
11860,11052,7433
11861,4320,3316
11862,10839,5555
11863,8959,5057
11864,3409,2947
11865,11455,5831
11866,11310,6992
11867,11831,6358
11868,11231,2116
11869,11700,7121
11870,11651,5277
11871,9852,3357
11872,7066,7006
11873,11471,7649
11874,11758,10694
11875,11764,4778
11876,11116,281
11877,11730,11192
11878,10936,4531
11879,9944,1628
11880,10738,6682
11881,10975,4939
11882,8252,115
11883,3011,3003
11884,11731,11597
11885,11195,8465
11886,8617,8585
11887,7077,5385
11888,11067,4560
11889,10899,10794
11890,2146,1689
11891,11865,1835
11892,11639,929
11893,11652,1008
11894,11015,5078
11895,11125,1883
11896,11354,878
11897,11274,3869
11898,2594,705
11899,11250,4350
11900,10715,1218
11901,11599,10405
11902,11587,11193
11903,10938,5939
11904,5429,5339
11905,7401,7034
11906,11433,10507
11907,6830,2313
11908,1585,1078
11909,11813,1306
11910,11720,11362
11911,8577,4244
11912,11333,6116
11913,7823,3322
11914,11867,11353
11915,6888,6608
11916,11315,601
11917,9668,7353
11918,7770,2412
11919,11753,5351
11920,10913,619
11921,11789,11346
11922,1322,719
11923,7737,7390
11924,8685,8508
11925,9258,5486
11926,7999,905
11927,10459,4067
11928,11478,11290
11929,10881,4755
11930,3218,2688
11931,7952,5107
11932,9809,8718
11933,11624,1878
11934,8889,3797
11935,11765,857
11936,11415,8738
11937,11186,1445
11938,11510,3948
11939,2493,1923
11940,11255,642
11941,11500,2540
11942,4826,1345
11943,11594,11462
11944,11555,1346
11945,11845,669
11946,8152,916
11947,7456,3369
11948,7896,591
11949,7274,6738
11950,11452,5326
11951,11214,1257
11952,11268,6897
11953,11668,11162
11954,11802,10965
11955,7939,3792
11956,11004,3483
11957,11810,3572
11958,11514,772
11959,5031,3435
11960,6832,6699
11961,11722,11293
11962,11716,1095
11963,11935,11425
11964,11914,11710
11965,11486,10460
11966,5888,5710
11967,11920,2933
11968,11534,1393
11969,2462,672
11970,6649,4425
11971,11824,11589
11972,11102,3405
11973,2161,520
11974,11292,7571
11975,8194,62
11976,6489,1601
11977,11875,11630
11978,7656,4591
11979,11851,8327
11980,9849,5899
11981,5145,504
11982,9887,7782
11983,11696,11401
11984,5204,3021
11985,11188,11089
11986,7131,2654
11987,11816,11485
11988,11909,11707
11989,11567,1691
11990,10850,8447
11991,7435,7242
11992,7895,1622
11993,10994,2385
11994,11963,1945
11995,11488,5535
11996,11228,1092
11997,11945,11688
11998,8658,4497
11999,8724,8647
12000,11549,10787
12001,11070,4977
12002,5146,4367
12003,11548,9948
12004,2016,924
12005,5956,5596
12006,1193,1006
12007,6109,1370
12008,11468,11103
12009,11736,7837
12010,11345,1758
12011,8623,8069
12012,3499,1831
12013,7418,3439
12014,8785,7976
12015,7170,6656
12016,11281,5906
12017,11201,11177
12018,11279,3372
12019,11961,11011
12020,11786,11409
12021,11679,4107
12022,11123,6990
12023,11873,11366
12024,11542,1372
12025,5670,5567
12026,11252,11174
12027,11388,2304
12028,11938,11385
12029,3041,1751
12030,11784,4823
12031,4749,3132
12032,6755,6546
12033,11096,4022
12034,5008,752
12035,11506,3839
12036,5350,4135
12037,11298,8225
12038,1109,586
12039,11738,11223
12040,11286,5700
12041,11076,7377
12042,11988,634
12043,11631,8365
12044,7462,1452
12045,11839,10901
12046,11512,11168
12047,9748,4198
12048,11113,10762
12049,4487,3956
12050,7496,7045
12051,11919,11620
12052,11677,5626
12053,11977,11432
12054,4078,3944
12055,11124,2414
12056,11858,11496
12057,6652,5026
12058,11613,11402
12059,10937,2405
12060,5750,2962
12061,11238,1709
12062,12020,10666
12063,4602,4273
12064,9152,4674
12065,11397,7375
12066,11766,11697
12067,11838,11459
12068,11922,11799
12069,8230,3630
12070,9187,3665
12071,11818,11614
12072,1135,792
12073,3849,3619
12074,11627,11343
12075,2954,2367
12076,12062,11482
12077,11131,11061
12078,11804,4737
12079,300,218
12080,6440,2223
12081,11964,1238
12082,10956,1002
12083,11749,11531
12084,11543,4331
12085,1884,1859
12086,11780,11184
12087,4703,2547
12088,11912,11694
12089,8363,7867
12090,11781,11235
12091,11767,7177
12092,11537,4381
12093,11822,11783
12094,11347,5773
12095,11404,4330
12096,11759,11712
12097,11317,9960
12098,9911,2644
12099,11971,11763
12100,11095,4239
12101,11303,9607
12102,1768,1204
12103,11479,9762
12104,6074,1050
12105,6853,6751
12106,11755,11715
12107,11509,2114
12108,11610,11379
12109,5053,4268
12110,11060,11056
12111,11021,10810
12112,8478,3825
12113,3588,1819
12114,11638,11256
12115,9877,7283
12116,11792,3875
12117,7641,2435
12118,8849,2364
12119,11835,9506
12120,11937,11884
12121,11950,2859
12122,12053,11954
12123,7699,6911
12124,5442,2040
12125,7766,2333
12126,1051,465
12127,11811,11019
12128,11023,3683
12129,1595,599
12130,9634,7530
12131,11267,1354
12132,11491,2759
12133,11342,11008
12134,9915,9631
12135,11795,8686
12136,6773,6625
12137,8483,1697
12138,9671,2601
12139,11586,11435
12140,11487,5678
12141,6305,6095
12142,11762,8058
12143,7558,5075
12144,11643,1119
12145,9791,9770
12146,12081,11997
12147,12042,11895
12148,9754,7349
12149,8654,8342
12150,6010,2150
12151,6626,883
12152,11800,11761
12153,2756,2423
12154,10449,4910
12155,11686,9621
12156,11216,3913
12157,9867,8507
12158,6663,6650
12159,4709,2832
12160,12120,11460
12161,11689,3923
12162,5909,2019
12163,12030,11373
12164,11395,1394
12165,11970,1548
12166,11843,8093
12167,11756,11576
12168,3631,2953
12169,3220,243
12170,11502,2064
12171,7718,5186
12172,9642,3858
12173,9150,3126
12174,11832,122
12175,11469,8490
12176,11672,2609
12177,11618,11307
12178,5538,1362
12179,7488,7385
12180,11995,11375
12181,11979,11801
12182,7241,5933
12183,11408,5846
12184,11524,4843
12185,12019,11757
12186,11645,1430
12187,12076,3027
12188,11881,1351
12189,3449,3334
12190,11921,11735
12191,11681,11451
12192,11466,5465
12193,11198,9910
12194,12147,7152
12195,3921,3895
12196,1855,1456
12197,12064,11878
12198,11501,170
12199,7232,7053
12200,11444,4894
12201,8933,8903
12202,7972,5691
12203,12087,11942
12204,8352,1508
12205,12066,4214
12206,3364,3061
12207,8636,4292
12208,12135,12068
12209,8370,964
12210,11734,11622
12211,8251,3387
12212,11593,2348
12213,11297,11261
12214,9682,5435
12215,10506,2167
12216,11957,11656
12217,5318,5234
12218,11990,11962
12219,5910,1466
12220,1072,1067
12221,12198,11928
12222,11772,5524
12223,9117,4689
12224,2296,784
12225,11833,11359
12226,3182,2641
12227,8788,8021
12228,11806,11329
12229,11568,503
12230,11994,5702
12231,11644,8773
12232,11660,3428
12233,2277,1110
12234,2465,2215
12235,10819,7794
12236,5358,547
12237,2837,1839
12238,3962,1312
12239,4849,3123
12240,11629,8099
12241,12230,11424
12242,10846,3634
12243,11695,11331
12244,12160,11946
12245,822,192
12246,11640,11291
12247,11642,11154
12248,3085,2546
12249,1860,1643
12250,11584,4394
12251,11429,7302
12252,7122,4924
12253,8555,2346
12254,11968,11771
12255,11592,1877
12256,11932,11709
12257,8890,7840
12258,12194,4814
12259,11812,8813
12260,9658,6470
12261,6329,3874
12262,12142,6178
12263,11862,11422
12264,12003,8212
12265,11973,1363
12266,12166,12035
12267,11236,4397
12268,9788,1437
12269,285,75
12270,11072,6679
12271,11752,11472
12272,11557,2946
12273,5712,5523
12274,11350,1660
12275,12244,12192
12276,11690,630
12277,11565,11530
12278,12208,11635
12279,11611,7493
12280,12051,4812
12281,12018,11733
12282,9379,4069
12283,231,107
12284,7363,3522
12285,8835,6420
12286,6723,6561
12287,11711,1714
12288,9021,6474
12289,3383,2148
12290,9437,5367
12291,4600,2139
12292,9057,9007
12293,11719,2220
12294,11030,5808
12295,11558,11135
12296,9600,9235
12297,12258,12028
12298,11999,11703
12299,11760,1279
12300,11348,1507
12301,11974,4688
12302,11774,11229
12303,8479,5980
12304,11880,8775
12305,2354,2025
12306,7467,7178
12307,3754,3336
12308,12163,11550
12309,11648,5711
12310,12241,2579
12311,9559,5660
12312,9737,4965
12313,12130,536
12314,9517,2673
12315,11740,10450
12316,4365,2897
12317,9988,1215
12318,7432,7400
12319,11400,6361
12320,4176,1824
12321,11933,716
12322,8206,4994
12323,7585,5032
12324,12216,12122
12325,11476,3527
12326,12280,12146
12327,9805,6835
12328,11820,8121
12329,2951,1226
12330,12278,744
12331,12271,11940
12332,10974,4389
12333,2557,2358
12334,4085,1912
12335,12000,9739
12336,11305,4802
12337,12231,11691
12338,11872,440
12339,7889,1750
12340,2714,2098
12341,2629,2455
12342,11498,6930
12343,1741,129
12344,7475,7114
12345,3987,2597
12346,11320,6562
12347,12177,5389
12348,8138,7249
12349,7072,3289
12350,11729,7173
12351,11885,7780
12352,12326,951
12353,7675,3918
12354,8781,4166
12355,9664,2705
12356,7949,1852
12357,11910,11621
12358,11798,4509
12359,11559,5720
12360,5297,1919
12361,7690,5168
12362,11532,4677
12363,11183,11066
12364,12023,9507
12365,3781,280
12366,11863,11617
12367,12200,5161
12368,11996,1409
12369,11606,8580
12370,11779,572
12371,6328,4295
12372,11788,896
12373,12069,4477
12374,7836,4472
12375,12065,11850
12376,5961,4839
12377,11901,7480
12378,9955,118
12379,6049,1282
12380,12262,12067
12381,12074,11675
12382,7262,6503
12383,11886,5185
12384,7891,142
12385,12083,7161
12386,11492,11449
12387,5863,5759
12388,12310,12297
12389,8908,4798
12390,7350,7291
12391,11536,3587
12392,12275,11566
12393,7314,7227
12394,11420,7347
12395,11983,11900
12396,11984,5112
12397,9793,5176
12398,1451,1075
12399,3905,3736
12400,11701,11633
12401,3207,3144
12402,7616,1004
12403,12116,4933
12404,12187,3677
12405,11490,9606
12406,11698,11560
12407,12212,11258
12408,12099,11793
12409,11829,11494
12410,12331,12008
12411,12330,11969
12412,11744,68
12413,3564,1920
12414,12185,11078
12415,11897,11741
12416,8395,2633
12417,11965,3929
12418,11992,1961
12419,8986,8871
12420,9902,1804
12421,3618,1891
12422,11976,11541
12423,12103,1729
12424,8459,1668
12425,11619,9086
12426,7226,3722
12427,12240,7681
12428,7610,4906
12429,11778,9951
12430,8412,6463
12431,7095,6628
12432,11906,8786
12433,11859,1211
12434,12225,2036
12435,5958,1808
12436,8413,4597
12437,9660,3252
12438,11454,11005
12439,2254,2083
12440,6390,801
12441,11199,10977
12442,11728,3375
12443,11518,1225
12444,12161,8701
12445,8948,3721
12446,3621,2062
12447,11341,9669
12448,11797,11470
12449,8410,8087
12450,12125,8081
12451,6288,5321
12452,4533,4340
12453,4936,3873
12454,12272,12085
12455,10880,3702
12456,11980,3062
12457,9795,1017
12458,4875,1352
12459,9913,1872
12460,11953,5988
12461,2188,1324
12462,12047,5415
12463,11277,1253
12464,4756,4110
12465,8847,1044
12466,12213,4499
12467,12155,1490
12468,12254,11499
12469,4471,1484
12470,11521,10236
12471,8886,697
12472,5130,889
12473,5637,5247
12474,2798,985
12475,11854,11355
12476,12024,278
12477,7548,1795
12478,7701,6145
12479,11673,8875
12480,11658,3703
12481,2614,1120
12482,11941,2426
12483,2926,2829
12484,11538,8031
12485,11665,11581
12486,7671,5436
12487,5717,1740
12488,5155,2771
12489,12176,1521
12490,12392,12364
12491,6120,5515
12492,5796,4780
12493,11407,72
12494,12093,12043
12495,453,261
12496,11955,7537
12497,10411,8123
12498,11403,10940
12499,12404,1653
12500,12428,11853
12501,12414,4345
12502,3394,841
12503,8193,5533
12504,10389,6554
12505,7213,7211
12506,11301,7565
12507,12078,977
12508,12149,4534
12509,5719,4496
12510,11874,11849
12511,1206,757
12512,12181,4667
12513,11916,11517
12514,12112,11626
12515,7850,6571
12516,12243,2735
12517,8147,1100
12518,12191,7995
12519,11442,4901
12520,12140,7909
12521,5735,2689
12522,12050,8270
12523,12152,2186
12524,12010,11585
12525,11360,4874
12526,8662,8564
12527,313,200
12528,12499,8066
12529,12096,7000
12530,7557,1327
12531,1889,1468
12532,7957,5399
12533,11224,4511
12534,12090,7576
12535,11248,7164
12536,11561,7748
12537,11180,7463
12538,6036,3209
12539,12129,1564
12540,12190,15
12541,11952,11704
12542,7081,5093
12543,8437,8139
12544,12210,11676
12545,12512,2861
12546,12072,11747
12547,12184,11751
12548,11828,709
12549,11670,4275
12550,9781,5380
12551,12108,2971
12552,12218,1090
12553,11894,11170
12554,2376,2241
12555,7272,6895
12556,12175,1190
12557,11745,1900
12558,12411,12388
12559,9981,314
12560,11356,1074
12561,5365,2078
12562,8135,7528
12563,12005,7182
12564,6861,6793
12565,12071,11612
12566,9149,912
12567,8060,5514
12568,11985,11877
12569,8453,2941
12570,12106,2433
12571,2788,2543
12572,2334,1122
12573,12232,11834
12574,12022,11887
12575,11349,1159
12576,12077,11516
12577,12079,11377
12578,11411,9224
12579,5982,886
12580,11742,6282
12581,3616,2424
12582,650,544
12583,5974,5569
12584,9953,9892
12585,12494,11769
12586,12041,10825
12587,7518,4728
12588,6796,4899
12589,9715,5117
12590,12352,11948
12591,12324,8103
12592,11803,11520
12593,12266,12121
12594,11682,119
12595,3397,3161
12596,1191,588
12597,11607,6839
12598,8920,2929
12599,8828,7132
12600,10885,1118
12601,12153,2022
12602,11943,1293
12603,12467,839
12604,12408,11827
12605,10909,6335
12606,12552,11563
12607,12058,8229
12608,12346,6612
12609,5306,5127
12610,7556,1214
12611,3487,2386
12612,11893,1210
12613,11993,11311
12614,11358,6058
12615,9998,7880
12616,12403,12188
12617,11923,802
12618,8208,3566
12619,12337,12088
12620,8246,1263
12621,12251,12110
12622,12369,8927
12623,11364,9820
12624,9828,4130
12625,12139,11702
12626,12308,8254
12627,9571,1113
12628,9146,4379
12629,12183,2263
12630,11931,1995
12631,12357,12302
12632,5972,1450
12633,11944,551
12634,5977,1997
12635,12565,12335
12636,11951,2736
12637,8945,5937
12638,12261,11841
12639,11936,9792
12640,12555,11219
12641,8278,4376
12642,5431,4225
12643,12298,2970
12644,5336,1350
12645,11484,7621
12646,11846,7384
12647,7824,3907
12648,11842,1474
12649,11956,7172
12650,12540,11972
12651,12366,7651
12652,11868,270
12653,7552,1539
12654,12248,2329
12655,12603,5531
12656,12288,11547
12657,9538,567
12658,7743,3767
12659,12107,5868
12660,12528,12045
12661,11815,9171
12662,7020,7019
12663,12025,1227
12664,12533,12197
12665,12270,5520
12666,12570,11650
12667,7886,1166
12668,5210,680
12669,9677,1680
12670,6845,6763
12671,12468,12409
12672,8500,8257
12673,12490,838
12674,12489,8554
12675,7941,7685
12676,12359,6399
12677,11053,1030
12678,11572,3378
12679,12274,4884
12680,2055,1169
12681,5157,1376
12682,7308,1313
12683,2567,1396
12684,9562,2411
12685,7791,1982
12686,2854,667
12687,11746,1980
12688,5201,1788
12689,12482,12056
12690,11782,4038
12691,11856,6156
12692,11882,1007
12693,7751,2867
12694,12021,4028
12695,11891,1085
12696,12170,6654
12697,8606,1572
12698,11978,11732
12699,12650,5817
12700,11603,11181
12701,12131,3071
12702,5680,4716
12703,9681,2079
12704,12132,3649
12705,365,259
12706,3416,2848
12707,4898,416
12708,8028,5836
12709,6545,86
12710,12381,2166
12711,12011,1942
12712,12154,11577
12713,11791,9563
12714,12186,3594
12715,12193,12111
12716,5105,203
12717,12639,11967
12718,3892,3042
12719,12378,587
12720,9304,4412
12721,6887,6583
12722,12124,9901
12723,12205,9975
12724,5692,1358
12725,11296,6986
12726,12544,769
12727,12060,994
12728,257,59
12729,3973,3738
12730,12626,476
12731,5482,155
12732,12228,730
12733,12036,12006
12734,10942,17
12735,7761,5895
12736,11508,7657
12737,12133,9760
12738,11503,10315
12739,12606,7554
12740,12046,11750
12741,12676,12367
12742,12148,9884
12743,11376,4347
12744,11807,8735
12745,2342,1089
12746,1761,1216
12747,12375,11869
12748,4419,1814
12749,12245,11717
12750,1780,1563
12751,12545,11777
12752,12629,12412
12753,12159,12017
12754,12513,11890
12755,12247,3672
12756,1310,1040
12757,12265,8660
12758,4179,1378
12759,11918,1134
12760,9619,3065
12761,4261,1530
12762,12433,12167
12763,3609,1184
12764,12593,6393
12765,12102,7637
12766,1470,1424
12767,12180,11830
12768,7461,7330
12769,9730,9693
12770,4030,9
12771,12484,2269
12772,12417,189
12773,12518,12454
12774,9572,2003
12775,12602,8286
12776,12523,9766
12777,11649,11370
12778,5848,4235
12779,12362,12059
12780,11787,3812
12781,12281,11987
12782,11439,624
12783,442,273
12784,5900,5797
12785,3392,3158
12786,12660,6212
12787,11840,5437
12788,12061,3890
12789,11507,5859
12790,12400,12336
12791,12510,7063
12792,12501,5362
12793,2881,837
12794,4059,3238
12795,12627,11902
12796,12631,7307
12797,12037,8171
12798,12040,11989
12799,12391,3795
12800,8425,7921
12801,12590,12546
12802,11852,5590
12803,4406,2678
12804,12168,9439
12805,8024,7848
12806,12443,2221
12807,5985,944
12808,5319,666
12809,11847,3437
12810,4207,1551
12811,11533,2157
12812,12203,5188
12813,11848,6581
12814,7268,2207
12815,12714,1967
12816,7935,3558
12817,12507,11904
12818,6454,817
12819,3458,2593
12820,7374,6708
12821,8051,7412
12822,6083,1160
12823,11609,4251
12824,1790,291
12825,11837,4571
12826,12055,5561
12827,11483,9586
12828,12299,2691
12829,12673,4907
12830,7422,1009
12831,12580,2125
12832,12516,12273
12833,12277,298
12834,688,28
12835,12385,6369
12836,12562,5259
12837,11207,7533
12838,12786,11870
12839,12150,5825
12840,9839,6458
12841,7638,965
12842,7133,5706
12843,11926,2470
12844,12434,12113
12845,2115,724
12846,1270,590
12847,12313,12144
12848,7012,1461
12849,11913,7727
12850,1648,1244
12851,12591,5236
12852,8159,4006
12853,12753,11821
12854,7064,4097
12855,11623,7894
12856,7134,6735
12857,8613,5250
12858,12435,12026
12859,11958,8075
12860,7501,4540
12861,6850,6777
12862,9587,1989
12863,7693,7198
12864,12044,2248
12865,11705,6055
12866,11743,4174
12867,12250,11637
12868,6946,6820
12869,5000,3647
12870,12726,12151
12871,12776,8272
12872,12792,1818
12873,7625,2355
12874,4504,4325
12875,5291,3940
12876,4411,557
12877,6208,6022
12878,11464,1146
12879,12739,2577
12880,7084,5924
12881,11790,3389
12882,11817,4437
12883,8631,1274
12884,12812,12604
12885,11892,1104
12886,3471,3177
12887,12325,25
12888,12558,12539
12889,12432,4768
12890,9756,2249
12891,11591,11314
12892,7679,6432
12893,12114,4321
12894,12524,5809
12895,12157,1787
12896,3725,3081
12897,3248,3141
12898,4955,3517
12899,5283,5005
12900,12536,4403
12901,8726,4139
12902,12054,11417
12903,11927,3581
12904,7587,3788
12905,8599,5996
12906,12829,12104
12907,12621,4943
12908,11975,11687
12909,12661,11768
12910,11725,4532
12911,9811,593
12912,12211,6285
12913,12801,12699
12914,12293,7145
12915,4772,3776
12916,9115,4337
12917,12386,11062
12918,12209,4845
12919,12838,12659
12920,4825,4566
12921,12665,5905
12922,7640,6585
12923,2495,1822
12924,4743,2778
12925,6085,2312
12926,12415,12338
12927,12329,12127
12928,9048,3432
12929,12460,5623
12930,12872,12474
12931,12296,9816
12932,6740,5506
12933,10995,7187
12934,12504,11393
12935,4957,4217
12936,9679,1644
12937,6761,6586
12938,4735,2677
12939,12319,12052
12940,12828,6114
12941,12831,11525
12942,7546,602
12943,4448,2459
12944,12718,11947
12945,12646,2738
12946,12235,4467
12947,12242,8780
12948,5921,2298
12949,12732,8244
12950,12882,12791
12951,4027,1732
12952,12730,12652
12953,5276,2227
12954,4771,4212
12955,3883,3549
12956,11657,7332
12957,12406,5970
12958,11033,925
12959,4911,1624
12960,12557,12541
12961,12576,12368
12962,6737,6662
12963,12666,4730
12964,12328,8878
12965,12723,12347
12966,12556,2449
12967,3263,1011
12968,2878,581
12969,12638,12229
12970,12356,3778
12971,12420,12169
12972,6766,5310
12973,7059,3160
12974,12476,4856
12975,12656,12630
12976,11889,9093
12977,6412,1316
12978,12370,5045
12979,12195,9842
12980,12535,11693
12981,12015,5862
12982,6770,6715
12983,12505,7009
12984,260,255
12985,3871,1266
12986,12300,1364
12987,11726,8696
12988,12888,12796
12989,12655,12309
12990,11647,2235
12991,12772,12363
12992,12782,12082
12993,7015,3054
12994,11844,6938
12995,12751,12444
12996,12611,4418
12997,12761,685
12998,5558,3342
12999,11855,5776
13000,9311,2904
13001,12870,12851
13002,12119,617
13003,8772,7011
13004,12322,11899
13005,9329,3226
13006,12601,681
13007,6833,2701
13008,4745,3519
13009,8643,4409
13010,9453,7549
13011,7664,2928
13012,12612,1493
13013,11907,6880
13014,12165,4572
13015,12351,5672
13016,5754,3946
13017,8816,1516
13018,12682,11911
13019,12833,12607
13020,12879,1559
13021,12172,8624
13022,12456,11653
13023,12498,11888
13024,12614,12204
13025,12710,11457
13026,12031,1841
13027,8979,8110
13028,12442,5295
13029,12455,3532
13030,12529,357
13031,12717,12648
13032,4032,2131
13033,12919,12451
13034,4000,3501
13035,7420,5013
13036,12551,12424
13037,7847,1467
13038,12457,12255
13039,12500,5828
13040,12410,663
13041,12738,6825
13042,12893,4930
13043,12906,9433
13044,12620,829
13045,5709,1005
13046,12519,4248
13047,12961,12549
13048,13001,12775
13049,3974,3063
13050,12795,12754
13051,5499,1014
13052,11664,4002
13053,6775,2851
13054,12249,4724
13055,12912,867
13056,12332,8417
13057,12430,2154
13058,12483,8041
13059,12238,4220
13060,2228,146
13061,12246,12009
13062,8105,2605
13063,12767,12574
13064,12780,4133
13065,7210,4384
13066,12575,1027
13067,12340,11727
13068,12234,9870
13069,12407,11823
13070,12642,12635
13071,9747,2033
13072,12091,9504
13073,9924,2804
13074,12778,8476
13075,8227,3718
13076,5544,843
13077,8720,7606
13078,12859,12596
13079,9875,6950
13080,3757,992
13081,12672,12520
13082,13020,11986
13083,12267,9755
13084,12394,7185
13085,12701,12427
13086,6426,2213
13087,11903,887
13088,8698,895
13089,12880,12395
13090,4271,996
13091,3676,2767
13092,12001,900
13093,12741,12372
13094,4958,4869
13095,12709,8706
13096,7665,4932
13097,12623,6064
13098,3359,675
13099,12027,4343
13100,12649,10966
13101,12913,12757
13102,7728,7650
13103,6870,6707
13104,11405,2984
13105,12764,12115
13106,12995,7379
13107,11876,256
13108,12691,12263
13109,12766,12164
13110,12199,7360
13111,12463,2799
13112,11930,5786
13113,12749,9957
13114,12988,12940
13115,12548,9958
13116,11203,8675
13117,751,332
13118,4377,2458
13119,12685,8338
13120,12941,12380
13121,3331,383
13122,11615,8312
13123,11582,4178
13124,5265,4915
13125,7808,7118
13126,5493,2608
13127,12478,5527
13128,13043,4627
13129,3852,3728
13130,3284,1240
13131,9089,350
13132,11805,9860
13133,7105,6613
13134,5124,1556
13135,13033,12832
13136,7577,655
13137,12304,12221
13138,11724,3865
13139,2649,1482
13140,12643,8219
13141,13040,1167
13142,12276,12029
13143,12939,12695
13144,9308,5417
13145,12436,12004
13146,12423,12237
13147,12405,12038
13148,1921,1053
13149,12292,4983
13150,12033,11917
13151,12986,12377
13152,8794,7726
13153,8026,5765
13154,12821,12279
13155,11770,2615
13156,12259,317
13157,12865,5860
13158,13105,12256
13159,5965,1756
13160,13141,13128
13161,12963,12889
13162,12453,3604
13163,4552,3521
13164,2152,1580
13165,13101,8373
13166,12974,12126
13167,5087,1853
13168,6325,3242
13169,12526,3791
13170,12826,11908
13171,5547,4423
13172,12762,990
13173,2907,339
13174,11671,136
13175,12586,11260
13176,8109,2456
13177,995,786
13178,11775,3490
13179,12084,12049
13180,12227,2451
13181,6190,2257
13182,11826,8276
13183,12715,12321
13184,5647,3520
13185,9469,6831
13186,7643,5517
13187,12917,4850
13188,12843,1427
13189,12929,11866
13190,12585,4807
13191,12771,1724
13192,12534,7964
13193,13028,12777
13194,12007,11982
13195,12747,5131
13196,12687,3537
13197,8117,4795
13198,12946,11458
13199,11535,2931
13200,12926,1245
13201,4606,4219
13202,12486,1152
13203,12871,8861
13204,9923,8130
13205,12425,400
13206,12466,8801
13207,5485,5419
13208,12989,343
13209,334,179
13210,13094,13030
13211,12431,1129
13212,12866,3568
13213,12095,7745
13214,12355,7149
13215,9424,9084
13216,12517,5025
13217,7779,7507
13218,12736,11191
13219,12398,2442
13220,12811,12506
13221,12769,1764
13222,12473,12445
13223,11050,6696
13224,3339,623
13225,6469,1543
13226,12487,2521
13227,12817,12712
13228,12925,12568
13229,12628,12578
13230,12898,12301
13231,12479,12383
13232,12086,11896
13233,2042,2024
13234,4997,4570
13235,5065,4253
13236,6659,5805
13237,12174,412
13238,13036,12689
13239,2409,2319
13240,12449,6258
13241,12740,12480
13242,12633,12502
13243,5252,1738
13244,13150,1477
13245,12969,3658
13246,12317,1665
13247,12752,12094
13248,12503,1932
13249,12790,4458
13250,12311,8339
13251,13165,1140
13252,13048,5378
13253,5111,424
13254,11794,1435
13255,12949,1584
13256,11898,5475
13257,12921,5594
13258,2889,331
13259,6028,4617
13260,12957,7144
13261,13114,842
13262,8354,5915
13263,12806,11819
13264,8228,3038
13265,12930,12804
13266,12858,4258
13267,13135,13024
13268,13228,8267
13269,3481,2910
13270,12497,830
13271,11579,11412
13272,2537,1348
13273,9647,8862
13274,12647,4259
13275,12694,8464
13276,12397,1896
13277,13251,12975
13278,12727,1127
13279,12472,11925
13280,1934,318
13281,13261,3997
13282,8544,8341
13283,6226,5775
13284,9946,8102
13285,12619,12207
13286,12964,12841
13287,12996,1873
13288,13190,12413
13289,3687,2156
13290,13281,12492
13291,9685,7566
13292,13108,12092
13293,13191,12224
13294,9502,3288
13295,8131,1611
13296,12686,1307
13297,7955,6259
13298,12713,11680
13299,11495,403
13300,13252,12396
13301,13120,13085
13302,6379,2065
13303,9783,2211
13304,13063,12016
13305,13160,12450
13306,12763,3953
13307,12344,2885
13308,9550,5471
13309,12884,11446
13310,12465,12075
13311,9690,6304
13312,12569,12438
13313,9694,446
13314,13082,1192
13315,7871,6204
13316,8199,1156
13317,12787,3251
13318,12439,12117
13319,5432,5348
13320,2858,1147
13321,2356,692
13322,12179,11991
13323,13290,9744
13324,3525,2440
13325,5352,3230
13326,13039,12567
13327,12219,6442
13328,5074,2723
13329,12458,6452
13330,8037,2095
13331,5843,3232
13332,7788,5903
13333,7787,3585
13334,9521,2551
13335,11246,8702
13336,13232,4432
13337,8759,5550
13338,6005,4726
13339,12543,5741
13340,2252,899
13341,12671,12264
13342,12696,7116
13343,9835,5583
13344,13277,12692
13345,12537,7397
13346,12034,11441
13347,12914,12837
13348,11785,1531
13349,12664,11825
13350,6927,6818
13351,9973,8692
13352,13323,12773
13353,12920,3048
13354,12835,12616
13355,12422,12289
13356,9961,737
13357,7655,473
13358,12343,12303
13359,13314,13189
13360,7071,4576
13361,12885,6127
13362,7893,1494
13363,13227,8054
13364,7141,2600
13365,13267,5507
13366,3376,3016
13367,13055,4592
13368,3380,2210
13369,13012,1319
13370,12667,12461
13371,2807,1641
13372,8204,5316
13373,12583,519
13374,1899,733
13375,2812,758
13376,12834,3801
13377,7849,1267
13378,13140,12592
13379,7512,6926
13380,7266,7109
13381,13257,11414
13382,12705,9282
13383,7339,7147
13384,12960,1959
13385,4395,248
13386,12287,546
13387,8071,5160
13388,12485,9717
13389,8220,2119
13390,5755,2410
13391,13265,13117
13392,7755,5257
13393,5973,1401
13394,8485,8078
13395,13013,12416
13396,13195,1671
13397,13278,13208
13398,12613,12233
13399,4787,745
13400,7820,2236
13401,7326,7214
13402,13182,5568
13403,13087,13015
13404,12522,7795
13405,2369,1395
13406,13022,2751
13407,11748,6045
13408,7912,948
13409,9220,8822
13410,13352,2044
13411,13344,8092
13412,12645,11616
13413,13106,2925
13414,12393,7387
13415,12316,2924
13416,12554,5875
13417,12291,1408
13418,13285,1056
13419,12966,12171
13420,13300,12978
13421,8616,2483
13422,5426,960
13423,9939,7997
13424,12731,9914
13425,11316,3417
13426,12711,12402
13427,1614,1269
13428,11410,11361
13429,3120,2707
13430,13347,7087
13431,8482,3638
13432,13014,11929
13433,12867,773
13434,13309,13172
13435,13288,5264
13436,13161,12268
13437,12869,12579
13438,4769,3817
13439,8609,7543
13440,13192,543
13441,7359,7336
13442,12477,8401
13443,13210,7329
13444,3729,1752
13445,13411,13255
13446,9522,3155
13447,12719,747
13448,12136,6559
13449,12680,2267
13450,12571,8657
13451,5061,2216
13452,12217,1196
13453,9540,6253
13454,8063,766
13455,12521,8180
13456,12553,9632
13457,13025,12636
13458,11949,6822
13459,12947,6155
13460,3911,3082
13461,12365,307
13462,13223,12342
13463,12743,4221
13464,12670,6637
13465,12807,800
13466,5861,5263
13467,13078,12223
13468,12014,4603
13469,5501,1667
13470,7244,2168
13471,13368,4968
13472,8975,5600
13473,11883,5067
13474,13247,12881
13475,13137,12315
13476,7767,3256
13477,12980,7965
13478,13213,7301
13479,13365,13184
13480,8444,7697
13481,9067,5416
13482,13158,11663
13483,12253,2141
13484,13119,584
13485,5280,5058
13486,7378,6290
13487,12900,12542
13488,13056,12100
13489,8374,7954
13490,1722,552
13491,11966,3989
13492,5382,491
13493,9673,4550
13494,9569,9346
13495,2503,1581
13496,12012,3313
13497,1999,1998
13498,12907,4127
13499,12839,12781
13500,12145,9676
13501,12447,9645
13502,7498,1183
13503,12677,8665
13504,13219,1460
13505,8393,8328
13506,7460,1170
13507,13262,12573
13508,13115,12459
13509,2093,1359
13510,13418,12475
13511,13305,13019
13512,8115,3296
13513,5815,4213
13514,13479,7085
13515,13083,5320
13516,13097,12481
13517,12532,7707
13518,13420,9552
13519,13230,7801
13520,7324,5392
13521,12471,12312
13522,13391,8987
13523,2642,1880
13524,13355,12688
13525,11776,657
13526,12488,3270
13527,12936,2590
13528,12202,1827
13529,13397,12798
13530,13514,7436
13531,12220,7722
13532,13499,13341
13533,9890,9627
13534,13200,13089
13535,12952,8261
13536,2171,535
13537,7667,418
13538,3750,2855
13539,13179,3879
13540,12844,12789
13541,12353,3556
13542,12128,11438
13543,13021,1026
13544,12600,1811
13545,13445,13306
13546,5047,3696
13547,12797,2636
13548,12236,5395
13549,13203,5139
13550,9929,4453
13551,6776,6726
13552,13051,8601
13553,11723,2165
13554,920,700
13555,12290,9043
13556,13166,11857
13557,13152,8367
13558,12679,6485
13559,6815,346
13560,11924,4512
13561,12901,6482
13562,10667,8333
13563,12525,4923
13564,12965,3204
13565,4332,836
13566,12910,1716
13567,13092,12097
13568,11981,4346
13569,12137,9554
13570,5227,4739
13571,8854,8598
13572,13256,9815
13573,13545,13146
13574,12990,12605
13575,13286,3611
13576,5757,3424
13577,2935,1688
13578,13384,12674
13579,13212,12320
13580,7049,2422
13581,13364,13067
13582,8010,6956
13583,12360,4801
13584,6377,326
13585,12725,6948
13586,13038,11879
13587,13410,13018
13588,9864,549
13589,1986,779
13590,13008,3933
13591,11959,5971
13592,13413,13396
13593,13023,12678
13594,13156,12847
13595,1323,1042
13596,13530,12737
13597,13336,12918
13598,2604,1571
13599,12239,8715
13600,9577,6147
13601,13254,12560
13602,13050,4700
13603,12681,1021
13604,2795,2479
13605,13129,13093
13606,12334,4140
13607,7545,2659
13608,12768,12599
13609,13587,12531
13610,12815,12788
13611,7051,2406
13612,7846,5537
13613,13127,5997
13614,4815,2871
13615,13475,12158
13616,12063,7582
13617,12716,4744
13618,13268,12295
13619,2427,1185
13620,1532,764
13621,12421,3639
13622,12057,3505
13623,12755,5390
13624,12419,7647
13625,12080,4984
13626,13435,13293
13627,12464,9176
13628,9609,529
13629,7043,2311
13630,12589,1237
13631,13564,13081
13632,8493,5814
13633,8422,7910
13634,7879,5215
13635,13518,12651
13636,12039,4468
13637,12345,2481
13638,9727,8803
13639,12950,12496
13640,13507,13157
13641,13031,809
13642,13246,13238
13643,13299,13029
13644,13359,12842
13645,13405,5521
13646,13229,639
13647,8129,7856
13648,7763,2239
13649,13138,949
13650,13194,9023
13651,13358,11683
13652,13193,8744
13653,3399,209
13654,7235,1620
13655,2599,851
13656,420,67
13657,13113,12698
13658,12550,4963
13659,5792,1309
13660,12134,3730
13661,13449,6176
13662,292,238
13663,12799,2996
13664,8011,6536
13665,13220,12830
13666,7890,1629
13667,8806,6811
13668,1385,1189
13669,12252,4635
13670,8540,6668
13671,9695,2349
13672,12848,514
13673,12048,7392
13674,12805,2359
13675,8814,5922
13676,8528,2324
13677,7862,1962
13678,7233,2461
13679,8320,7212
13680,13635,12824
13681,12547,12002
13682,13440,957
13683,7687,937
13684,13354,13239
13685,12032,3386
13686,13549,13052
13687,11905,7974
13688,13070,2734
13689,6743,6675
13690,6310,2561
13691,8730,1517
13692,13183,13002
13693,13202,6087
13694,13609,11871
13695,4443,2535
13696,12156,5196
13697,9307,8191
13698,12196,5363
13699,13522,1862
13700,6494,2552
13701,8154,2037
13702,9193,4019
13703,6981,6787
13704,13201,11505
13705,13258,12215
13706,8360,684
13707,13602,13511
13708,13398,3915
13709,13558,12285
13710,13496,4057
13711,12977,4493
13712,13080,618
13713,12765,1561
13714,1749,775
13715,12581,5551
13716,6334,4049
13717,13367,12809
13718,13642,13457
13719,3999,2952
13720,5406,702
13721,13406,8405
13722,7040,2502
13723,13680,13575
13724,13573,13436
13725,13540,12294
13726,1957,1459
13727,13532,1938
13728,13206,12814
13729,6101,1048
13730,7175,3433
13731,12735,9417
13732,1402,986
13733,13555,13061
13734,13699,13047
13735,13694,12760
13736,13684,13605
13737,4792,3557
13738,12852,12818
13739,13484,696
13740,11998,8717
13741,13596,13292
13742,7288,7030
13743,6392,6015
13744,13032,11861
13745,13218,12733
13746,5976,648
13747,12868,6885
13748,13069,1748
13749,12563,11378
13750,4927,4319
13751,12722,11796
13752,13260,1941
13753,6462,931
13754,5219,4746
13755,12389,6003
13756,8481,2416
13757,12350,7068
13758,13136,184
13759,337,133
13760,6904,6886
13761,13360,9763
13762,13467,2533
13763,4779,2153
13764,9289,3515
13765,13633,656
13766,2671,1927
13767,11453,6601
13768,13072,2014
13769,13735,13266
13770,8297,3318
13771,13221,2715
13772,12617,2251
13773,13560,4543
13774,13723,13535
13775,8008,1488
13776,12143,8995
13777,13205,12849
13778,13477,13037
13779,12654,2501
13780,4541,1371
13781,4451,2431
13782,8939,7711
13783,13517,5622
13784,9104,5068
13785,13301,13279
13786,5822,2226
13787,12305,11939
13788,13592,12987
13789,8185,1340
13790,13686,8260
13791,13388,13329
13792,8383,5129
13793,2720,268
13794,13326,9883
13795,9881,9713
13796,13434,12610
13797,13626,13242
13798,12339,1637
13799,5301,1939
13800,8114,166
13801,13311,12371
13802,13142,4656
13803,6584,2106
13804,12992,12845
13805,5144,3223
13806,4029,312
13807,9094,1318
13808,12938,2761
13809,13109,12577
13810,13652,13170
13811,12690,2075
13812,8597,1314
13813,8680,2524
13814,13567,1540
13815,4618,1783
13816,13443,9854
13817,13710,8642
13818,9542,9529
13819,13478,2428
13820,7658,1597
13821,7564,435
13822,3293,3272
13823,13644,8356
13824,13688,12999
13825,9994,545
13826,12945,9710
13827,13004,1634
13828,13402,13042
13829,8435,2787
13830,13139,12855
13831,12793,8690
13832,13527,12379
13833,3917,266
13834,12390,7061
13835,2460,2250
13836,6146,1116
13837,13363,9933
13838,498,275
13839,4203,3078
13840,12991,12109
13841,8737,5341
13842,13597,11666
13843,6366,6187
13844,5745,2763
13845,13248,1149
13846,12909,12853
13847,8249,674
13848,9794,4781
13849,12971,3870
13850,11318,10558
13851,13641,13296
13852,6033,554
13853,13313,11655
13854,12437,2478
13855,13468,12559
13856,13154,12856
13857,12073,2515
13858,8273,3635
13859,8456,1369
13860,13616,4407
13861,9949,9746
13862,13529,13244
13863,9231,6311
13864,13811,13325
13865,7866,1723
13866,13149,2505
13867,4336,114
13868,13657,6321
13869,13769,9328
13870,2891,2351
13871,13650,13099
13872,13498,4524
13873,13718,13143
13874,7772,1514
13875,13482,13057
13876,12820,12429
13877,7123,3408
13878,13211,8628
13879,8474,5587
13880,12970,4385
13881,12640,9909
13882,13725,7516
13883,11915,6909
13884,13528,12746
13885,6914,137
13886,6697,6616
13887,13645,5095
13888,2087,1019
13889,13869,13708
13890,12376,2100
13891,13209,258
13892,8688,1909
13893,8521,2052
13894,12625,6879
13895,13307,8007
13896,7333,7139
13897,5756,5725
13898,4664,3700
13899,12683,9962
13900,4459,4229
13901,13163,12759
13902,13369,8133
13903,12307,2810
13904,12349,7918
13905,8519,1805
13906,7926,2242
13907,3301,2726
13908,13837,13707
13909,13059,6269
13910,13846,13796
13911,9327,1973
13912,13125,9242
13913,8017,2475
13914,13335,12333
13915,12441,7500
13916,13631,13295
13917,13823,5579
13918,3543,1428
13919,1547,1259
13920,8203,4404
13921,13060,1157
13922,12658,9972
13923,6179,2997
13924,12972,12637
13925,12895,2289
13926,12976,3104
13927,12927,3406
13928,5645,3808
13929,13682,12836
13930,13073,2230
13931,13216,8224
13932,13245,13006
13933,13594,13328
13934,9968,7296
13935,926,505
13936,5791,5184
13937,9055,631
13938,5857,3591
13939,8009,7861
13940,3224,1054
13941,3822,3661
13942,12572,8369
13943,13593,12530
13944,12744,5311
13945,6537,301
13946,7110,4973
13947,9952,7297
13948,4542,4313
13949,8144,898
13950,13724,8001
13951,12702,2212
13952,13473,12206
13953,8004,7520
13954,9199,6590
13955,13615,13053
13956,3749,467
13957,9166,4747
13958,13465,13454
13959,13889,13797
13960,12931,12876
13961,12770,1669
13962,5268,3006
13963,12622,8884
13964,13788,13222
13965,12903,12138
13966,13950,13044
13967,8747,8512
13968,11038,7282
13969,7035,3603
13970,13062,1901
13971,6929,6923
13972,2122,1365
13973,2001,612
13974,13461,252
13975,13501,4061
13976,13741,13639
13977,6731,6725
13978,7150,2610
13979,13503,12846
13980,13386,1356
13981,12904,1640
13982,13330,13240
13983,13430,12933
13984,13064,3682
13985,7352,7246
13986,9665,2824
13987,9164,2961
13988,7540,1285
13989,11713,607
13990,13169,12860
13991,13155,4342
13992,7983,7534
13993,106,42
13994,3140,3008
13995,12373,2179
13996,13752,11836
13997,5730,5630
13998,12452,4062
13999,2446,2187
14000,13681,12448
14001,13917,13226
14002,9837,2173
14003,13734,12070
14004,8523,7372
14005,13774,13282
14006,12663,4144
14007,8548,4669
14008,12707,9570
14009,7527,5687
14010,13274,9661
14011,13321,2126
14012,13487,5081
14013,5942,5138
14014,13284,8570
14015,13046,3848
14016,8732,2028
14017,12742,7603
14018,12511,7415
14019,13346,4424
14020,13423,6542
14021,7797,6340
14022,13795,12684
14023,12469,8904
14024,5850,5571
14025,8912,1012
14026,12446,5770
14027,13407,13304
14028,6373,4987
14029,2389,1181
14030,13851,13655
14031,13491,6068
14032,7322,5060
14033,13516,2295
14034,13249,1701
14035,9999,9834
14036,9511,1918
14037,12857,2113
14038,4215,3803
14039,8498,7736
14040,4846,3171
14041,12724,8928
14042,13672,12318
14043,13966,12877
14044,12803,5804
14045,8107,4495
14046,13643,9050
14047,13542,12700
14048,11808,9157
14049,13298,6040
14050,6808,3612
14051,13709,12354
14052,12608,9649
14053,5269,2401
14054,13955,12934
14055,14005,13416
14056,8716,1341
14057,13959,13419
14058,13188,8488
14059,9032,4691
14060,13534,1612
14061,13349,5607
14062,14055,13875
14063,13508,783
14064,4287,1061
14065,7653,2471
14066,8033,4503
14067,13999,2124
14068,13084,7257
14069,12214,9551
14070,9699,4
14071,1410,509
14072,9249,823
14073,9519,2390
14074,13715,12979
14075,13557,13442
14076,13980,7402
14077,13187,908
14078,13693,12923
14079,12854,7209
14080,12704,12282
14081,9825,7312
14082,12703,4816
14083,13408,13310
14084,13964,13492
14085,9270,1686
14086,12816,12341
14087,13378,12201
14088,13790,13250
14089,13804,12808
14090,5734,1469
14091,14057,13739
14092,14000,12634
14093,7506,2322
14094,9382,3277
14095,13704,13543
14096,13116,11646
14097,13625,810
14098,13826,5752
14099,12891,9137
14100,13111,7661
14101,12813,3632
14102,12783,3737
14103,13412,9539
14104,13829,7367
14105,13908,523
14106,6709,6642
14107,1802,1024
14108,13362,11445
14109,14032,7593
14110,6449,844
14111,13659,13151
14112,13576,12887
14113,9503,4971
14114,13882,13794
14115,4148,2002
14116,13559,8589
14117,3951,861
14118,12222,8112
14119,13736,6053
14120,13916,13785
14121,13198,6312
14122,13669,13147
14123,13531,1449
14124,13276,12985
14125,5457,3988
14126,12944,4596
14127,7924,5782
14128,3020,279
14129,11093,1412
14130,13438,8532
14131,13425,13098
14132,13271,1069
14133,8055,1844
14134,9719,5603
14135,3446,3398
14136,8305,585
14137,3133,3114
14138,4858,3613
14139,14043,13862
14140,13872,12514
14141,5955,2745
14142,6732,2050
14143,11860,7093
14144,13749,12784
14145,13234,9640
14146,14072,8301
14147,6989,2864
14148,3710,1763
14149,12794,6441
14150,13338,9532
14151,13180,12508
14152,13096,6293
14153,8440,5164
14154,13145,8400
14155,13855,1431
14156,14062,13651
14157,13123,1902
14158,12954,921
14159,12440,6430
14160,14001,7490
14161,4761,1568
14162,8953,2717
14163,12825,12358
14164,1326,493
14165,8719,8614
14166,13728,377
14167,13629,7311
14168,7817,1728
14169,12418,1575
14170,9819,9409
14171,13510,12327
14172,14166,8841
14173,7016,1194
14174,13799,9787
14175,13483,12864
14176,13561,11934
14177,13381,7222
14178,5870,1258
14179,13640,633
14180,13698,9886
14181,12890,2554
14182,4623,2949
14183,3617,336
14184,3215,2529
14185,9738,966
14186,4694,2862
14187,13842,532
14188,13617,1864
14189,12908,310
14190,13956,7482
14191,13214,907
14192,13337,8040
14193,4804,4665
14194,13636,13618
14195,13915,13556
14196,13654,2345
14197,1721,1
14198,5812,5563
14199,12618,3705
14200,12399,6622
14201,13727,13447
14202,8549,3135
14203,12998,4048
14204,13929,13177
14205,13816,13394
14206,8812,952
14207,13348,9505
14208,13820,51
14209,13110,1070
14210,12967,7881
14211,14091,13873
14212,14084,13887
14213,14105,13521
14214,13275,5604
14215,12959,7946
14216,13685,61
14217,13460,13263
14218,13960,13574
14219,9533,3278
14220,5646,2271
14221,14139,13932
14222,13712,12748
14223,13791,13016
14224,13058,7130
14225,8793,3888
14226,9041,423
14227,13041,6629
14228,8503,6418
14229,13453,1155
14230,13776,3584
14231,13095,8538
14232,13933,5887
14233,6609,202
14234,12286,6960
14235,14060,7260
14236,14027,5225
14237,13674,13185
14238,13793,3233
14239,12819,2965
14240,12382,7346
14241,13910,70
14242,5071,3823
14243,13373,3044
14244,4626,4515
14245,13975,12182
14246,2217,1331
14247,6056,603
14248,13995,12693
14249,3752,946
14250,3833,3442
14251,6152,6105
14252,13562,2268
14253,13432,12374
14254,14003,13340
14255,13663,3534
14256,8950,2027
14257,3434,2291
14258,13901,12894
14259,14179,14156
14260,13456,6578
14261,13088,439
14262,2920,2441
14263,13894,6700
14264,13696,12118
14265,3494,1499
14266,7052,319
14267,9528,4864
14268,12284,11641
14269,2190,217
14270,12260,4516
14271,9920,3017
14272,13673,1651
14273,7897,397
14274,13395,2652
14275,13878,13586
14276,13225,1905
14277,6539,4729
14278,13524,12527
14279,13578,9201
14280,13713,13237
14281,13199,2674
14282,12756,5749
14283,14101,12470
14284,6509,3602
14285,9246,5163
14286,9769,3739
14287,13176,8595
14288,13773,8881
14289,13547,12594
14290,13661,13318
14291,14076,12878
14292,13801,2323
14293,13705,4513
14294,12955,3748
14295,13607,2828
14296,14119,4931
14297,7769,7768
14298,13506,8458
14299,9903,9752
14300,13603,13490
14301,13890,2739
14302,14088,13287
14303,13474,12708
14304,13599,13565
14305,13392,1115
14306,13836,1916
14307,12993,8766
14308,13017,9670
14309,223,145
14310,8850,4573
14311,9838,670
14312,13351,6734
14313,13164,12802
14314,14171,8637
14315,14054,12123
14316,1486,1221
14317,13130,5593
14318,14123,12883
14319,12609,2110
14320,13976,13539
14321,13925,9824
14322,8774,2067
14323,13377,8477
14324,7611,1642
14325,14061,13922
14326,13919,2981
14327,4880,4428
14328,14010,6306
14329,13076,1726
14330,13415,12587
14331,12902,9876
14332,13429,9536
14333,8800,7631
14334,13315,6234
14335,13091,2780
14336,14213,13376
14337,13134,4682
14338,14154,1260
14339,14235,13066
14340,14172,8740
14341,4469,3978
14342,13840,152
14343,2253,1287
14344,8820,7617
14345,8239,6459
14346,12981,8745
14347,13827,12426
14348,13253,2513
14349,12840,3443
14350,14241,12269
14351,12641,2595
14352,13107,9483
14353,12827,9942
14354,14079,5315
14355,14232,13598
14356,13786,13417
14357,14012,13958
14358,14113,12935
14359,13159,5528
14360,13570,999
14361,9782,7495
14362,13489,4948
14363,12615,2418
14364,12922,3303
14365,13122,12968
14366,4900,595
14367,14211,13658
14368,14058,1964
14369,12873,210
14370,13104,5833
14371,13909,9581
14372,14201,14063
14373,14296,9120
14374,7874,4556
14375,8361,3925
14376,8126,5496
14377,14077,88
14378,12729,5305
14379,12361,7583
14380,6419,3206
14381,12706,8234
14382,14120,13717
14383,8392,8248
14384,13691,5893
14385,14377,4988
14386,13243,1015
14387,7971,3489
14388,14259,13389
14389,13472,2419
14390,13026,939
14391,14034,13566
14392,13968,9283
14393,14204,8377
14394,11583,3847
14395,7521,3881
14396,14100,7948
14397,2990,2932
14398,7771,6450
14399,14320,14092
14400,13830,13196
14401,13112,3938
14402,6721,6508
14403,13459,8634
14404,8605,5681
14405,7958,162
14406,8143,4644
14407,14328,13404
14408,14018,13876
14409,9841,9674
14410,13302,5092
14411,14348,13000
14412,5666,1117
14413,7710,1996
14414,14367,13525
14415,1479,615
14416,4519,3188
14417,13697,13132
14418,13372,13241
14419,8818,1875
14420,13923,9227
14421,13608,5023
14422,7962,4912
14423,13197,8712
14424,13860,4276
14425,14151,12561
14426,5028,943
14427,8472,6135
14428,3239,358
14429,13951,7688
14430,6193,6164
14431,13646,9315
14432,7320,3941
14433,13236,5627
14434,13162,3275
14435,13924,13504
14436,8792,7448
14437,7708,6263
14438,13937,13733
14439,13868,13809
14440,13778,7215
14441,14030,652
14442,13942,13927
14443,14212,13148
14444,8829,7596
14445,13297,4765
14446,13864,12509
14447,8982,7189
14448,13757,13133
14449,13231,13090
14450,13730,3154
14451,13845,13771
14452,13519,4254
14453,6436,4844
14454,13071,12745
14455,14336,13714
14456,8779,1656
14457,9546,4624
14458,14111,13444
14459,13711,12822
14460,13509,2046
14461,12632,1682
14462,9740,5069
14463,176,31
14464,13269,9320
14465,14236,8295
14466,5920,4447
14467,9295,5428
14468,13324,9934
14469,2776,2453
14470,14254,13737
14471,14314,2625
14472,5249,2716
14473,12306,7294
14474,13399,9758
14475,13591,5189
14476,13819,1702
14477,3190,1136
14478,13638,13334
14479,13906,2937
14480,7698,6416
14481,14087,13614
14482,14388,13931
14483,8056,4452
14484,5873,5101
14485,6942,2883
14486,14221,13832
14487,13721,5208
14488,14449,14089
14489,13403,971
14490,7399,6772
14491,8562,3418
14492,12823,1958
14493,12874,5800
14494,12942,1638
14495,14049,6423
14496,14414,5707
14497,8852,8808
14498,9011,4684
14499,13874,3118
14500,14455,14350
14501,13481,5239
14502,5783,2219
14503,12892,5816
14504,9585,9565
14505,4580,1361
14506,11556,6722
14507,14227,7522
14508,14496,14042
14509,8901,1719
14510,13049,3264
14511,7074,4732
14512,13806,5216
14513,14342,13853
14514,12588,5832
14515,14160,12178
14516,2856,2285
14517,14476,1541
14518,14393,1175
14519,14180,13814
14520,12779,4944
14521,13665,2265
14522,13371,13075
14523,14195,13856
14524,14471,14121
14525,8176,1200
14526,4299,3620
14527,13834,7304
14528,8492,1509
14529,9814,2262
14530,14158,7636
14531,14486,14086
14532,13767,6823
14533,9859,583
14534,13353,4714
14535,14177,13100
14536,14046,9278
14537,14099,1983
14538,13781,12387
14539,12800,7259
14540,5089,5036
14541,14275,13902
14542,13722,1485
14543,13983,8394
14544,13912,4673
14545,13581,5716
14546,9594,2506
14547,14440,14303
14548,13585,6631
14549,14279,13824
14550,14124,13579
14551,3105,2995
14552,14301,6277
14553,14508,14278
14554,9657,7816
14555,831,296
14556,3949,3811
14557,3201,1255
14558,14470,14133
14559,14218,7176
14560,1672,850
14561,14187,13312
14562,8944,8876
14563,7517,1993
14564,9638,6563
14565,470,175
14566,14013,2562
14567,6427,5738
14568,13807,12668
14569,13577,6223
14570,13433,7696
14571,13548,614
14572,13854,6276
14573,14205,7673
14574,4227,3663
14575,7812,1010
14576,14400,13802
14577,13610,12997
14578,5826,5671
14579,13649,13512
14580,14531,807
14581,2975,2365
14582,14352,415
14583,14399,8083
14584,13327,6499
14585,12863,2175
14586,11864,7660
14587,14031,4589
14588,13996,13813
14589,14157,13627
14590,13124,5728
14591,13815,1558
14592,8515,7980
14593,13634,475
14594,14182,989
14595,1843,1801
14596,12098,1472
14597,1588,208
14598,14430,8195
14599,13010,6531
14600,13437,7716
14601,7738,6284
14602,6813,3478
14603,13422,5724
14604,2772,1271
14605,13732,12582
14606,14373,13505
14607,8723,232
14608,14515,704
14609,13967,13947
14610,14068,13963
14611,8122,7731
14612,13623,4396
14613,5748,1812
14614,13536,2979
14615,14293,14015
14616,13571,3637
14617,7157,3176
14618,9723,6094
14619,13458,12983
14620,14553,4852
14621,14093,12734
14622,5562,640
14623,9321,2704
14624,14316,13054
14625,13552,2373
14626,14283,13079
14627,8044,1879
14628,13991,3130
14629,14558,3656
14630,14033,13768
14631,14280,8064
14632,14382,2489
14633,4692,970
14634,14226,12728
14635,8811,8676
14636,14397,8869
14637,14443,13620
14638,14290,13455
14639,6884,6520
14640,2863,304
14641,14097,13810
14642,8578,407
14643,9628,6154
14644,5497,1610
14645,4333,1679
14646,14355,14103
14647,14311,13772
14648,1182,1047
14649,4124,3889
14650,13664,12924
14651,13750,9030
14652,14537,9846
14653,7313,196
14654,14489,7807
14655,3102,2496
14656,13121,8721
14657,14169,13590
14658,1404,845
14659,14583,6716
14660,14435,14384
14661,13787,2429
14662,3679,717
14663,7569,3445
14664,14620,14078
14665,14117,820
14666,14315,13622
14667,14559,13979
14668,8253,4841
14669,13871,9822
14670,2398,1974
14671,13962,9888
14672,9296,3216
14673,12493,5409
14674,7703,3843
14675,14608,13666
14676,6004,4334
14677,14073,12911
14678,14580,14071
14679,13738,6181
14680,9736,5665
14681,14576,12915
14682,14163,495
14683,13462,13448
14684,13930,13045
14685,2663,833
14686,14629,14102
14687,13470,6315
14688,12538,3211
14689,12886,3341
14690,14083,8255
14691,4805,4071
14692,14487,5103
14693,8291,1826
14694,14632,14319
14695,13103,6869
14696,14372,13628
14697,426,187
14698,14264,9840
14699,14664,14051
14700,13526,10457
14701,8150,2656
14702,11475,143
14703,14351,14008
