6000,2338,1598
6001,6000,4167
6002,4103,2145
6003,5418,4091
6004,5141,2403
6005,3885,3643
6006,4488,2309
6007,6001,5098
6008,6005,5243
6009,5411,3234
6010,6007,5342
6011,5290,3977
6012,4361,2030
6013,6006,3069
6014,4183,1281
6015,6008,6002
6016,4080,3755
6017,5156,5070
6018,5134,5128
6019,4479,4297
6020,4797,3526
6021,2340,2138
6022,6010,3261
6023,5388,4266
6024,3686,2860
6025,6003,5361
6026,6004,5695
6027,6011,3920
6028,5827,1219
6029,6014,2133
6030,6013,5364
6031,6015,4264
6032,5907,2395
6033,5545,5343
6034,4489,4426
6035,6030,2374
6036,6032,6022
6037,6012,5480
6038,6031,6027
6039,6018,6017
6040,6036,4073
6041,5461,47
6042,6029,4116
6043,4364,4355
6044,3827,3712
6045,6038,6034
6046,6035,4291
6047,6020,4134
6048,6042,2559
6049,2243,477
6050,6025,3108
6051,6040,1315
6052,1242,433
6053,6021,96
6054,6051,5439
6055,6033,6026
6056,6039,5115
6057,6037,2383
6058,4429,3928
6059,4339,2387
6060,5767,3292
6061,4387,4204
6062,6016,2746
6063,6049,2661
6064,3950,1201
6065,6054,5011
6066,6019,4450
6067,4189,2051
6068,5226,4185
6069,6057,4233
6070,6047,3539
6071,6053,1951
6072,6067,6048
6073,3650,2070
6074,6046,4378
6075,6023,4197
6076,6069,2279
6077,4170,4047
6078,6045,2497
6079,4270,94
6080,6050,3298
6081,6063,2306
6082,6028,4181
6083,6076,6052
6084,4036,3427
6085,4159,4154
6086,6064,3763
6087,6078,4369
6088,6073,1013
6089,6055,2222
6090,6085,6074
6091,3768,3346
6092,1926,1857
6093,6009,5919
6094,3068,3036
6095,6077,6059
6096,6041,4165
6097,6058,4035
6098,5878,3707
6099,4457,4070
6100,4380,4012
6101,1096,390
6102,5491,4007
6103,4280,3860
6104,3290,150
6105,6089,6082
6106,6083,5136
6107,6060,3377
6108,6072,5241
6109,6081,4599
6110,4362,4327
6111,6062,4087
6112,6056,3899
6113,6087,5024
6114,6108,4584
6115,6098,6090
6116,6094,6075
6117,5175,3023
6118,6113,5806
6119,6096,3019
6120,6084,6065
6121,6044,4368
6122,6080,3530
6123,6043,5288
6124,6070,117
6125,6114,33
6126,5203,5077
6127,6120,3689
6128,6106,4539
6129,6079,6071
6130,6102,4083
6131,6128,5834
6132,2430,2287
6133,6097,3666
6134,3153,1177
6135,6127,3600
6136,6107,2464
6137,6111,3088
6138,6125,2074
6139,6117,4180
6140,5453,4113
6141,6118,3734
6142,4754,53
6143,6137,3260
6144,6088,74
6145,4470,4317
6146,4436,4230
6147,409,207
6148,6119,5020
6149,6092,6066
6150,6109,5325
6151,6091,5240
6152,6141,6105
6153,6131,1098
6154,6116,4354
6155,6135,1357
6156,6153,6061
6157,6143,6103
6158,6149,6133
6159,6104,3033
6160,6152,6086
6161,6144,6095
6162,6154,6130
6163,4344,4111
6164,5787,2477
6165,3095,2259
6166,2331,2302
6167,6136,2118
6168,6068,6024
6169,6122,1984
6170,6138,6115
6171,6155,3208
6172,4818,3998
6173,2582,220
6174,6150,6124
6175,6123,3203
6176,6169,6167
6177,6110,5090
6178,6171,4120
6179,5298,3908
6180,3970,79
6181,5369,3171
6182,6175,41
6183,6178,4302
6184,6093,3856
6185,6148,5333
6186,4492,4125
6187,3279,3015
6188,5747,5580
6189,389,20
6190,5148,2339
6191,3711,3691
6192,5386,4284
6193,5525,2099
6194,6156,6101
6195,6160,3146
6196,4077,4020
6197,6183,5180
6198,6170,5715
6199,6161,4138
6200,5285,2680
6201,4866,4173
6202,3982,2264
6203,2057,1649
6204,6162,6159
6205,4051,1838
6206,6195,1073
6207,4260,3047
6208,6100,3753
6209,5222,5062
6210,6197,3300
6211,6198,6134
6212,3698,3555
6213,6206,1742
6214,6184,43
6215,6112,3919
6216,6204,6129
6217,6213,4308
6218,4890,4525
6219,5182,3319
6220,6174,1084
6221,6099,1347
6222,6210,4192
6223,6185,4353
6224,6217,3438
6225,3429,3276
6226,6194,815
6227,5478,5375
6228,6157,3606
6229,6224,6186
6230,4373,2108
6231,6121,5043
6232,5762,4137
6233,6146,4013
6234,6180,4326
6235,6190,2104
6236,5445,3550
6237,6220,3110
6238,6140,4210
6239,6222,6145
6240,6223,3610
6241,4720,2273
6242,6158,4262
6243,5492,5261
6244,6151,5936
6245,6176,6164
6246,6202,1137
6247,5059,3670
6248,5584,1342
6249,6229,6192
6250,3770,3391
6251,4200,2071
6252,4236,465
6253,6228,4175
6254,6168,168
6255,398,367
6256,6177,3083
6257,3695,1523
6258,5374,1536
6259,6226,1131
6260,6214,4011
6261,6235,4033
6262,6234,5764
6263,4131,1349
6264,6240,5360
6265,4050,3708
6266,6242,6139
6267,6163,4481
6268,6259,2164
6269,5376,3185
6270,6249,1188
6271,4784,4628
6272,6245,5811
6273,6216,5918
6274,3805,3022
6275,5042,4039
6276,6215,4228
6277,6179,3057
6278,6268,714
6279,6270,2466
6280,6221,1544
6281,6239,6207
6282,6165,1657
6283,6172,5373
6284,6173,490
6285,215,77
6286,6277,6264
6287,6132,2816
6288,6279,6231
6289,3633,135
6290,4250,4060
6291,6241,4314
6292,2662,1093
6293,6254,5125
6294,6193,2035
6295,6253,5697
6296,6199,2317
6297,6273,5559
6298,6166,1881
6299,6211,2232
6300,4476,3403
6301,6266,6182
6302,6281,5278
6303,6272,5652
6304,4897,2008
6305,6299,3799
6306,6244,3681
6307,2120,497
6308,6288,4960
6309,6191,4269
6310,6205,5948
6311,2580,429
6312,4392,4360
6313,6201,4498
6314,6284,6237
6315,3456,3173
6316,6302,4696
6317,6296,4157
6318,6305,6261
6319,6219,4044
6320,1446,1018
6321,6250,3447
6322,6260,1747
6323,4094,3506
6324,6262,3064
6325,6316,6297
6326,6188,5625
6327,6256,3909
6328,1892,1154
6329,6295,2729
6330,6308,2438
6331,2679,1439
6332,4298,4040
6333,6225,5199
6334,5794,3246
6335,1778,1133
6336,6304,6278
6337,5876,5565
6338,6332,3496
6339,3205,1968
6340,6330,5473
6341,6257,4147
6342,3629,3244
6343,5474,204
6344,253,112
6345,6283,2443
6346,6303,5383
6347,6271,4529
6348,6196,2193
6349,6267,5262
6350,5304,5172
6351,4438,1777
6352,6317,5884
6353,3359,3187
6354,6289,6287
6355,6203,2378
6356,5027,4370
6357,6326,4752
6358,4705,4536
6359,4877,2917
6360,6238,6232
6361,6328,2849
6362,6340,4056
6363,410,138
6364,6251,5181
6365,6218,4315
6366,3183,3004
6367,151,86
6368,6293,3495
6369,6306,4671
6370,6300,1566
6371,285,75
6372,401,368
6373,6147,5100
6374,4484,4231
6375,5357,2328
6376,6329,6327
6377,1834,251
6378,2536,1195
6379,6362,6263
6380,6318,6142
6381,6282,5657
6382,6346,4382
6383,6342,4146
6384,6325,2199
6385,3189,2294
6386,6276,4142
6387,4612,4158
6388,5591,4058
6389,3365,3310
6390,2244,2233
6391,3769,3683
6392,6291,3961
6393,6274,2391
6394,5470,5412
6395,6319,4715
6396,6379,6309
6397,5899,1567
6398,6352,4123
6399,1489,1478
6400,3441,246
6401,5995,2181
6402,6324,5683
6403,6243,2368
6404,6398,6233
6405,6361,6336
6406,4480,3356
6407,4108,1292
6408,6294,3561
6409,2522,1631
6410,6310,3954
6411,6208,3826
6412,1481,353
6413,5147,243
6414,6382,5722
6415,5554,1647
6416,6380,6354
6417,1150,1052
6418,6369,6209
6419,6396,3098
6420,6349,4286
6421,6384,6343
6422,6355,6292
6423,5785,1295
6424,5403,4793
6425,6298,3137
6426,4066,1425
6427,6286,3717
6428,5648,4184
6429,3448,1144
6430,6255,72
6431,5050,3184
6432,5468,1646
6433,2685,1890
6434,6345,4272
6435,3131,89
6436,6248,2085
6437,6357,3846
6438,6409,6275
6439,6280,3051
6440,6405,6246
6441,6258,1283
6442,6410,124
6443,6314,4917
6444,6320,1321
6445,6301,1928
6446,6339,3220
6447,5143,1675
6448,4679,281
6449,4670,371
6450,4830,4439
6451,5097,4444
6452,449,152
6453,6408,6312
6454,6419,6402
6455,6414,4182
6456,5874,5253
6457,6392,3229
6458,6333,6315
6459,4009,2332
6460,4190,2380
6461,4435,3259
6462,4654,4106
6463,6442,6421
6464,4112,1239
6465,3449,3029
6466,6440,4986
6467,6351,6322
6468,6463,3459
6469,231,107
6470,6427,5679
6471,6455,6454
6472,6416,3100
6473,3905,3902
6474,6252,4256
6475,6370,1265
6476,6395,6368
6477,6443,170
6478,6418,4072
6479,5799,4067
6480,2832,1423
6481,6377,1039
6482,6439,6381
6483,6411,6373
6484,6445,4105
6485,6360,1220
6486,6478,6334
6487,6376,5197
6488,6472,5099
6489,1661,501
6490,6470,6126
6491,62,12
6492,5981,5512
6493,6435,237
6494,6468,6426
6495,6466,5170
6496,6321,3374
6497,6433,6341
6498,6212,5248
6499,6364,4318
6500,6488,1504
6501,6247,1107
6502,6457,4422
6503,6487,6446
6504,3761,97
6505,6404,1338
6506,6313,4188
6507,3596,2886
6508,6434,3400
6509,5014,3273
6510,5165,4335
6511,453,261
6512,1275,1082
6513,6494,2149
6514,6495,4537
6515,6285,73
6516,4490,2015
6517,1513,880
6518,6372,392
6519,6338,5629
6520,6458,3674
6521,5469,5230
6522,6471,6366
6523,4710,1676
6524,6386,4420
6525,6348,2192
6526,6189,4288
6527,6485,2412
6528,6484,6441
6529,6514,2632
6530,5205,2511
6531,6477,4893
6532,6492,5883
6533,6422,1840
6534,6363,354
6535,6480,3814
6536,6393,2523
6537,6403,1603
6538,1772,1589
6539,6500,901
6540,6503,6467
6541,257,59
6542,5780,3529
6543,6227,5176
6544,6486,3819
6545,6399,1815
6546,4014,1308
6547,6335,4143
6548,6529,3469
6549,3967,2352
6550,6513,6425
6551,6522,6508
6552,6378,5398
6553,6505,2308
6554,6460,3372
6555,1334,1272
6556,6499,6387
6557,6358,4697
6558,4945,4473
6559,6390,6347
6560,5813,4349
6561,6528,1020
6562,4408,4100
6563,6539,2487
6564,6323,4101
6565,6415,6365
6566,3781,252
6567,6407,5420
6568,6530,3943
6569,1433,357
6570,3369,413
6571,6420,3601
6572,2183,2129
6573,4604,3366
6574,6551,6501
6575,6383,3742
6576,3294,1615
6577,6563,3164
6578,4734,218
6579,6436,5651
6580,4969,2301
6581,6459,6375
6582,6476,3959
6583,5447,3590
6584,6550,4462
6585,6524,4150
6586,6200,3457
6587,6423,5502
6588,4399,3836
6589,4316,2375
6590,5852,4372
6591,6577,6553
6592,5313,4293
6593,6584,6538
6594,146,37
6595,6374,4088
6596,4591,3395
6597,6491,171
6598,6540,5153
6599,6544,6497
6600,2393,2337
6601,5171,1141
6602,6571,6265
6603,6337,5727
6604,6593,5838
6605,5422,4367
6606,6490,3440
6607,6307,5802
6608,2343,1040
6609,6518,119
6610,3043,103
6611,6533,5856
6612,6574,2256
6613,6483,6448
6614,5384,2792
6615,4474,403
6616,6482,6413
6617,6561,1708
6618,6464,1825
6619,6181,2103
6620,4964,4117
6621,6187,1979
6622,6612,5209
6623,6605,1924
6624,6531,1991
6625,6532,6502
6626,2255,2174
6627,4252,3626
6628,4972,4757
6629,6618,6438
6630,6391,4076
6631,4508,3018
6632,4375,4244
6633,3307,3041
6634,6622,3269
6635,6311,9
6636,3254,1886
6637,4485,3413
6638,6437,1372
6639,6504,3958
6640,5133,270
6641,6604,6562
6642,3085,2546
6643,6585,6558
6644,6579,5696
6645,6548,6371
6646,4015,3492
6647,3470,1941
6648,6429,4440
6649,6606,6350
6650,6552,4246
6651,6451,1126
6652,6527,5553
6653,6634,6565
6654,5913,5708
6655,6617,3212
6656,6580,4433
6657,5983,2344
6658,6591,6523
6659,1577,1035
6660,6489,722
6661,5270,4118
6662,6641,6581
6663,2314,762
6664,6610,5631
6665,6616,1734
6666,3904,3079
6667,6397,3944
6668,6394,5518
6669,4041,3285
6670,3966,3922
6671,6475,5886
6672,6535,5472
6673,6520,4166
6674,6449,5359
6675,1180,527
6676,6572,6506
6677,3360,3094
6678,3907,1457
6679,4826,1345
6680,6269,4630
6681,6599,2564
6682,4371,2910
6683,5939,4093
6684,5078,4237
6685,6598,5166
6686,6645,793
6687,5930,5321
6688,5489,4226
6689,6655,1311
6690,6662,1692
6691,4300,4025
6692,4141,2844
6693,6624,987
6694,6653,5779
6695,6406,4023
6696,6498,6461
6697,5452,5001
6698,6545,6493
6699,5415,5324
6700,6597,1329
6701,3869,3210
6702,6431,5214
6703,6629,4471
6704,6643,4151
6705,6658,3971
6706,6694,5740
6707,3332,2176
6708,6582,5421
6709,3540,1400
6710,6689,4031
6711,6642,2329
6712,6519,5576
6713,6693,658
6714,5146,4350
6715,5851,1497
6716,6660,6417
6717,440,343
6718,6515,1375
6719,6588,4126
6720,6690,6625
6721,3384,287
6722,6536,5401
6723,6705,115
6724,6521,5466
6725,6534,2565
6726,4891,4441
6727,3900,2007
6728,6631,3286
6729,6611,5934
6730,6638,5931
6731,6230,4910
6732,6713,742
6733,3373,2584
6734,6542,200
6735,6453,3588
6736,1835,1605
6737,6649,3243
6738,6686,6672
6739,6517,1087
6740,6681,2550
6741,5555,4010
6742,4282,3258
6743,2507,2202
6744,6692,6637
6745,4187,3547
6746,6589,2432
6747,4074,2929
6748,5956,5596
6749,6720,3820
6750,2514,1746
6751,6564,3648
6752,6636,2047
6753,3385,1994
6754,6652,6516
6755,6749,6549
6756,6708,5318
6757,6627,3510
6758,6479,1498
6759,6644,963
6760,6706,6687
6761,6723,3299
6762,3103,2455
6763,6496,4021
6764,260,255
6765,6656,4034
6766,3375,3222
6767,6712,6567
6768,5434,2751
6769,6432,3221
6770,6556,2353
6771,6710,3960
6772,6428,3046
6773,5212,5104
6774,6755,6632
6775,6737,6447
6776,2276,17
6777,3136,491
6778,1877,1320
6779,6465,370
6780,4004,1415
6781,6547,4843
6782,1193,1006
6783,5888,5710
6784,6729,1337
6785,3721,4
6786,6709,5121
6787,6481,2010
6788,5624,3986
6789,4571,495
6790,6774,6569
6791,5019,3387
6792,5699,2988
6793,6756,6586
6794,5994,1707
6795,6685,4613
6796,6668,1450
6797,6771,5292
6798,6704,4191
6799,6512,4301
6800,1814,508
6801,3213,1266
6802,6738,4950
6803,6602,4263
6804,3910,1660
6805,6761,6726
6806,6359,4590
6807,5265,4915
6808,5677,1585
6809,3831,3225
6810,6665,4216
6811,3306,929
6812,6696,3918
6813,6805,4115
6814,6651,1693
6815,6677,5618
6816,6388,4906
6817,5817,219
6818,6802,6650
6819,6790,6734
6820,1967,1856
6821,6674,3382
6822,6732,4509
6823,6813,6784
6824,6730,6401
6825,6767,3743
6826,6795,5009
6827,3211,3209
6828,6787,6715
6829,6633,6575
6830,1299,1282
6831,6613,442
6832,6600,2282
6833,6797,2911
6834,1757,460
6835,6769,6587
6836,2472,1251
6837,3314,317
6838,6456,5144
6839,6595,4397
6840,6673,6573
6841,5385,3345
6842,6718,4581
6843,4733,4008
6844,6620,1503
6845,6635,184
6846,6702,5511
6847,4487,4285
6848,6740,5254
6849,6717,6675
6850,6546,4055
6851,4224,3817
6852,6779,3675
6853,6818,1114
6854,4393,1091
6855,6566,307
6856,6583,4442
6857,6826,4119
6858,6798,5202
6859,3554,3090
6860,5929,3172
6861,6353,279
6862,6848,6543
6863,6663,2081
6864,6760,6754
6865,4901,2130
6866,6812,3309
6867,6751,4674
6868,6630,5289
6869,6525,1224
6870,4929,4878
6871,4749,3132
6872,3123,2878
6873,3160,3087
6874,6819,6739
6875,6601,2218
6876,6810,5636
6877,6759,5717
6878,6735,3802
6879,4168,1068
6880,6537,4089
6881,4739,4394
6882,6716,6703
6883,6853,6822
6884,5306,5127
6885,6748,6664
6886,4668,2240
6887,3671,1230
6888,4939,3101
6889,6874,6752
6890,6695,4351
6891,3399,2759
6892,1125,626
6893,4941,2366
6894,5911,2480
6895,6507,3297
6896,1398,1037
6897,6462,3442
6898,5869,4875
6899,6823,5564
6900,6444,1463
6901,5083,2955
6902,6707,6385
6903,6509,3825
6904,6824,5820
6905,6889,6733
6906,6596,3197
6907,6669,1821
6908,439,108
6909,6829,4845
6910,3394,3257
6911,6803,6775
6912,6724,4122
6913,6899,6786
6914,6570,1424
6915,6833,5345
6916,6864,6791
6917,6736,339
6918,6684,202
6919,3921,1552
6920,6905,1883
6921,2494,192
6922,6700,310
6923,6920,3504
6924,6916,6770
6925,6828,6727
6926,6913,6863
6927,3283,3193
6928,5750,2962
6929,6788,6728
6930,5534,500
6931,6621,4954
6932,6876,4391
6933,6858,3929
6934,6356,2687
6935,6578,300
6936,6757,2621
6937,6639,1758
6938,4418,4006
6939,6722,6671
6940,6923,1557
6941,6603,5606
6942,6862,6857
6943,6557,5210
6944,2928,314
6945,6698,1737
6946,5237,1186
6947,6895,6831
6948,6915,1382
6949,438,259
6950,5096,5012
6951,4063,3619
6952,5664,3169
6953,6883,6367
6954,3228,2367
6955,6940,5149
6956,6890,4565
6957,5909,2019
6958,4743,2778
6959,6725,3854
6960,6657,906
6961,4059,3238
6962,6389,3488
6963,6903,2938
6964,6474,4347
6965,6948,935
6966,6667,3574
6967,5719,4496
6968,6924,5322
6969,5586,2361
6970,6926,6817
6971,6768,5808
6972,6838,6424
6973,6842,298
6974,6745,2335
6975,6878,6816
6976,6721,6608
6977,6942,2877
6978,3634,3312
6979,6965,344
6980,6846,5943
6981,5354,167
6982,3313,1831
6983,6615,6541
6984,6680,2185
6985,5272,1643
6986,6955,2360
6987,5821,5599
6988,6932,5331
6989,6970,2420
6990,6780,6555
6991,5858,3630
6992,6968,4245
6993,4454,545
6994,6986,6867
6995,6904,2388
6996,5004,2416
6997,6825,6777
6998,4377,1079
6999,6814,4464
7000,6731,4666
7001,6839,6623
7002,5988,5504
7003,6931,4738
7004,6793,3694
7005,6773,3672
7006,470,51
7007,3340,2423
7008,5830,1051
7009,4983,2686
7010,6992,6688
7011,6628,4611
7012,6929,5535
7013,587,118
7014,6808,5540
7015,6869,3192
7016,3002,1384
7017,7010,5739
7018,5548,1537
7019,6840,872
7020,5067,3003
7021,6979,6947
7022,6849,1367
7023,6763,1083
7024,6989,6896
7025,6994,1306
7026,5991,2742
7027,6988,876
7028,6933,189
7029,6925,860
7030,6927,6648
7031,6559,5368
7032,6866,6661
7033,6953,4835
7034,6943,1132
7035,7025,4588
7036,4310,2534
7037,5500,1168
7038,7017,6880
7039,6901,6882
7040,6526,6430
7041,6331,286
7042,4689,1819
7043,5350,3056
7044,7024,1606
7045,4979,4383
7046,6654,5925
7047,5281,4881
7048,6778,1017
7049,7027,6640
7050,7022,5242
7051,3198,1917
7052,6977,3785
7053,6966,4078
7054,3517,3472
7055,6844,6804
7056,6850,6799
7057,7039,1393
7058,292,238
7059,6554,1619
7060,7012,5818
7061,6510,5109
7062,6809,3527
7063,425,337
7064,7038,2105
7065,6911,2297
7066,6590,1253
7067,1876,360
7068,5032,3989
7069,7065,2056
7070,6473,3945
7071,2234,210
7072,7028,2454
7073,5493,4413
7074,6892,6845
7075,6619,4846
7076,6741,4099
7077,7035,5661
7078,6990,6450
7079,6888,1386
7080,6765,6746
7081,7033,6946
7082,498,275
7083,6697,1868
7084,6997,1894
7085,7019,3996
7086,6792,1959
7087,6679,2547
7088,6975,2638
7089,6666,3479
7090,7029,1529
7091,6854,4135
7092,7044,2170
7093,3514,1390
7094,5395,5358
7095,7064,6887
7096,7071,5746
7097,5678,5029
7098,6851,2143
7099,4029,312
7100,5949,1187
7101,6714,4097
7102,7092,1505
7103,7000,6806
7104,6885,2676
7105,1530,1379
7106,6935,3407
7107,5889,5810
7108,7095,7047
7109,6758,3581
7110,4796,3236
7111,7052,6909
7112,7004,6987
7113,5036,4475
7114,7077,5006
7115,7081,6789
7116,5456,736
7117,6941,5906
7118,2450,68
7119,6897,3329
7120,7045,6744
7121,5647,4914
7122,6938,3487
7123,6877,6800
7124,2567,838
7125,6594,1601
7126,7114,7015
7127,6995,278
7128,5448,5438
7129,6939,1218
7130,7072,6452
7131,6914,199
7132,6886,3549
7133,6830,1333
7134,7085,5600
7135,6719,3378
7136,4968,3380
7137,7043,6782
7138,5441,2296
7139,6614,2861
7140,6576,4273
7141,6894,1095
7142,7102,7090
7143,6856,1029
7144,7108,6647
7145,420,318
7146,7020,3061
7147,106,42
7148,7111,1101
7149,6820,1430
7150,3914,3868
7151,7036,879
7152,7115,2097
7153,7126,7018
7154,6907,4379
7155,7049,6821
7156,3773,3740
7157,4542,4313
7158,7021,1368
7159,6984,6659
7160,6999,46
7161,2060,1591
7162,7152,7087
7163,7032,4043
7164,5680,3435
7165,7153,3255
7166,5974,5569
7167,6982,4057
7168,7133,1297
7169,1710,1216
7170,6910,5391
7171,6762,4329
7172,6951,4054
7173,7069,5723
7174,7144,2508
7175,7174,6912
7176,3178,778
7177,5769,397
7178,7165,1034
7179,7148,6859
7180,7076,6835
7181,7008,2064
7182,7162,6879
7183,7058,6609
7184,4130,2897
7185,3940,3722
7186,5297,1919
7187,179,61
7188,6971,6796
7189,6412,892
7190,1204,88
7191,6978,229
7192,5751,5703
7193,5718,2461
7194,7178,1434
7195,6785,291
7196,2326,1041
7197,7112,1304
7198,7083,6815
7199,7182,1291
7200,7175,5686
7201,7142,7057
7202,6980,4430
7203,4857,4763
7204,6959,6743
7205,7123,7014
7206,6766,3084
7207,805,635
7208,7194,3972
7209,7158,1579
7210,4406,2678
7211,7002,1586
7212,299,186
7213,334,258
7214,4295,4279
7215,5475,705
7216,4898,416
7217,7088,3995
7218,5617,5074
7219,6881,6772
7220,3669,1206
7221,2943,2836
7222,5601,1787
7223,7050,1602
7224,4343,4305
7225,6742,4553
7226,7034,4597
7227,5577,3832
7228,7009,629
7229,6945,6922
7230,6711,5793
7231,6783,5689
7232,7041,6568
7233,3402,3322
7234,3803,3024
7235,5145,2743
7236,7200,7001
7237,4337,3876
7238,4813,4677
7239,5849,5602
7240,6678,4259
7241,7167,3775
7242,7209,5425
7243,5900,5797
7244,1923,1648
7245,6983,423
7246,7208,2160
7247,4899,2324
7248,7150,7120
7249,6956,6841
7250,2637,2088
7251,7179,5508
7252,7080,2112
7253,5194,3818
7254,7201,6919
7255,7135,6400
7256,7246,7055
7257,3021,129
7258,6969,2880
7259,7256,7129
7260,6750,2150
7261,7219,2866
7262,6875,1417
7263,7053,4482
7264,7084,2485
7265,6646,3638
7266,7236,7197
7267,6906,400
7268,7254,2978
7269,5895,1932
7270,6832,2096
7271,7042,3128
7272,4030,2197
7273,6936,4127
7274,7168,15
7275,7110,7031
7276,7163,4225
7277,7079,5224
7278,5637,1532
7279,3653,476
7280,7176,7134
7281,6937,5809
7282,6676,4767
7283,1435,1028
7284,4160,3231
7285,5910,1466
7286,7137,7091
7287,4499,3821
7288,4691,3311
7289,7251,7195
7290,5365,2078
7291,7060,3622
7292,6776,1350
7293,5387,3642
7294,7233,2827
7295,7266,6781
7296,6972,593
7297,5233,4219
7298,7264,2646
7299,7204,28
7300,7173,6699
7301,6801,784
7302,2602,1044
7303,7074,5279
7304,6976,1422
7305,5692,1358
7306,5691,1827
7307,5533,1149
7308,6930,3347
7309,1348,350
7310,7073,2608
7311,5848,4235
7312,6836,1645
7313,7046,4468
7314,7268,7100
7315,3165,2760
7316,4675,3532
7317,6855,280
7318,7242,2798
7319,4600,1408
7320,7011,1824
7321,7205,7141
7322,7211,5777
7323,7109,5706
7324,3824,2993
7325,6921,6898
7326,7223,7106
7327,7181,6670
7328,7318,739
7329,3170,1656
7330,6928,1127
7331,6985,1860
7332,6868,6607
7333,7280,3859
7334,7289,5407
7335,4543,2881
7336,7231,7127
7337,5065,4253
7338,7199,1560
7339,3155,2372
7340,6981,862
7341,7258,7078
7342,7145,272
7343,7155,3049
7344,5731,1748
7345,4985,4583
7346,2757,1108
7347,7295,7121
7348,4911,1624
7349,7139,2812
7350,7003,6973
7351,6950,1473
7352,7259,7037
7353,7089,3232
7354,7169,1761
7355,7273,1885
7356,7104,5286
7357,7338,4703
7358,7328,4345
7359,7312,2408
7360,7245,7006
7361,6682,4973
7362,7125,6944
7363,7062,3778
7364,6960,1164
7365,6963,452
7366,6949,3835
7367,7314,1904
7368,4932,4294
7369,7291,5803
7370,5961,4839
7371,7248,3624
7372,5877,1429
7373,7296,4037
7374,7352,5488
7375,7075,6884
7376,7358,3984
7377,6860,6837
7378,7282,4641
7379,7067,6794
7380,7367,3009
7381,7128,4239
7382,7347,7086
7383,3397,3161
7384,6934,2493
7385,5008,4437
7386,7124,791
7387,6974,2509
7388,7059,6811
7389,7171,4768
7390,3895,1613
7391,5945,5778
7392,7357,6747
7393,5563,331
7394,7380,3348
7395,7308,4292
7396,6961,5397
7397,7355,7334
7398,7172,4461
7399,3705,468
7400,7374,7333
7401,7103,1062
7402,7250,2300
7403,7394,4410
7404,6872,4261
7405,7300,7263
7406,4258,3751
7407,7232,1237
7408,6954,837
7409,7252,5980
7410,6891,5155
7411,7343,5712
7412,7023,3073
7413,7160,5195
7414,7382,7180
7415,7376,7170
7416,7159,7122
7417,7131,3892
7418,7130,4416
7419,7298,1925
7420,5590,395
7421,7403,1510
7422,4400,4026
7423,7277,6993
7424,6917,2136
7425,3735,2635
7426,4726,3052
7427,7040,7030
7428,4504,4325
7429,7140,6753
7430,7392,1214
7431,7117,6560
7432,6290,2837
7433,7241,3499
7434,7411,7369
7435,6852,1454
7436,1274,1067
7437,7225,3728
7438,7421,7274
7439,1376,923
7440,7271,3887
7441,7302,6701
7442,7229,7147
7443,7066,1679
7444,7299,122
7445,5294,916
7446,5670,975
7447,7154,5266
7448,3618,1891
7449,6865,2458
7450,7056,4467
7451,7400,5958
7452,6952,2738
7453,5356,5124
7454,7414,2781
7455,3764,1209
7456,2152,1580
7457,7438,7371
7458,4560,565
7459,984,70
7460,6962,4572
7461,6344,143
7462,3354,3122
7463,7240,7226
7464,6511,223
7465,7454,6683
7466,5268,3006
7467,7397,5378
7468,7415,3665
7469,7401,5429
7470,4695,3702
7471,4133,3812
7472,7202,5957
7473,7151,1156
7474,7118,4984
7475,5162,4587
7476,5432,5234
7477,7378,7007
7478,7467,5056
7479,6908,6
7480,6843,4251
7481,7465,7391
7482,5002,3978
7483,7105,2310
7484,2248,1452
7485,7451,662
7486,7005,5390
7487,7261,6871
7488,7434,7356
7489,7320,4577
7490,7188,7051
7491,7101,5315
7492,7305,346
7493,7418,473
7494,7149,1217
7495,7419,1111
7496,7468,1976
7497,7284,4699
7498,5566,2258
7499,4095,4079
7500,7198,4535
7501,7485,7196
7502,7469,4686
7503,7260,6902
7504,6964,4221
7505,1551,1002
7506,7332,7061
7507,7478,7301
7508,7026,2895
7509,5211,2996
7510,7218,5660
7511,5538,1362
7512,7227,3797
7513,7216,4376
7514,7276,5340
7515,7234,3657
7516,7119,2405
7517,5975,1279
7518,5487,5192
7519,7501,7293
7520,7412,6873
7521,7349,2926
7522,7082,196
7523,7322,7321
7524,7496,3631
7525,7483,776
7526,7457,7389
7527,7424,1507
7528,7138,572
7529,7354,6834
7530,7430,789
7531,7519,5771
7532,7481,5594
7533,5164,4497
7534,7524,7189
7535,1870,1562
7536,7364,7326
7537,7336,1353
7538,7116,972
7539,7475,6870
7540,7407,1471
7541,7531,7262
7542,7507,6861
7543,3932,435
7544,7214,2530
7545,3331,383
7546,7315,579
7547,3913,2006
7548,7222,424
7549,3858,3251
7550,4735,2677
7551,7526,7390
7552,5965,4330
7553,7309,3432
7554,5759,4451
7555,7409,7372
7556,7048,1104
7557,7534,5450
7558,7215,2594
7559,6893,2643
7560,3615,1914
7561,7444,7190
7562,2311,95
7563,7203,4766
7564,5903,1128
7565,5815,4213
7566,7541,7495
7567,5118,716
7568,4412,1955
7569,4923,4874
7570,7013,2711
7571,5016,446
7572,7417,7132
7573,7494,7303
7574,5589,610
7575,7439,5455
7576,7530,7093
7577,5201,249
7578,7489,4174
7579,7359,5517
7580,7097,5000
7581,7431,7235
7582,3917,266
7583,7323,5927
7584,5028,3877
7585,7342,161
7586,7286,2260
7587,7551,1681
7588,7385,7275
7589,5720,3202
7590,4443,2535
7591,7471,7221
7592,7353,5843
7593,7294,3875
7594,7330,1033
7595,7557,7341
7596,7319,529
7597,7384,4728
7598,1729,191
7599,1402,365
7600,7217,4727
7601,3376,3016
7602,7387,1878
7603,7566,5066
7604,7587,5267
7605,7377,358
7606,4177,1543
7607,7405,7113
7608,7287,2207
7609,7542,7278
7610,7555,7257
7611,7576,7459
7612,7604,915
7613,7532,7249
7614,7515,6847
7615,7544,4212
7616,7547,5196
7617,2825,2593
7618,7609,7509
7619,7612,7570
7620,4455,4092
7621,149,10
7622,7423,3730
7623,1614,1269
7624,1913,1085
7625,2379,2286
7626,7603,5327
7627,7373,3082
7628,3594,412
7629,3985,3218
7630,7447,639
7631,7281,7099
7632,7563,7502
7633,3182,2641
7634,7448,5047
7635,7626,1322
7636,4858,3613
7637,7339,2098
7638,3339,1739
7639,5283,1826
7640,7220,4278
7641,6626,5711
7642,4352,4065
7643,7350,7304
7644,7619,5531
7645,5868,3792
7646,7094,547
7647,4448,2459
7648,7635,2148
7649,1370,407
7650,7600,7440
7651,4922,933
7652,3162,1460
7653,7648,7488
7654,7325,2590
7655,5964,5860
7656,7166,3044
7657,7503,7270
7658,316,306
7659,7267,7210
7660,3651,256
7661,7279,2467
7662,7413,4693
7663,4179,1378
7664,7644,5235
7665,7643,7442
7666,7183,273
7667,4085,1912
7668,7618,5449
7669,7613,7450
7670,1686,363
7671,7559,1076
7672,7472,2572
7673,7212,351
7674,7460,1548
7675,993,765
7676,5622,4022
7677,7445,7386
7678,7611,7540
7679,7656,4606
7680,7446,5367
7681,5442,2634
7682,5933,5440
7683,7573,979
7684,4203,3078
7685,7346,7143
7686,7664,7340
7687,6918,236
7688,7435,7206
7689,7324,475
7690,7607,7493
7691,7463,5773
7692,5280,5058
7693,7561,7473
7694,7508,2691
7695,7668,1590
7696,5026,3505
7697,7578,4803
7698,7500,7054
7699,4936,3275
7700,7539,1116
7701,7307,7269
7702,7238,4458
7703,7669,7610
7704,1247,790
7705,7703,7672
7706,7230,5873
7707,7164,5971
7708,4836,3483
7709,7477,1113
7710,466,313
7711,5276,2921
7712,5524,2069
7713,7193,2470
7714,4994,1634
7715,7098,268
7716,7228,3127
7717,5861,2139
7718,7686,2854
7719,7520,1651
7720,1394,434
7721,7224,5316
7722,7161,7096
7723,7527,7517
7724,1359,843
7725,7063,133
7726,7213,7187
7727,7523,5894
7728,7470,7360
7729,7255,848
7730,5701,2714
7731,7363,25
7732,7311,2034
7733,6991,5864
7734,7631,91
7735,3409,2947
7736,5126,2995
7737,5190,3289
7738,7361,1983
7739,5833,1257
7740,7678,7677
7741,7548,2141
7742,7698,7695
7743,4761,1568
7744,7366,694
7745,1437,1210
7746,7521,2829
7747,7443,1170
7748,7605,949
7749,7427,263
7750,7288,7265
7751,7606,5317
7752,7348,6807
7753,5311,1118
7754,7456,7437
7755,4271,3948
7756,7705,5872
7757,5960,5688
7758,2557,2510
7759,3750,3428
7760,7584,943
7761,3020,2075
7762,7756,5404
7763,7718,7368
7764,3074,849
7765,4178,2885
7766,7653,1859
7767,7685,2615
7768,7595,1818
7769,7556,1319
7770,7766,1666
7771,2079,1414
7772,7740,940
7773,7536,1032
7774,7763,4681
7775,185,67
7776,7762,5076
7777,6996,4519
7778,7550,4019
7779,7768,796
7780,7388,2673
7781,7772,3104
7782,7297,2213
7783,4882,1250
7784,4957,4217
7785,7781,1211
7786,4576,1811
7787,7598,1839
7788,7474,2414
7789,7779,7774
7790,7186,4801
7791,4018,361
7792,4220,1312
7793,4744,203
7794,7379,1340
7795,1494,175
7796,7290,4534
7797,7770,2495
7798,7785,7665
7799,7497,803
7800,4395,248
7801,7016,3873
7802,7727,1559
7803,4792,1395
7804,7588,7449
7805,7402,601
7806,7728,7316
7807,5482,2411
7808,7583,5523
7809,7070,3632
7810,7797,7560
7811,176,31
7812,3964,2313
7813,7441,3462
7814,6900,2251
7815,7416,1122
7816,4403,781
7817,2465,2215
7818,7670,7630
7819,7733,1701
7820,7514,4241
7821,7650,7487
7822,274,205
7823,7498,686
7824,7674,7429
7825,7632,2945
7826,7742,3884
7827,7362,2228
7828,7810,7535
7829,7453,3515
7830,3404,1571
7831,7637,7627
7832,5185,3224
7833,5363,1456
7834,457,56
7835,7581,134
7836,7776,7625
7837,7828,2371
7838,2671,1927
7839,2278,1709
7840,7709,2712
7841,7657,2091
7842,7837,1022
7843,3536,1611
7844,7683,7628
7845,4283,3500
7846,3762,137
7847,7589,5844
7848,7723,7579
7849,5800,3168
7850,5922,2961
7851,7662,5274
7852,3822,3661
7853,5085,213
7854,4764,3386
7855,7842,7655
7856,7693,1768
7857,2788,2543
7858,3729,232
7859,4933,1339
7860,7773,1965
7861,7761,7554
7862,5168,598
7863,7622,7375
7864,7855,2107
7865,7572,2970
7866,7327,2220
7867,1622,1075
7868,7614,7351
7869,7659,1313
7870,1587,496
7871,7365,254
7872,7836,7680
7873,7177,4658
7874,7821,3544
7875,7804,6998
7876,7864,4578
7877,7335,4517
7878,7654,3791
7879,7789,7331
7880,7146,3248
7881,3991,2189
7882,7826,7755
7883,5954,5867
7884,7525,7404
7885,4682,1556
7886,5007,750
7887,3925,1388
7888,7719,7702
7889,4086,3896
7890,7283,1285
7891,7537,104
7892,7820,5151
7893,7433,6236
7894,7552,2456
7895,4716,3847
7896,3392,3158
7897,7504,7420
7898,7708,13
7899,7529,7306
7900,7713,7432
7901,7398,7381
7902,5807,4549
7903,7751,2542
7904,7729,1697
7905,5558,3342
7906,7716,7638
7907,7882,194
7908,7794,1410
7909,7597,2354
7910,5583,426
7911,7860,4777
7912,7802,2436
7913,7884,7856
7914,7247,1365
7915,7874,7815
7916,3389,304
7917,7900,541
7918,7847,7691
7919,7586,5423
7920,7617,4717
7921,7808,7452
7922,7907,4736
7923,7410,3270
7924,4000,3501
7925,7798,517
7926,4424,1441
7927,2551,1119
7928,5782,1175
7929,7769,1129
7930,7749,109
7931,4540,2665
7932,7748,3865
7933,7746,7399
7934,7848,7624
7935,7902,4163
7936,7922,7876
7937,7818,1327
7938,7881,7788
7939,4275,1409
7940,7841,7722
7941,5963,5587
7942,7688,7395
7943,7136,2210
7944,178,84
7945,7840,7575
7946,4148,303
7947,1810,283
7948,7813,5349
7949,5428,2476
7950,7569,3437
7951,7479,493
7952,2188,1324
7953,1691,1030
7954,5976,2633
7955,7879,2847
7956,5902,1061
7957,481,87
7958,451,130
7959,7591,3682
7960,7640,6592
7961,7741,7484
7962,504,319
7963,7184,2266
7964,5822,3017
7965,3215,2529
7966,7930,3744
7967,5068,415
7968,7721,4005
7969,5075,3795
7970,7717,7546
7971,4320,3316
7972,7706,3480
7973,5669,3318
7974,7846,3709
7975,4332,836
7976,7651,7574
7977,7715,2720
7978,7426,4199
7979,7615,7253
7980,7593,4992
7981,7476,4098
7982,7825,746
7983,4411,2965
7984,7867,7787
7985,7814,7608
7986,5049,1134
7987,5770,4495
7988,7671,7602
7989,7700,4531
7990,3774,1973
7991,7891,7872
7992,7955,4608
7993,7492,1795
7994,7934,7641
7995,4114,2237
7996,5875,2376
7997,7863,7851
7998,7929,1677
7999,3396,3007
8000,7992,7911
8001,7734,5419
8002,3039,1872
8003,7666,1655
8004,7699,3035
8005,7807,155
8006,7594,5700
8007,7673,1950
8008,1952,1625
8009,5890,5537
8010,7875,7645
8011,7831,7730
8012,7553,1181
8013,7936,659
8014,7568,7337
8015,7940,1120
8016,7925,4709
8017,7865,7512
8018,7506,6469
8019,8018,7486
8020,7370,114
8021,7313,5091
8022,7801,7191
8023,7393,5052
8024,7344,1740
8025,7827,1323
8026,7835,5685
8027,4988,4977
8028,7991,2082
8029,7780,2050
8030,944,800
8031,7185,5291
8032,5743,4769
8033,8016,540
8034,7937,7904
8035,7767,6764
8036,5163,1704
8037,3663,624
8038,7982,7913
8039,7844,510
8040,7969,7868
8041,7422,4107
8042,7689,2848
8043,7920,655
8044,7823,7285
8045,7901,7690
8046,7899,2348
8047,7976,7580
8048,2072,772
8049,7961,7739
8050,4756,4110
8051,8028,5106
8052,480,233
8053,5675,1502
8054,3256,3062
8055,7861,3230
8056,8034,7480
8057,1572,461
8058,7738,2327
8059,8045,7707
8060,7720,3806
8061,7765,2303
8062,7974,1833
8063,7945,7919
8064,7989,7917
8065,4432,878
8066,5634,3325
8067,7649,1346
8068,1875,296
8069,7687,4016
8070,8000,1184
8071,7829,4935
8072,4718,3277
8073,3625,2753
8074,7903,7406
8075,7675,7292
8076,5665,4574
8077,5607,3947
8078,4324,1066
8079,4616,1453
8080,7676,3383
8081,7436,7239
8082,4500,2597
8083,8033,7558
8084,8015,2023
8085,8039,7908
8086,3855,3811
8087,7892,7731
8088,1749,411
8089,7793,5105
8090,467,322
8091,7621,348
8092,7661,7528
8093,7745,1167
8094,5330,139
8095,8013,2385
8096,7513,7491
8097,7966,3050
8098,7505,5277
8099,8051,7620
8100,8095,7759
8101,7997,7843
8102,8070,444
8103,7750,7694
8104,7888,7592
8105,8006,7878
8106,7912,1146
8107,7754,3852
8108,8102,4706
8109,7461,1
8110,7968,928
8111,2896,2254
8112,7747,5972
8113,7599,7510
8114,7942,4692
8115,7980,7906
8116,8012,2867
8117,7816,865
8118,2883,297
8119,5870,2457
8120,7681,3464
8121,7764,4124
8122,7744,3509
8123,8108,909
8124,8083,606
8125,5733,966
8126,8099,3293
8127,5855,4513
8128,7923,2771
8129,8126,7243
8130,8047,7819
8131,717,528
8132,2907,1016
8133,7697,4802
8134,8124,7726
8135,5444,110
8136,7894,5023
8137,8106,5592
8138,8123,7994
8139,5246,995
8140,5859,2169
8141,7849,7428
8142,7652,3054
8143,7629,2688
8144,4365,3086
8145,7778,2761
8146,7877,4798
8147,3837,2656
8148,8026,7946
8149,8046,1714
8150,8020,4336
8151,8129,4856
8152,7916,1776
8153,3725,3081
8154,3952,2252
8155,7978,7458
8156,7499,3578
8157,8063,2705
8158,1361,1238
8159,7871,7156
8160,7107,5754
8161,8017,604
8162,8134,1396
8163,6958,1380
8164,7932,7736
8165,4825,3048
8166,5471,4883
8167,5955,2745
8168,8100,1461
8169,3350,3305
8170,8138,7970
8171,7938,7918
8172,7886,5405
8173,8168,7996
8174,8137,1897
8175,7696,5823
8176,8170,2462
8177,7954,1508
8178,441,341
8179,8136,5528
8180,5499,1014
8181,8173,8092
8182,7963,7490
8183,2486,1563
8184,387,144
8185,7786,3575
8186,8003,7858
8187,8059,8021
8188,7549,5437
8189,8176,3953
8190,3494,1499
8191,8057,7585
8192,3418,1600
8193,3296,1832
8194,7516,4896
8195,5738,1194
8196,2446,2009
8197,2990,1391
8198,7799,4477
8199,7869,5130
8200,8181,7921
8201,7796,1516
8202,7068,586
8203,7852,5323
8204,3882,227
8205,7425,1939
8206,8189,8132
8207,2478,1354
8208,5154,2390
8209,3898,751
8210,8064,4511
8211,5757,3424
8212,7701,1665
8213,3058,234
8214,3767,1793
8215,1638,602
8216,3235,7
8217,8162,3801
8218,8151,1626
8219,8043,1445
8220,7310,1381
8221,8218,8112
8222,8200,8122
8223,7660,7317
8224,5937,5893
8225,3336,2810
8226,8206,8085
8227,7803,1160
8228,7979,3417
8229,211,111
8230,8222,4814
8231,7988,7616
8232,7933,7533
8233,5850,5571
8234,8040,1403
8235,7812,5305
8236,8230,904
8237,7329,5970
8238,4319,3591
8239,7985,1159
8240,8058,7596
8241,7543,5494
8242,8084,8029
8243,7972,7455
8244,7545,1515
8245,8130,8010
8246,7704,2933
8247,8217,38
8248,8174,7511
8249,8187,8041
8250,8113,7915
8251,7833,1263
8252,8149,8024
8253,8001,2625
8254,8247,990
8255,7679,4419
8256,8236,190
8257,8105,7953
8258,8256,8053
8259,8080,3931
8260,3433,3154
8261,8146,7408
8262,6967,4038
8263,8254,1050
8264,8101,605
8265,7682,4061
8266,8143,1472
8267,8097,8022
8268,3710,1763
8269,2489,1642
8270,8056,7482
8271,8103,2726
8272,8023,2889
8273,1721,1183
8274,7987,3621
8275,4664,3115
8276,8019,3727
8277,7806,7805
8278,8258,5054
8279,7714,5013
8280,7396,4104
8281,7862,7538
8282,8212,8044
8283,7993,7931
8284,1008,58
8285,4634,3126
8286,8071,7885
8287,7800,1936
8288,8038,4737
8289,4214,157
8290,8278,8264
8291,5920,4725
8292,8255,8171
8293,7562,4952
8294,8245,8221
8295,8107,1351
8296,5836,5063
8297,3227,93
8298,8263,1694
8299,8030,5985
8300,8228,3431
8301,7977,7857
8302,8161,3452
8303,8246,8117
8304,506,436
8305,8011,5716
8306,8120,7464
8307,7897,3787
8308,7157,2716
8309,8290,8074
8310,8035,4342
8311,7737,2125
8312,3697,1796
8313,3303,142
8314,8164,187
8315,7949,5245
8316,8133,8110
8317,8075,5336
8318,7771,4816
8319,8114,5092
8320,8298,4907
8321,8250,2750
8322,7928,692
8323,5057,2739
8324,7522,24
8325,3616,1863
8326,8087,3531
8327,8309,3611
8328,8194,7633
8329,7914,2295
8330,8025,1314
8331,8320,743
8332,7960,5501
8333,8121,4243
8334,7795,7345
8335,8175,3602
8336,8257,8226
8337,8295,2033
8338,8104,8086
8339,8027,982
8340,8067,2068
8341,165,30
8342,7926,4069
8343,8331,1305
8344,1191,588
8345,3419,2767
8346,8339,8288
8347,5724,5426
8348,8188,7782
8349,7634,3639
8350,8204,2785
8351,5698,288
8352,8302,2707
8353,5790,5257
8354,4149,1355
8355,8327,734
8356,7909,328
8357,2146,2127
8358,8219,8157
8359,8210,7758
8360,5435,2856
8361,7927,4781
8362,2165,1569
8363,7880,3011
8364,8240,710
8365,2406,1706
8366,8336,1426
8367,7998,1493
8368,4483,373
8369,1670,1561
8370,3055,2853
8371,8252,8248
8372,8366,8158
8373,4573,454
8374,8321,824
8375,8294,8198
8376,4779,1155
8377,8147,4778
8378,8355,8155
8379,8372,2247
8380,8199,448
8381,1316,325
8382,8343,874
8383,3756,1802
8384,5392,1244
8385,7975,1862
8386,347,327
8387,5039,3788
8388,8337,8115
8389,5107,4759
8390,418,63
8391,7866,4238
8392,5053,4268
8393,7809,3736
8394,1942,419
8395,8346,685
8396,8275,5022
8397,8008,5138
8398,2417,1841
8399,8378,562
8400,8319,8234
8401,8379,4632
8402,2503,1581
8403,7639,5446
8404,8271,7910
8405,5129,5037
8406,8172,7983
8407,8249,7571
8408,8375,712
8409,5626,1233
8410,4712,4533
8411,8042,377
8412,8078,166
8413,8227,8060
8414,3974,3063
8415,8408,8177
8416,7984,7850
8417,8322,4194
8418,7873,4049
8419,8399,5575
8420,4075,3992
8421,1385,1189
8422,8419,1152
8423,8352,8036
8424,8358,8093
8425,8374,1658
8426,8242,8073
8427,5863,302
8428,5776,5753
8429,8314,7582
8430,5905,5862
8431,7964,2226
8432,8166,2644
8433,8182,1741
8434,8259,8119
8435,4254,3951
8436,8415,2116
8437,8422,8316
8438,8185,8065
8439,7895,7760
8440,8436,8096
8441,8401,8282
8442,5547,4423
8443,8359,8214
8444,3699,2835
8445,8326,1852
8446,3874,1784
8447,7839,1599
8448,3204,2110
8449,8205,3649
8450,1641,672
8451,7752,4794
8452,4586,3038
8453,8152,2863
8454,8425,8048
8455,2657,1728
8456,8407,4389
8457,7790,2
8458,3871,3580
8459,8440,5379
8460,5623,924
8461,8397,7948
8462,7893,2570
8463,5300,3880
8464,2167,39
8465,3471,3351
8466,5912,3949
8467,2156,1774
8468,8142,1451
8469,4139,2345
8470,8270,7845
8471,2346,2020
8472,4384,3849
8473,8135,4943
8474,7777,3667
8475,8406,1317
8476,4934,3367
8477,8262,8055
8478,8437,7935
8479,5944,5644
8480,5402,3983
8481,3851,8
8482,8340,856
8483,8395,1766
8484,7383,3151
8485,5010,3278
8486,8301,4622
8487,5666,3579
8488,8441,936
8489,8424,8382
8490,5561,217
8491,8276,5302
8492,8488,846
8493,5609,2386
8494,8330,7905
8495,7944,499
8496,8054,5103
8497,7577,2864
8498,5598,4002
8499,8328,8050
8500,7967,148
8501,8492,2094
8502,1431,701
8503,8334,3481
8504,7981,5348
8505,8501,1995
8506,8478,8061
8507,7986,3460
8508,4657,2773
8509,5495,4928
8510,8505,1786
8511,8231,2084
8512,8209,4919
8513,8303,2599
8514,8235,2652
8515,8292,1064
8516,8461,7817
8517,8459,3071
8518,8517,4421
8519,8506,8224
8520,8267,5112
8521,2357,2245
8522,8510,761
8523,8281,983
8524,5319,1182
8525,8522,669
8526,7244,4618
8527,8519,8300
8528,8445,4333
8529,4940,2087
8530,8310,3130
8531,7732,2219
8532,8418,8148
8533,8433,1682
8534,8239,2157
8535,8251,8180
8536,8081,8049
8537,5229,5069
8538,8523,8518
8539,7951,92
8540,8002,7783
8541,4493,269
8542,8195,6957
8543,8462,4274
8544,2973,1855
8545,8525,7939
8546,8527,7647
8547,2872,1963
8548,7943,2040
8549,7824,4602
8550,5645,3808
8551,5854,3981
8552,8380,8179
8553,3829,336
8554,8159,4524
8555,8529,1019
8556,8546,8404
8557,1986,779
8558,4673,1689
8559,2960,1145
8560,8391,2039
8561,5921,2298
8562,7990,7883
8563,8426,2669
8564,5353,240
8565,8364,7784
8566,4032,2131
8567,4623,989
8568,5238,209
8569,8423,8232
8570,8447,1221
8571,7724,2046
8572,7667,4140
8573,7711,3771
8574,8220,5072
8575,8466,5516
8576,8160,1094
8577,5915,4017
8578,5527,2042
8579,5663,2782
8580,8545,553
8581,2787,1521
8582,7775,1700
8583,8454,5514
8584,1690,1267
8585,8413,1117
8586,8388,2319
8587,5608,1009
8588,8004,4548
8589,4965,4959
8590,8483,988
8591,8277,4700
8592,8580,8443
8593,4887,1054
8594,8202,3976
8595,8556,8482
8596,4472,4385
8597,8361,2090
8598,4997,4570
8599,3291,3206
8600,8538,3645
8601,5400,4961
8602,5826,5671
8603,8367,8284
8604,8470,7743
8605,3102,2496
8606,8590,977
8607,7947,3813
8608,8600,8528
8609,7646,5132
8610,8098,691
8611,3393,3226
8612,3014,2045
8613,7564,4701
8614,8533,1442
8615,8225,4425
8616,1957,1459
8617,8592,8535
8618,8253,8116
8619,7565,2701
8620,2577,2223
8621,4924,4650
8622,5749,1310
8623,8489,4751
8624,8356,768
8625,7958,1934
8626,8456,5479
8627,8385,1594
8628,5814,1895
8629,8131,859
8630,8540,8315
8631,7684,1173
8632,8511,571
8633,8617,8416
8634,7272,3508
8635,8091,422
8636,8118,201
8637,5506,484
8638,8338,1980
8639,8088,2983
8640,8626,8156
8641,8183,1780
8642,4958,4869
8643,8595,740
8644,1628,1151
8645,214,164
8646,8604,8438
8647,5332,3930
8648,4366,1059
8649,8583,8140
8650,2891,2036
8651,8400,3923
8652,1535,1243
8653,1972,576
8654,8623,8606
8655,5015,55
8656,3475,3150
8657,2979,2802
8658,7890,4762
8659,8350,7854
8660,8381,2561
8661,2682,2429
8662,8111,1136
8663,8521,5756
8664,8520,8377
8665,2095,1756
8666,5198,729
8667,8109,193
8668,8586,8333
8669,8450,1492
8670,4390,4128
8671,5828,1779
8672,8412,2552
8673,8429,1903
8674,7887,1582
8675,8342,8127
8676,8390,52
8677,8323,1549
8678,8243,5839
8679,8638,8072
8680,3398,3308
8681,8534,1021
8682,8283,1592
8683,8128,7207
8684,8272,3262
8685,5825,1072
8686,7792,3201
8687,8389,8125
8688,5709,1005
8689,4873,4568
8690,8643,1945
8691,8633,2629
8692,8569,1671
8693,8571,2093
8694,8608,8167
8695,8591,877
8696,2269,719
8697,1609,1558
8698,8468,3233
8699,4967,4561
8700,2636,1922
8701,8690,814
8702,5748,5585
8703,7838,145
8704,8691,5351
8705,8434,1258
8706,4902,2270
8707,8701,4955
8708,8673,474
8709,4452,4398
8710,5120,212
8711,1545,1166
8712,8191,66
8713,8089,3841
8714,8694,1328
8715,8238,8150
8716,8197,2690
8717,2505,1596
8718,8186,332
8719,3560,3334
8720,8237,7898
8721,3543,1428
8722,8349,3134
8723,8291,241
8724,3881,2186
8725,2858,1147
8726,8201,8196
8727,8439,2312
8728,8707,3839
8729,8491,3668
8730,5982,886
8731,2280,1470
8732,4551,414
8733,7642,3490
8734,7959,2958
8735,4205,3135
8736,8318,8279
8737,2833,2221
8738,5714,3754
8739,8704,5414
8740,3484,2700
8741,8502,2957
8742,8640,333
8743,8614,8474
8744,342,80
8745,8570,3890
8746,8487,5673
8747,8494,8306
8748,8068,831
8749,2994,1743
8750,7712,1192
8751,5567,1227
8752,4850,4747
8753,8566,7971
8754,8739,3658
8755,8728,1468
8756,8755,8696
8757,8714,78
8758,3635,2925
8759,8515,2544
8760,3042,2539
8761,8754,8695
8762,3585,1820
8763,8165,4566
8764,8742,2515
8765,8585,3186
8766,8757,8514
8767,3133,3114
8768,8536,8329
8769,8660,4931
8770,8761,3080
8771,5880,4580
8772,5730,5630
8773,8215,3037
8774,5568,4136
8775,8766,2799
8776,8325,5551
8777,8678,8560
8778,5942,622
8779,8681,2168
8780,8759,8467
8781,8460,822
8782,4772,3776
8783,8756,8679
8784,8649,8398
8785,8594,1109
8786,8668,2409
8787,4299,3620
8788,8490,2263
8789,1226,850
8790,8552,748
8791,8780,1048
8792,2483,1916
8793,8207,7636
8794,8770,8516
8795,8052,225
8796,8090,430
8797,8305,2600
8798,8289,5094
8799,8317,8062
8800,8449,3288
8801,8513,2920
8802,8775,4331
8803,7567,3701
8804,8651,8312
8805,464,54
8806,5760,3280
8807,8685,8563
8808,8532,4334
8809,7601,3032
8810,8718,32
8811,8784,866
8812,5582,1620
8813,8362,8296
8814,2404,1901
8815,8261,4512
8816,8463,7753
8817,7822,335
8818,5765,3143
8819,8610,3703
8820,5853,5729
8821,7896,5515
8822,3924,643
8823,8802,8037
8824,8543,4206
8825,5539,524
8826,8549,5604
8827,4617,698
8828,8417,8371
8829,8783,4592
8830,8178,1484
8831,8764,4198
8832,8794,715
8833,8787,2941
8834,8832,1964
8835,5061,2216
8836,8829,4974
8837,8458,4688
8838,5174,2241
8839,8497,1788
8840,8411,2871
8841,8834,8539
8842,7950,5653
8843,8823,8244
8844,8562,3247
8845,3685,2323
8846,8554,8473
8847,4582,2524
8848,1371,459
8849,8836,4585
8850,8363,3364
8851,8448,5572
8852,3889,745
8853,8493,8365
8854,4346,3556
8855,5908,2413
8856,8646,7952
8857,3264,2651
8858,8786,5161
8859,7834,5252
8860,1669,1249
8861,8627,8567
8862,2162,808
8863,8849,3121
8864,8863,8578
8865,8841,8154
8866,5186,1576
8867,8811,4865
8868,4741,1298
8869,8457,3844
8870,8808,7962
8871,8864,8674
8872,8654,523
8873,5796,4780
8874,8865,1363
8875,5219,4746
8876,5805,594
8877,8477,5352
8878,4201,3804
8879,8856,8512
8880,8874,3405
8881,2658,2463
8882,8496,5208
8883,8163,5542
8884,8632,548
8885,3147,2537
8886,8867,2727
8887,8871,1908
8888,8858,657
8889,8713,1864
8890,8145,2953
8891,8880,8576
8892,1309,1215
8893,8299,5060
8894,3274,1762
8895,8831,4082
8896,8887,8843
8897,5597,2969
8898,5055,3716
8899,8548,8009
8900,8193,4453
8901,8745,8373
8902,8891,1966
8903,8565,8509
8904,5741,4694
8905,8705,5399
8906,5947,4404
8907,8797,8005
8908,1933,428
8909,8335,197
8910,8902,888
8911,8579,8311
8912,4340,4062
8913,8446,4624
8914,8499,3423
8915,650,544
8916,8910,8475
8917,8233,5973
8918,8664,8581
8919,8801,1752
8920,8807,1325
8921,8531,5783
8922,4640,1234
8923,8547,8345
8924,1823,1407
8925,8804,8287
8926,8886,8498
8927,8810,8564
8928,8652,4466
8929,5560,3903
8930,8348,1026
8931,8743,8650
8932,8895,8722
8933,5427,4724
8934,4563,2175
8935,8208,5503
8936,8500,3747
8937,8684,5812
8938,8692,2369
8939,8405,4646
8940,8723,4447
8941,8618,81
8942,8916,839
8943,8480,1616
8944,3263,1011
8945,8872,2555
8946,8625,8007
8947,8077,2086
8948,1449,381
8949,8826,7735
8950,3850,3335
8951,8486,1785
8952,8791,8777
8953,8920,8884
8954,8942,1546
8955,8409,2439
8956,2187,2080
8957,8790,8665
8958,8682,3582
8959,8616,8273
8960,7832,4895
8961,2533,1531
8962,3993,1003
8963,8905,8814
8964,8393,3863
8965,5529,2265
8966,8945,4556
8967,8938,8765
8968,8658,8507
8969,8879,3706
8970,2349,1854
8971,5832,3287
8972,2253,1287
8973,8747,8672
8974,7957,408
8975,8954,8669
8976,4930,2980
8977,2935,2874
8978,5646,2271
8979,8900,8280
8980,1982,1185
8981,8901,4912
8982,5603,4908
8983,8848,8828
8984,3646,3129
8985,8260,5635
8986,8827,8589
8987,8716,2583
8988,8332,5789
8989,8503,4486
8990,8680,3446
8991,4338,1745
8992,8476,1163
8993,8683,8653
8994,8431,503
8995,8941,5684
8996,955,567
8997,8918,8428
8998,2595,704
8999,3557,224
9000,7999,3476
9001,8223,4510
9002,4669,2693
9003,559,558
9004,8662,8266
9005,3190,76
9006,8706,1654
9007,8888,2206
9008,8966,741
9009,9008,8603
9010,8609,614
9011,8925,8896
9012,9011,2011
9013,8542,8307
9014,8975,1477
9015,9014,1496
9016,5189,5031
9017,985,913
9018,8697,1783
9019,8846,8708
9020,8983,2654
9021,8032,2616
9022,8927,8892
9023,8241,7924
9024,8675,801
9025,9004,8926
9026,1804,1790
9027,8965,8779
9028,5693,4635
9029,7518,2902
9030,3458,902
9031,8383,8139
9032,8213,2513
9033,8958,2318
9034,1993,1099
9035,1588,208
9036,8890,4655
9037,8430,5520
9038,9020,8750
9039,8919,1207
9040,5217,141
9041,8703,1004
9042,3140,2948
9043,9017,9015
9044,4257,1971
9045,8734,613
9046,8699,4970
9047,1369,1280
9048,7663,5271
9049,8285,2601
9050,8396,3700
9051,5200,1711
9052,8963,7757
9053,8530,8192
9054,3524,1759
9055,3533,708
9056,8435,3662
9057,8274,7941
9058,8297,1672
9059,8932,382
9060,4927,1806
9061,8903,8630
9062,8265,4045
9063,9012,1716
9064,9009,136
9065,8308,5804
9066,8715,5562
9067,5490,226
9068,8973,8469
9069,9043,8629
9070,8709,8620
9071,8394,5064
9072,8952,8851
9073,5847,5045
9074,8402,2997
9075,1907,1789
9076,8687,1540
9077,8907,3911
9078,8957,5775
9079,5081,623
9080,9069,8776
9081,9064,2155
9082,7965,1225
9083,8729,4396
9084,8763,8304
9085,8909,8799
9086,8769,8541
9087,9063,8837
9088,147,126
9089,4871,4723
9090,8853,3077
9091,9038,1668
9092,8869,8014
9093,9080,1816
9094,8637,8069
9095,8882,7889
9096,9081,8421
9097,8949,1069
9098,9093,590
9099,8076,3338
9100,7623,3679
9101,9098,2022
9102,9059,5329
9103,7237,2724
9104,8870,8813
9105,8930,8792
9106,8544,2811
9107,1420,427
9108,5167,3117
9109,8293,3266
9110,9007,8980
9111,8613,1803
9112,8712,8369
9113,8353,5632
9114,9101,8913
9115,8736,8216
9116,9068,8698
9117,8432,2227
9118,8721,1097
9119,8079,2851
9120,5835,1715
9121,4804,4267
9122,1352,599
9123,8803,5117
9124,5917,2932
9125,9025,8862
9126,8442,3738
9127,9114,8994
9128,8693,2992
9129,8922,2083
9130,8953,777
9131,5734,1199
9132,8969,942
9133,4248,2801
9134,8995,4215
9135,5633,309
9136,4414,1042
9137,8762,3617
9138,5034,3317
9139,9127,9084
9140,5763,4903
9141,4807,4805
9142,8967,4667
9143,8781,8731
9144,8269,2605
9145,8573,305
9146,8639,180
9147,9091,957
9148,8596,4755
9149,9106,8717
9150,8914,2721
9151,8725,2426
9152,9031,1024
9153,2868,2604
9154,8550,2134
9155,8951,4603
9156,8778,1989
9157,8453,2501
9158,9072,8788
9159,8582,443
9160,4208,378
9161,8738,8615
9162,8876,5752
9163,8877,8427
9164,2422,375
9165,9147,8584
9166,9033,8622
9167,8452,1071
9168,8611,3075
9169,8842,4704
9170,8414,3436
9171,7859,1539
9172,4053,228
9173,8997,8889
9174,8647,5616
9175,1674,177
9176,8686,3962
9177,8800,5301
9178,9078,889
9179,8873,2250
9180,8553,7853
9181,9139,1007
9182,9099,4687
9183,8746,8642
9184,4359,3569
9185,4196,21
9186,8144,1805
9187,3379,102
9188,8768,1798
9189,9102,8504
9190,9181,4812
9191,9132,4880
9192,2106,29
9193,3878,1520
9194,8748,2102
9195,8850,4863
9196,9077,5882
9197,9190,1639
9198,8815,554
9199,8993,8568
9200,8360,2976
9201,8710,3324
9202,9197,5263
9203,9142,8760
9204,9202,8955
9205,5507,4409
9206,7192,2717
9207,9037,8847
9208,9204,8839
9209,8484,3752
9210,8726,3194
9211,8959,8667
9212,9024,825
9213,9208,1427
9214,9189,9016
9215,9083,3941
9216,8921,5742
9217,4809,3239
9218,8724,3493
9219,8555,640
9220,9096,8659
9221,4642,2304
9222,9022,9006
9223,8830,2964
9224,9087,8577
9225,2642,1880
9226,9110,3415
9227,9224,9026
9228,8481,4990
9229,1474,16
9230,9165,1527
9231,9178,1889
9232,9027,1722
9233,9213,1938
9234,8751,8619
9235,8082,2003
9236,2449,2166
9237,9116,9052
9238,5046,324
9239,8376,2153
9240,123,23
9241,8558,8357
9242,8752,5213
9243,9233,8933
9244,9243,9039
9245,8819,8677
9246,5135,952
9247,8735,5389
9248,2190,763
9249,4528,4218
9250,9191,8936
9251,9053,8621
9252,8598,1808
9253,8818,4771
9254,9150,7973
9255,4844,827
9256,9227,8838
9257,9220,4676
9258,4775,3726
9259,2123,1318
9260,9125,5187
9261,9155,546
9262,9260,8671
9263,8094,2776
9264,9104,8229
9265,9128,9049
9266,8749,7956
9267,7870,4982
9268,2908,1684
9269,8471,1331
9270,8403,3512
9271,5979,649
9272,8624,4889
9273,5977,1997
9274,1817,1623
9275,9066,8785
9276,8793,5256
9277,5713,1421
9278,3956,3584
9279,1479,538
9280,9257,8977
9281,1848,169
9282,8912,8410
9283,9097,8588
9284,9141,4773
9285,9280,5465
9286,3842,3408
9287,8689,8203
9288,5996,2740
9289,7590,4938
9290,8526,2447
9291,8988,8771
9292,7710,2460
9293,9130,702
9294,9256,2620
9295,9244,1781
9296,9250,5362
9297,9294,9212
9298,9295,8986
9299,4463,2177
9300,9090,3636
9301,9283,9251
9302,9134,8968
9303,2899,2796
9304,8824,8368
9305,8809,293
9306,4966,1929
9307,8572,5463
9308,2289,1483
9309,9298,8861
9310,9222,5227
9311,8899,5522
9312,2364,1231
9313,8893,802
9314,8868,5232
9315,9262,8931
9316,9226,4894
9317,9285,8657
9318,9105,2394
9319,9051,3521
9320,9210,8508
9321,3466,3076
9322,8344,2857
9323,9230,8561
9324,9297,3572
9325,9324,812
9326,9214,8727
9327,9293,8688
9328,4828,3454
9329,9203,8758
9330,2805,326
9331,4620,3987
9332,9309,5443
9333,8960,8593
9334,9332,1667
9335,9334,3593
9336,3327,83
9337,8451,3242
9338,8898,8720
9339,9317,5417
9340,9325,9264
9341,8992,2184
9342,9201,9173
9343,9232,8840
9344,9335,4841
9345,8730,2285
9346,4289,4202
9347,9344,8987
9348,8915,542
9349,5087,1853
9350,5220,925
9351,8937,3576
9352,5676,3853
9353,9149,900
9354,9056,820
9355,3341,2623
9356,8928,8644
9357,9045,970
9358,1241,1088
9359,5095,1998
9360,9158,5335
9361,9347,1161
9362,5621,3414
9363,2901,2525
9364,4795,4745
9365,9340,1078
9366,2695,2384
9367,8634,1475
9368,5410,2109
9369,9361,9310
9370,8979,1695
9371,9159,8981
9372,9166,2171
9373,9188,8663
9374,8737,8597
9375,8866,1190
9376,9196,620
9377,9287,8601
9378,5702,5642
9379,8947,8923
9380,479,195
9381,9261,1528
9382,8464,5299
9383,8599,3328
9384,9221,5310
9385,8341,99
9386,9365,8798
9387,8741,5110
9388,9057,8141
9389,5071,3823
9390,8917,8825
9391,9040,2500
9392,8190,1058
9393,9369,706
9394,9303,2299
9395,3426,2203
9396,4121,2655
9397,9215,469
9398,549,518
9399,9115,4909
9400,920,700
9401,3109,2021
9402,9005,8789
9403,5755,2410
9404,9136,2018
9405,9001,2708
9406,1476,1065
9407,9183,9143
9408,9300,1633
9409,9270,5005
9410,9323,8924
9411,4341,2342
9412,9327,8970
9413,3195,3149
9414,992,680
9415,2398,1974
9416,9028,8666
9417,9326,5089
9418,9065,1106
9419,9393,2954
9420,8211,752
9421,1750,1637
9422,9316,3656
9423,9070,8998
9424,1850,1578
9425,9386,2115
9426,9118,1782
9427,9376,3676
9428,9041,8773
9429,9211,9112
9430,216,172
9431,1797,494
9432,9419,1584
9433,8999,1844
9434,9061,3845
9435,9425,2479
9436,9435,9073
9437,9432,683
9438,8711,1525
9439,5641,4211
9440,3640,2950
9441,8420,3570
9442,5690,3223
9443,9360,9157
9444,9392,9296
9445,1685,1595
9446,3368,2563
9447,1412,585
9448,9437,783
9449,8962,2900
9450,9339,9146
9451,9448,1264
9452,4307,2224
9453,8948,2931
9454,9436,8904
9455,9263,564
9456,9412,1829
9457,9217,1985
9458,5269,664
9459,9199,758
9460,5573,2355
9461,9422,8607
9462,8635,1719
9463,9275,2859
9464,5578,3583
9465,9198,4848
9466,9410,5513
9467,5249,4503
9468,4545,2475
9469,2481,1636
9470,9451,9076
9471,8835,5416
9472,7692,3295
9473,9329,5131
9474,9443,1232
9475,6827,1360
9476,8816,8796
9477,9124,8645
9478,9444,9359
9479,9103,5273
9480,9471,5239
9481,9454,749
9482,8559,396
9483,9231,660
9484,9177,532
9485,9450,4627
9486,9485,9372
9487,9036,8859
9488,9195,8845
9489,9379,9364
9490,3848,1943
9491,8347,960
9492,9470,1610
9493,8719,1294
9494,5735,2689
9495,9461,8852
9496,9019,492
9497,198,125
9498,9254,3647
9499,9129,1575
9500,9074,2027
9501,8944,8641
9502,9492,627
9503,9163,9054
9504,1921,764
9505,9194,2828
9506,9085,2322
9507,7466,830
9508,9427,3216
9509,3489,153
9510,9502,9428
9511,9180,3522
9512,9355,3177
9513,9219,539
9514,9381,5093
9515,4407,4276
9516,4644,2968
9517,5866,2049
9518,8820,2612
9519,9420,9161
9520,9095,8031
9521,9265,7830
9522,8444,399
9523,8935,526
9524,2440,2293
9525,9311,113
9526,9407,9086
9527,8354,3272
9528,9235,262
9529,9387,2972
9530,9246,3834
9531,9510,9426
9532,9071,1356
9533,9048,1344
9534,9122,1564
9535,5725,2445
9536,9111,9046
9537,9268,3421
9538,9466,9423
9539,5816,3388
9540,9302,4552
9541,9463,2117
9542,5619,3105
9543,9481,1411
9544,9375,9236
9545,9473,3637
9546,9531,1736
9547,9543,2649
9548,9348,5424
9549,9456,8971
9550,9547,3148
9551,9108,9035
9552,9550,4876
9553,9552,2967
9554,9315,9018
9555,9252,276
9556,842,735
9557,9305,1800
9558,8956,2124
9559,4643,271
9560,8455,2052
9561,9553,8782
9562,9237,2946
9563,9486,5339
9564,9123,5308
9565,9100,9079
9566,9351,9133
9567,9561,9245
9568,4732,1374
9569,1307,667
9570,8906,887
9571,8961,2627
9572,5986,3571
9573,3265,3112
9574,9107,873
9575,3605,3552
9576,9229,1174
9577,9216,4169
9578,9169,4851
9579,9546,4730
9580,9545,9483
9581,9567,9179
9582,9342,3870
9583,9299,8370
9584,9353,3607
9585,9434,709
9586,9248,1373
9587,9579,9373
9588,2370,1612
9589,9291,9030
9590,4242,3713
9591,9135,2028
9592,8885,1077
9593,766,731
9594,9549,9223
9595,5370,3381
9596,9343,1148
9597,3267,2585
9598,5829,5654
9599,9563,2842
9600,9599,8860
9601,9055,3912
9602,9562,9534
9603,5459,3704
9604,8602,1775
9605,9417,5640
9606,9605,8392
9607,4595,4207
9608,9581,9060
9609,9126,8774
9610,9416,9301
9611,9156,744
9612,9371,345
9613,4949,320
9614,4852,2927
9615,9289,8485
9616,8557,711
9617,9117,3330
9618,9307,3867
9619,5116,2728
9620,9582,9496
9621,9272,3443
9622,9495,896
9623,8976,8574
9624,5543,4707
9625,9478,3519
9626,9565,581
9627,9608,4541
9628,9600,9506
9629,9452,1702
9630,5544,1726
9631,9397,9238
9632,9627,9541
9633,9050,3696
9634,9253,5924
9635,9538,2912
9636,8984,5216
9637,9587,8875
9638,9267,3664
9639,5662,2076
9640,9637,9516
9641,9499,9489
9642,3444,3271
9643,9318,5526
9644,8939,4621
9645,5992,5990
9646,9580,9526
9647,2850,2024
9648,9405,9153
9649,8943,8472
9650,4815,128
9651,9554,9391
9652,8387,1723
9653,9530,2249
9654,9121,656
9655,8324,1197
9656,9418,8812
9657,9640,899
9658,1100,352
9659,9453,4358
9660,9277,1405
9661,9632,9404
9662,8964,3612
9663,9635,1981
9664,9013,8587
9665,2290,607
9666,8911,372
9667,9284,795
9668,9622,2268
9669,9661,9144
9670,9399,8855
9671,9657,2589
9672,9441,9370
9673,9487,8989
9674,2820,2807
9675,1130,841
9676,8985,678
9677,8636,3478
9678,9669,9140
9679,2736,2663
9680,9671,1644
9681,9678,8575
9682,9383,2588
9683,3687,3145
9684,9119,8313
9685,9242,932
9686,9498,8929
9687,9062,2441
9688,9525,9002
9689,9408,9151
9690,9663,4639
9691,8946,8795
9692,9167,8286
9693,9174,2172
9694,9273,5865
9695,9628,1278
9696,9681,9247
9697,9367,9209
9698,9594,9585
9699,9651,5887
9700,2211,828
9701,4987,1703
9702,9625,893
9703,2755,811
9704,9596,9313
9705,9455,9269
9706,9512,8465
9707,3240,3181
9708,9354,1074
9709,9003,4879
9710,9641,845
9711,9292,5638
9712,5140,4790
9713,282,127
9714,9058,4833
9715,8772,8268
9716,8991,3439
9717,9655,3249
9718,9319,8883
9719,9680,895
9720,9690,9131
9721,8740,4494
9722,9719,5467
9723,9702,9484
9724,4449,3138
9725,9474,1538
9726,8978,8844
9727,9699,8982
9728,3467,3139
9729,3684,819
9730,9695,5188
9731,9507,9082
9732,5320,3988
9733,4567,4042
9734,9482,5959
9735,9414,9400
9736,9508,3450
9737,9730,775
9738,9465,1142
9739,9648,3749
9740,9722,1203
9741,9696,5341
9742,9740,5259
9743,3116,2421
9744,9742,9398
9745,2101,1000
9746,9725,5846
9747,9737,9505
9748,9741,637
9749,9602,3843
9750,9744,2424
9751,9686,9345
9752,9312,1570
9753,9634,9276
9754,4417,3498
9755,9727,2723
9756,9621,9186
9757,9693,315
9758,295,49
9759,9333,630
9760,9374,8537
9761,9750,730
9762,5681,5674
9763,2952,2764
9764,8700,8384
9765,9746,5658
9766,2065,1847
9767,2013,1080
9768,4660,1326
9769,3355,3059
9770,9748,5033
9771,3410,3337
9772,9749,9445
9773,9439,1915
9774,3026,2660
9775,9747,5123
9776,3883,1799
9777,9514,8805
9778,3879,3587
9779,9162,5627
9780,8524,1047
9781,9574,9356
9782,9755,9521
9783,9113,2209
9784,9770,9568
9785,9761,759
9786,8940,3028
9787,8908,3434
9788,2949,2538
9789,9503,2431
9790,9200,2037
9791,9411,3118
9792,9784,4636
9793,9668,9555
9794,5111,406
9795,9646,9044
9796,5744,3344
9797,159,36
9798,9337,9176
9799,3237,3107
9800,4656,3012
9801,9560,2236
9802,9785,5792
9803,9720,804
9804,9723,9433
9805,9792,1920
9806,9802,2433
9807,9659,1500
9808,9795,9529
9809,5728,356
9810,9805,9765
9811,9032,1081
9812,4721,2939
9813,9806,1364
9814,9612,8950
9815,4708,4445
9816,9148,8631
9817,5997,2576
9818,9813,511
9819,9803,9034
9820,9736,9218
9821,9818,4171
9822,9288,9241
9823,9698,747
9824,9775,688
9825,9152,9047
9826,5758,1343
9827,9390,9234
9828,9606,9338
9829,9821,792
9830,5656,1286
9831,9511,8897
9832,9290,673
9833,5408,374
9834,9556,9544
9835,5745,2763
9836,9825,5819
9837,9540,4748
9838,9610,5774
9839,9829,4516
9840,9620,2609
9841,9810,9772
9842,9673,2453
9843,9021,2882
9844,9207,1807
9845,6691,4491
9846,9782,9480
9847,1727,330
9848,9643,2490
9849,9839,2235
9850,9793,918
9851,9576,619
9852,3973,3551
9853,9406,9336
9854,9656,2569
9855,9849,1092
9856,9611,1918
9857,5204,631
9858,9718,9023
9859,9855,9823
9860,9145,1440
9861,9824,851
9862,5574,1495
9863,9819,9767
9864,9631,4102
9865,9258,2830
9866,9477,2904
9867,9500,4770
9868,9841,1822
9869,9633,9187
9870,4991,2631
9871,2770,1958
9872,9557,8753
9873,9711,9664
9874,9493,5295
9875,9551,3096
9876,9764,9193
9877,9804,679
9878,9570,9388
9879,8733,5923
9880,9389,4161
9881,9868,9384
9882,9519,4309
9883,3157,1760
9884,9589,757
9885,9859,9584
9886,355,173
9887,9467,9459
9888,9828,9649
9889,9861,8676
9890,4523,3589
9891,9881,9154
9892,8972,2809
9893,9850,1724
9894,4989,4152
9895,4357,4109
9896,9877,9667
9897,9863,2884
9898,9322,3916
9899,5051,806
9900,4684,3535
9901,2684,2578
9902,1289,1055
9903,9777,5667
9904,9042,3008
9905,2779,1744
9906,9891,8702
9907,9906,9647
9908,9893,9856
9909,9402,721
9910,9523,2664
9911,3358,2154
9912,4564,3250
9913,9716,2734
9914,5396,3523
9915,9842,1268
9916,9494,9239
9917,9536,4645
9918,9838,9488
9919,2055,1169
9920,9846,9513
9921,9837,2389
9922,9921,9751
9923,9469,2540
9924,9504,1053
9925,3891,1962
9926,1038,760
9927,9789,9601
9928,9726,9689
9929,9885,2358
9930,9798,9704
9931,9618,4096
9932,9774,3363
9933,9304,5431
9934,9907,724
9935,2966,818
9936,9929,2373
9937,9368,826
9938,9903,9421
9939,9578,4791
9940,9688,1718
9941,4760,2239
9942,9694,9609
9943,9320,2451
9944,9278,3906
9945,9378,926
9946,9266,5611
9947,9424,3156
9948,9889,969
9949,9759,4176
9950,9577,5705
9951,8857,4527
9952,9460,2435
9953,2984,1663
9954,9687,816
9955,9934,9184
9956,5536,976
9957,2484,26
9958,9888,5841
9959,5668,2000
9960,9955,2791
9961,9958,8670
9962,2201,1102
9963,9623,1874
9964,9314,937
9965,9840,3592
9966,8495,7725
9967,9960,5380
9968,9897,5966
9969,9851,9569
9970,9357,3253
9971,9936,520
9972,4971,2744
9973,1662,482
9974,4885,4629
9975,9887,9808
9976,5643,2200
9977,9768,4842
9978,9967,867
9979,4808,727
9980,3482,3349
9981,9904,9592
9982,9961,3315
9983,9978,9350
9984,9457,8169
9985,9588,9586
9986,9834,561
9987,9986,9710
9988,2277,1110
9989,9908,9674
9990,9170,3486
9991,9983,914
9992,9666,1488
9993,8655,1680
9994,8822,1664
9995,2122,162
9996,9871,5247
9997,5557,4311
9998,5588,3089
9999,9968,9532
10000,9738,5484
10001,9575,9192
10002,9948,9811
10003,10002,1975
10004,8881,1303
10005,9971,1899
10006,9665,4405
10007,1240,456
10008,9672,4823
10009,9089,4806
10010,10005,9714
10011,9853,9501
10012,9779,9629
10013,5556,5021
10014,9991,9225
10015,1935,1485
10016,9409,4999
10017,9527,3175
10018,10014,3302
10019,9475,8351
10020,3304,364
10021,9820,2730
10022,10021,9528
10023,4849,3933
10024,3979,3939
10025,9735,882
10026,10010,905
10027,9613,45
10028,9896,1555
10029,9920,5786
10030,10018,1699
10031,10026,4765
10032,9650,9330
10033,9732,5457
10034,2428,1541
10035,9943,9558
10036,8833,7462
10037,432,163
10038,9918,9377
10039,9279,615
10040,10029,9783
10041,1198,140
10042,9756,9571
10043,5736,3245
10044,1448,1235
10045,9965,9542
10046,9490,844
10047,10030,1200
10048,9658,9548
10049,9182,4431
10050,5250,2113
10051,9331,2334
10052,9882,5672
10053,9858,9636
10054,5485,4048
10055,3786,2772
10056,3934,1621
10057,9029,8990
10058,9826,8648
10059,10047,9753
10060,912,595
10061,9999,699
10062,10028,2579
10063,9535,2014
10064,10031,9884
10065,3980,533
10066,9989,1871
10067,3430,1717
10068,10003,2333
10069,9822,9677
10070,10059,9683
10071,5142,90
10072,9835,5255
10073,9946,9679
10074,9867,9394
10075,3861,1330
10076,9924,3534
10077,9462,1597
10078,927,922
10079,9869,9559
10080,9619,9533
10081,9982,2875
10082,4859,2012
10083,4046,703
10084,10064,994
10085,10084,10068
10086,10061,1884
10087,5615,2002
10088,10070,9670
10089,9743,1956
10090,10000,9306
10091,4786,4506
10092,2482,881
10093,10040,2840
10094,4546,3362
10095,9778,9491
10096,9915,9653
10097,9872,3627
10098,10088,666
10099,10098,1547
10100,9685,2893
10101,10066,9987
10102,10099,4963
10103,3320,997
10104,9341,4024
10105,9120,1270
10106,5570,2817
10107,9731,3465
10108,9975,3748
10109,2400,2194
10110,4465,4322
10111,5840,3520
10112,9942,9852
10113,9898,9642
10114,8854,5184
10115,9916,9604
10116,4998,485
10117,10086,9675
10118,5687,417
10119,10102,4381
10120,10119,9949
10121,9814,9429
10122,9652,2396
10123,9797,8817
10124,9464,9010
10125,9572,3352
10126,9970,9874
10127,10120,5550
10128,7995,1153
10129,10093,10048
10130,10129,10127
10131,1387,603
10132,3040,486
10133,9476,2956
10134,10062,9733
10135,9515,4144
10136,4886,1712
10137,9781,9734
10138,4605,2624
10139,9928,1012
10140,9630,1593
10141,9700,907
10142,10022,5139
10143,10142,10051
10144,10045,9944
10145,8612,3282
10146,10117,1001
10147,9917,934
10148,2038,560
10149,9977,9626
10150,4942,4810
10151,9137,4386
10152,10134,1999
10153,5088,3595
10154,8066,2977
10155,9598,9447
10156,9385,3176
10157,3106,362
10158,9593,767
10159,9094,8551
10160,9566,1653
10161,9518,431
10162,10130,965
10163,9854,4557
10164,5476,1996
10165,10025,9801
10166,9927,5989
10167,2288,645
10168,9697,908
10169,10108,9945
10170,3603,340
10171,8479,5837
10172,2402,1277
10173,4290,2873
10174,9760,3188
10175,9228,105
10176,10144,9438
10177,10169,10146
10178,9676,3422
10179,1849,85
10180,10090,9848
10181,9614,9458
10182,9088,3968
10183,9864,8974
10184,10183,9282
10185,9894,3013
10186,9092,1196
10187,10074,9938
10188,9892,9880
10189,9939,2870
10190,9817,9164
10191,10104,9780
10192,9875,5521
10193,9206,289
10194,2053,1954
10195,10081,2725
10196,10162,2999
10197,2173,1089
10198,10121,9969
10199,8821,2713
10200,9660,813
10201,9708,4948
10202,9644,773
10203,9709,2119
10204,9654,2179
10205,3142,2196
10206,9692,9682
10207,9639,4819
10208,10034,1640
10209,9913,3893
10210,10131,10009
10211,9963,5282
10212,9827,799
10213,10012,2834
10214,9615,5914
10215,10196,2735
10216,405,338
10217,9791,1514
10218,10215,2100
10219,2545,1245
10220,2855,608
10221,9705,9691
10222,9583,1205
10223,10174,8934
10224,10072,9922
10225,10195,4084
10226,9739,2674
10227,10152,10033
10228,10218,1765
10229,9564,4864
10230,9930,2553
10231,2804,2230
10232,9866,1688
10233,10176,9349
10234,9909,2951
10235,4993,2267
10236,5984,2305
10237,3758,3053
10238,10077,9758
10239,9950,9878
10240,10228,5150
10241,9790,1618
10242,5732,2913
10243,9517,5581
10244,10126,3888
10245,9773,2397
10246,9860,1583
10247,10227,10076
10248,9138,35
10249,10189,9346
10250,8732,967
10251,9415,5935
10252,9976,9940
10253,2427,2001
10254,9752,509
10255,10240,769
10256,10230,670
10257,9954,174
10258,9430,3
10259,10255,9996
10260,10259,9844
10261,9843,2915
10262,2261,1882
10263,10163,9899
10264,10160,10052
10265,10233,5236
10266,10096,1738
10267,10225,10212
10268,9992,1178
10269,9931,4363
10270,9721,9413
10271,10260,1273
10272,10019,447
10273,10221,10198
10274,10122,9286
10275,9873,9249
10276,10006,9259
10277,9865,522
10278,10042,2924
10279,10143,9479
10280,4328,4229
10281,10271,10097
10282,10177,9985
10283,2198,1509
10284,10027,4304
10285,10265,9857
10286,10085,9847
10287,10286,10266
10288,10036,8661
10289,9701,2762
10290,10112,1300
10291,10281,1482
10292,10291,10101
10293,10213,10208
10294,5433,2377
10295,9607,4916
10296,9964,1031
10297,7811,265
10298,483,301
10299,9745,9382
10300,9762,2469
10301,1260,618
10302,10214,10166
10303,10211,3200
10304,2571,537
10305,10292,10181
10306,2653,1465
10307,10224,4501
10308,10256,552
10309,10285,9933
10310,10139,2715
10311,3528,1554
10312,10287,5497
10313,5605,2381
10314,4356,2407
10315,10263,10008
10316,4888,3938
10317,10244,5344
10318,10279,9832
10319,9990,9951
10320,10312,10168
10321,10202,9836
10322,10305,857
10323,10137,9807
10324,3371,823
10325,10209,9274
10326,3207,3144
10327,9539,2283
10328,10007,1336
10329,10301,10165
10330,9472,3445
10331,10322,3975
10332,1015,707
10333,4193,2575
10334,9352,648
10335,10204,10135
10336,9160,5987
10337,10320,10232
10338,10004,5215
10339,4662,2089
10340,1902,5
10341,2325,2225
10342,9979,3092
10343,10226,9638
10344,10343,9876
10345,10282,10247
10346,4740,4532
10347,10307,4615
10348,10241,2748
10349,10115,9786
10350,10275,2359
10351,9845,250
10352,9833,2838
10353,9616,9524
10354,10268,4502
10355,10331,10140
10356,10355,634
10357,10325,10267
10358,10356,3564
10359,10337,10158
10360,4956,264
10361,9776,1629
10362,10246,1063
10363,3784,1404
10364,9509,5885
10365,10149,2839
10366,2959,2940
10367,9952,9919
10368,8386,27
10369,472,206
10370,2591,394
10371,10289,10039
10372,9981,3420
10373,10359,5073
10374,10373,1341
10375,10049,4680
10376,10345,3513
10377,10358,3503
10378,10308,868
10379,10377,9988
10380,10095,2862
10381,10310,2292
10382,10379,10376
10383,3690,2808
10384,10347,9766
10385,9771,3411
10386,4626,4515
10387,10384,1731
10388,9537,1284
10389,2795,2704
10390,10274,1550
10391,9812,2648
10392,4619,1987
10393,9831,9468
10394,9997,5704
10395,5682,1335
10396,10360,9883
10397,2617,1143
10398,9109,2382
10399,10290,9595
10400,9769,4052
10401,2448,999
10402,10057,9966
10403,2161,829
10404,10374,10332
10405,10404,3609
10406,2987,2814
10407,10405,10365
10408,2159,855
10409,10329,2016
10410,10387,2784
10411,10335,10038
10412,9617,4579
10413,10063,5891
10414,384,19
10415,10011,1801
10416,10269,5314
10417,10154,2614
10418,10105,10073
10419,10087,4164
10420,1043,515
10421,1261,1176
10422,9911,2205
10423,10190,2257
10424,5639,1397
10425,2703,1627
10426,10186,10079
10427,10426,9520
10428,2813,1960
10429,9717,1506
10430,10311,10278
10431,10354,10092
10432,10187,10069
10433,2586,2498
10434,8894,5892
10435,10178,3864
10436,10407,10283
10437,9816,2212
10438,10350,5951
10439,10436,10273
10440,10409,10378
10441,863,675
10442,1491,1486
10443,9328,9308
10444,2865,2562
10445,10382,5382
10446,5707,580
10447,9403,1271
10448,10284,131
10449,8656,8153
10450,10229,1228
10451,9395,4596
10452,9935,684
10453,10416,10357
10454,10023,2158
10455,9910,945
10456,9185,3113
10457,10114,653
10458,10017,3343
10459,120,100
10460,9941,9255
10461,10445,5552
10462,1733,514
10463,9171,1444
10464,10060,4900
10465,10123,9067
10466,2831,2468
10467,8184,329
10468,10461,10089
10469,10431,2491
10470,10222,1978
10471,10231,4661
10472,10100,183
10473,5223,3790
10474,10381,9787
10475,10430,3553
10476,10296,1490
10477,10415,10375
10478,10201,4742
10479,9974,2937
10480,10254,1673
10481,5307,4195
10482,10250,4817
10483,5337,1836
10484,10124,2272
10485,10361,10015
10486,10468,1469
10487,3807,1683
10488,10486,3565
10489,2067,1524
10490,3326,2399
10491,9446,2765
10492,9926,1887
10493,10484,10453
10494,3604,3577
10495,10439,557
10496,10438,3065
10497,10145,9763
10498,2048,958
10499,2229,1988
10500,2824,2769
10501,2741,1112
10502,4027,1732
10503,10488,2630
10504,4460,4209
10505,5122,2982
10506,10380,10191
10507,10192,10133
10508,10399,9879
10509,10503,974
10510,10252,4713
10511,10318,4609
10512,9900,4822
10513,3997,1553
10514,10446,536
10515,10185,10071
10516,5952,2063
10517,10437,10411
10518,9809,3451
10519,894,531
10520,391,323
10521,10353,10323
10522,10509,810
10523,10309,964
10524,9449,1139
10525,10522,2981
10526,10495,10471
10527,10245,10200
10528,9788,3737
10529,10188,10116
10530,9729,5659
10531,10234,9624
10532,2004,1248
10533,1879,1770
10534,5978,671
10535,10525,10203
10536,10351,9281
10537,10156,5179
10538,10383,10253
10539,10032,638
10540,10264,4753
10541,771,284
10542,10321,1512
10543,10302,188
10544,10511,9923
10545,9870,2919
10546,10419,5932
10547,10526,478
10548,9591,2316
10549,10053,1893
10550,10475,2262
10551,10173,2128
10552,9984,9728
10553,10547,809
10554,10440,3507
10555,9754,1049
10556,1896,1713
10557,10157,4348
10558,10452,10237
10559,10197,3491
10560,1909,1632
10561,10277,9815
10562,10393,4862
10563,9662,3857
10564,3485,919
10565,10535,10478
10566,10565,551
10567,10510,10477
10568,10553,10476
10569,9998,737
10570,10418,4287
10571,10455,10035
10572,5221,3688
10573,10293,1332
10574,10106,5519
10575,10238,2697
10576,10568,1135
10577,3301,1846
10578,10576,875
10579,10367,10161
10580,10566,10447
10581,10251,1753
10582,10496,3608
10583,9000,4980
10584,10543,9362
10585,9905,1687
10586,10155,5334
10587,10261,4249
10588,10300,9757
10589,10111,9937
10590,10550,2025
10591,10094,1725
10592,5610,647
10593,10317,636
10594,10578,2971
10595,10517,4526
10596,9902,9796
10597,10435,10410
10598,10594,10472
10599,10369,230
10600,10272,4648
10601,10580,3793
10602,10327,10150
10603,10257,869
10604,10450,10392
10605,10554,10219
10606,10258,366
10607,10372,10276
10608,1977,1392
10609,10193,1948
10610,9962,9712
10611,10601,10573
10612,5593,3284
10613,10182,9953
10614,10491,9573
10615,10523,4637
10616,10595,10464
10617,9724,4145
10618,10617,1254
10619,10598,10480
10620,10619,10519
10621,4995,2242
10622,10474,10413
10623,2151,445
10624,10423,2618
10625,311,244
10626,10620,10141
10627,10611,1861
10628,3166,3005
10629,10570,10299
10630,7791,3546
10631,10626,521
10632,10631,786
10633,2914,1057
10634,10058,4981
10635,10544,617
10636,10582,10429
10637,10242,1526
10638,10584,9980
10639,4832,723
10640,4240,2650
10641,2442,911
10642,10065,903
10643,3714,3390
10644,9799,3163
10645,8996,2140
10646,10159,221
10647,5926,3733
10648,10083,2568
10649,10627,1124
10650,10649,713
10651,9959,4868
10652,10531,10412
10653,10206,1406
10654,10586,10248
10655,10632,951
10656,10589,9205
10657,4559,2499
10658,10542,10328
10659,10362,898
10660,10605,10338
10661,3545,755
10662,10653,9321
10663,10473,10016
10664,9956,1157
10665,10067,2437
10666,9912,9431
10667,5044,625
10668,3281,1121
10669,1105,689
10670,10147,4653
10671,10655,2556
10672,2330,2217
10673,2675,2208
10674,9522,3766
10675,9800,4428
10676,5795,3833
10677,10167,4853
10678,4872,646
10679,10501,4064
10680,10540,10493
10681,10650,10514
10682,10681,9597
10683,10371,1208
10684,10199,9358
10685,9684,884
10686,10597,10506
10687,10303,9590
10688,10529,10180
10689,3199,3000
10690,10646,82
10691,10682,10046
10692,10056,946
10693,5766,5030
10694,2916,1650
10695,10691,5496
10696,10695,10624
10697,3840,404
10698,10670,5898
10699,10562,5650
10700,10696,10485
10701,10615,10593
10702,10507,1843
10703,10402,3453
10704,5406,1773
10705,10604,2777
10706,10700,10457
10707,10659,10417
10708,2869,1255
10709,4944,4522
10710,10706,1138
10711,10642,959
10712,10091,3969
10713,10315,9497
10714,10660,10432
10715,3477,3124
10716,10710,10389
10717,9994,1970
10718,9706,9172
10719,10512,10184
10720,10587,10482
10721,10549,2092
10722,10239,10175
10723,10575,10001
10724,9363,1608
10725,10635,939
10726,2336,2121
10727,9175,1533
10728,10671,642
10729,10728,10403
10730,10729,10538
10731,10579,10349
10732,10500,10132
10733,359,235
10734,4550,1443
10735,10458,8767
10736,10118,10107
10737,10590,10470
10738,9715,1432
10739,10716,10534
10740,10739,10164
10741,5946,1036
10742,10220,1873
10743,10223,2274
10744,5798,5532
10745,10740,3757
10746,2598,1447
10747,10745,5486
10748,10730,5355
10749,3333,3001
10750,10386,5381
10751,4232,3927
10752,4153,2520
10753,10109,4649
10754,4824,1751
10755,10462,2975
10756,10151,5737
10757,10638,10348
10758,10494,834
10759,10701,10414
10760,10748,2506
10761,3732,575
10762,10760,10205
10763,10622,1517
10764,10571,10521
10765,9396,8744
10766,2659,1534
10767,10110,4593
10768,10767,10295
10769,10280,5901
10770,10616,4562
10771,10688,4401
10772,10747,10249
10773,10762,5157
10774,10330,3673
10775,10707,10581
10776,2320,1162
10777,10772,10757
10778,2892,1937
10779,10394,4162
10780,10408,720
10781,5962,4071
10782,10125,2639
10783,10400,2696
10784,10711,5102
10785,10770,1931
10786,885,597
10787,10288,1940
10788,10451,5791
10789,10773,10138
10790,10789,591
10791,10777,633
10792,10791,1900
10793,10759,10298
10794,10763,1659
10795,10600,10469
10796,9366,4633
10797,3152,3060
10798,10771,948
10799,10364,5620
10800,10793,10792
10801,10557,10080
10802,9947,5048
10803,3473,349
10804,10721,609
10805,10334,798
10806,10790,956
10807,10235,10148
10808,10806,3463
10809,9380,222
10810,3866,971
10811,10583,931
10812,10207,10050
10813,10680,10434
10814,4750,4281
10815,10545,10441
10816,10742,9168
10817,10808,652
10818,10657,3461
10819,10709,10686
10820,10785,4665
10821,9442,8605
10822,10817,853
10823,10731,10236
10824,10508,10270
10825,5761,1458
10826,3097,1172
10827,2531,1949
10828,10822,535
10829,10725,10658
10830,9993,2752
10831,10217,890
10832,10652,981
10833,10765,385
10834,794,487
10835,10082,1462
10836,1045,455
10837,10454,9957
10838,10813,5993
10839,10713,10401
10840,10714,2622
10841,10840,5177
10842,3370,3091
10843,10585,10443
10844,4698,1171
10845,10828,10683
10846,10845,9794
10847,10391,1246
10848,4569,4518
10849,4799,3798
10850,3518,2026
10851,10838,2062
10852,10800,3677
10853,10852,5462
10854,10853,10694
10855,10128,4685
10856,10344,2794
10857,10630,9440
10858,10524,2549
10859,10794,10422
10860,10819,2195
10861,10820,10712
10862,10136,2548
10863,10856,10528
10864,2603,1930
10865,10456,3623
10866,10692,10194
10867,10839,10674
10868,10795,10390
10869,10634,2005
10870,10216,10113
10871,10702,10596
10872,10846,10844
10873,10460,2790
10874,2246,2043
10875,10609,9401
10876,10854,5312
10877,10876,10724
10878,10750,10210
10879,10877,2667
10880,10676,10346
10881,10533,5831
10882,10823,10629
10883,10654,10433
10884,10879,854
10885,5953,5772
10886,10366,9603
10887,10884,1812
10888,10887,530
10889,10610,8628
10890,10829,10775
10891,10306,10294
10892,10861,4227
10893,10888,10556
10894,10527,4711
10895,10703,10530
10896,10893,10420
10897,10896,2452
10898,5498,2845
10899,3072,154
10900,10872,10467
10901,10860,2846
10902,9240,2528
10903,10427,3455
10904,10805,921
10905,2797,98
10906,10385,3412
10907,10900,10784
10908,10755,2526
10909,10892,10851
10910,968,681
10911,10901,10897
10912,1501,242
10913,10588,2887
10914,10907,10849
10915,10442,1791
10916,10914,697
10917,10916,693
10918,2066,738
10919,10492,2521
10920,2471,998
10921,10802,3957
10922,10170,181
10923,10804,3816
10924,10917,573
10925,10895,10024
10926,10924,10841
10927,4554,1865
10928,10664,10546
10929,10723,9075
10930,10577,3915
10931,10719,3723
10932,10911,3120
10933,10904,1767
10934,10743,10020
10935,10799,10798
10936,10043,2793
10937,5287,5113
10938,10319,4722
10939,10932,10675
10940,10781,1202
10941,10490,10363
10942,10816,10738
10943,10939,519
10944,10560,2822
10945,10613,3558
10946,10859,5998
10947,10516,2281
10948,10906,3693
10949,2519,1252
10950,10679,10444
10951,10567,2766
10952,182,11
10953,10874,10262
10954,4222,2737
10955,10603,753
10956,10868,1056
10957,10926,2754
10958,4296,1828
10959,2307,2275
10960,5079,2560
10961,3789,2698
10962,10836,10463
10963,10866,4925
10964,10903,10752
10965,5509,1419
10966,10428,1259
10967,10825,471
10968,10867,3573
10969,10398,4782
10970,10951,5251
10971,10862,780
10972,9703,1851
10973,10787,10698
10974,10737,10497
10975,10633,10621
10976,10957,4714
10977,10943,2610
10978,10977,10513
10979,4920,696
10980,10352,2132
10981,10666,2350
10982,10297,10179
10983,10978,10966
10984,10831,10639
10985,10651,4978
10986,10548,1990
10987,10342,10313
10988,10878,10424
10989,10983,4776
10990,10989,10037
10991,10919,5137
10992,10797,5338
10993,10920,1905
10994,10842,4892
10995,10824,10656
10996,10552,3159
10997,10990,10559
10998,10997,10637
10999,10976,10734
11000,10999,9932
11001,11000,1947
11002,9995,5481
11003,10406,9707
11004,10998,817
11005,10882,10741
11006,10814,774
11007,11004,5436
11008,11007,1212
11009,3241,1630
11010,10863,10537
11011,11008,2114
11012,11011,10956
11013,10894,5160
11014,11001,4456
11015,11014,5193
11016,10368,158
11017,11015,807
11018,10881,10304
11019,10607,1401
11020,11017,1792
11021,10970,10936
11022,10871,10425
11023,10955,10602
11024,10758,10532
11025,10333,4652
11026,10815,10487
11027,10388,1866
11028,10732,10243
11029,10555,2347
11030,9925,5108
11031,11030,4028
11032,9972,3174
11033,11012,9890
11034,11033,10648
11035,3641,1399
11036,2731,40
11037,10855,4223
11038,10964,4913
11039,10756,10722
11040,10662,10539
11041,11034,5454
11042,11041,10940
11043,10946,14
11044,11043,10612
11045,11020,1604
11046,11045,5451
11047,10935,5206
11048,2783,463
11049,10055,5842
11050,9973,4855
11051,10883,10720
11052,10925,10618
11053,11046,10910
11054,10889,10843
11055,5510,4555
11056,10796,10636
11057,11042,1910
11058,10640,5549
11059,5649,5326
11060,4953,294
11061,10931,4446
11062,11057,2419
11063,11062,11013
11064,11053,2803
11065,11064,663
11066,10968,10942
11067,10975,10641
11068,11065,3830
11069,10950,10807
11070,10569,10561
11071,10489,4538
11072,10830,5080
11073,5152,3416
11074,11063,883
11075,10718,10643
11076,11074,1416
11077,11076,3027
11078,11039,10699
11079,11068,11005
11080,9895,3559
11081,10890,4521
11082,11081,10832
11083,10736,10614
11084,11077,10995
11085,11079,10749
11086,3034,2786
11087,5086,4937
11088,11044,10913
11089,10873,2692
11090,10908,5264
11091,10960,2611
11092,10945,10764
11093,11092,11085
11094,10812,10172
11095,11025,10663
11096,11084,10933
11097,10592,10324
11098,4247,1276
11099,10927,2747
11100,1366,1262
11101,10782,4505
11102,11096,10708
11103,2963,2768
11104,10928,1867
11105,2775,1755
11106,11102,4690
11107,11106,682
11108,5950,897
11109,10809,9713
11110,11022,10811
11111,11107,10930
11112,11111,2574
11113,4800,2492
11114,4837,4774
11115,10821,10704
11116,11021,10986
11117,11116,2645
11118,5579,1413
11119,11093,3525
11120,11019,10948
11121,10984,10848
11122,10421,4838
11123,11119,961
11124,3644,1383
11125,3406,840
11126,10786,4918
11127,10973,10608
11128,11123,570
11129,11056,10979
11130,11112,1837
11131,10396,10340
11132,11130,10788
11133,5347,1086
11134,10938,641
11135,10778,2029
11136,11128,3815
11137,11132,11018
11138,11137,11110
11139,11082,10934
11140,10837,583
11141,2647,2527
11142,10909,5879
11143,10678,832
11144,11142,11031
11145,11138,1467
11146,11145,616
11147,10769,4459
11148,11140,11136
11149,11040,5159
11150,11149,4788
11151,5309,1992
11152,10922,10078
11153,11148,2554
11154,11038,10687
11155,10912,10623
11156,10153,10075
11157,4702,574
11158,11157,10776
11159,11026,10515
11160,5178,4831
11161,11066,10551
11162,10803,5999
11163,10625,9901
11164,11153,10971
11165,11164,10915
11166,1730,245
11167,11051,10869
11168,11167,10923
11169,11146,11059
11170,4068,48
11171,9862,1301
11172,2473,2182
11173,11144,4860
11174,10645,1010
11175,10314,2031
11176,11169,11071
11177,11176,2502
11178,10902,388
11179,11177,2238
11180,11179,835
11181,10518,2558
11182,10974,3541
11183,10768,10735
11184,1911,1290
11185,11165,2474
11186,2918,1025
11187,11180,10054
11188,11187,10864
11189,11188,5025
11190,11189,996
11191,11190,11067
11192,11070,10558
11193,11182,10316
11194,11191,10847
11195,11194,4821
11196,10981,10858
11197,11193,11127
11198,11185,11091
11199,10505,10449
11200,5191,1888
11201,10886,10766
11202,11173,11154
11203,11117,11088
11204,11161,10980
11205,11023,3772
11206,11069,891
11207,11195,11006
11208,11207,1090
11209,11208,11094
11210,10667,5366
11211,11198,3946
11212,11075,556
11213,10985,10341
11214,10774,4255
11215,11209,3537
11216,11215,10967
11217,11211,11002
11218,11217,369
11219,10993,2532
11220,10826,2903
11221,11047,5346
11222,11216,1293
11223,11010,10465
11224,11174,10685
11225,10962,9830
11226,11134,10479
11227,3965,3219
11228,11222,11090
11229,11181,2672
11230,5228,2135
11231,10661,861
11232,11228,5225
11233,11125,10665
11234,11218,2425
11235,11212,11120
11236,11232,11143
11237,11230,10996
11238,11237,4265
11239,11221,10684
11240,5871,4610
11241,11150,10988
11242,10669,1617
11243,11236,1418
11244,11122,947
11245,10370,5768
11246,11098,10502
11247,2365,725
11248,11009,2178
11249,11243,568
11250,10827,3516
11251,10850,10780
11252,11234,11206
11253,11252,11054
11254,10921,10499
11255,10944,65
11256,11249,569
11257,11256,1720
11258,11257,10498
11259,10880,9645
11260,4132,1794
11261,11258,10326
11262,10044,60
11263,4374,978
11264,11253,910
11265,10690,10536
11266,10672,5328
11267,10905,290
11268,11264,2401
11269,2774,2180
11270,2719,489
11271,5530,4081
11272,10733,116
11273,10982,10929
11274,11261,11204
11275,11274,600
11276,11129,18
11277,11268,10991
11278,11277,2291
11279,11278,4672
11280,11279,674
11281,11275,10448
11282,11113,10753
11283,10727,1573
11284,11280,11072
11285,11231,676
11286,3167,1771
11287,10865,4469
11288,3045,1769
11289,10833,10041
11290,1223,1165
11291,3567,611
11292,4478,3872
11293,10972,654
11294,11024,10754
11295,11284,1140
11296,11295,2418
11297,11101,3990
11298,4854,421
11299,11139,10761
11300,4520,3031
11301,11061,10647
11302,11115,2581
11303,11241,10397
11304,10459,458
11305,10969,10726
11306,11121,756
11307,2054,239
11308,10987,3886
11309,5231,4312
11310,11205,5017
11311,437,50
11312,11296,11247
11313,11312,695
11314,11313,10705
11315,10673,2392
11316,11276,11055
11317,3800,2974
11318,11183,11003
11319,4631,2986
11320,11308,11281
11321,11320,11219
11322,5038,821
11323,11321,11104
11324,11323,11226
11325,11028,4921
11326,11324,505
11327,10572,10013
11328,11299,11049
11329,11314,582
11330,11329,2619
11331,11326,732
11332,11027,2592
11333,11330,733
11334,11333,5035
11335,11334,10963
11336,11331,3901
11337,11336,2517
11338,2444,516
11339,10801,2351
11340,10744,10171
11341,2843,2666
11342,11337,11118
11343,11342,11203
11344,10992,2733
11345,11202,11095
11346,11186,10746
11347,10336,2789
11348,11335,2756
11349,11239,687
11350,11348,2362
11351,1103,661
11352,11343,2732
11353,11168,5101
11354,11350,11319
11355,11086,5483
11356,11097,10810
11357,5628,4547
11358,11328,566
11359,11358,2315
11360,4861,1845
11361,3214,3066
11362,10677,1296
11363,11352,11316
11364,5293,2894
11365,11160,10891
11366,4575,847
11367,1869,1635
11368,11354,5505
11369,11368,1027
11370,11266,11048
11371,10783,10483
11372,11369,543
11373,11282,10994
11374,11353,11178
11375,10885,2504
11376,11363,0
11377,11376,11238
11378,11372,5183
11379,11378,10834
11380,5726,950
11381,11359,11083
11382,11379,11346
11383,11304,10697
11384,2415,101
11385,577,507
11386,11301,5393
11387,11298,11229
11388,11365,11029
11389,11377,5371
11390,11271,1565
11391,11382,612
11392,11391,2058
11393,11389,1754
11394,11393,4589
11395,10693,10395
11396,4598,3353
11397,11233,5784
11398,11307,11197
11399,10918,2356
11400,10644,2934
11401,11349,2694
11402,11035,2073
11403,11303,11089
11404,11394,5897
11405,11404,4303
11406,3678,3401
11407,11310,4544
11408,11407,2137
11409,11405,644
11410,5207,2284
11411,2876,1480
11412,10898,57
11413,5458,3425
11414,11392,10466
11415,11414,11192
11416,11409,11141
11417,11381,10870
11418,4946,3724
11419,11171,4758
11420,11235,5781
11421,11420,4827
11422,11415,11370
11423,11416,4787
11424,11423,770
11425,11422,11224
11426,11425,1696
11427,2815,2518
11428,11037,2718
11429,11078,5916
11430,11302,1123
11431,3838,3739
11432,3759,1518
11433,11114,10717
11434,11424,4884
11435,11434,11285
11436,11246,1944
11437,11339,4234
11438,11152,5409
11439,11315,10947
11440,11386,11147
11441,11294,4847
11442,11426,833
11443,11406,10818
11444,11399,2434
11445,11223,2670
11446,11445,11289
11447,2998,2607
11448,3497,1813
11449,11073,3760
11450,11255,512
11451,11225,5040
11452,870,488
11453,11437,11398
11454,11435,3252
11455,11454,11283
11456,3935,550
11457,11455,3566
11458,11457,5614
11459,11417,10899
11460,11220,4129
11461,11318,4731
11462,11345,5394
11463,11462,4975
11464,11463,11052
11465,5694,376
11466,11408,1377
11467,11458,3568
11468,11442,11273
11469,10949,2722
11470,11201,10574
11471,11269,11172
11472,11467,11184
11473,11468,11450
11474,11446,1961
11475,11474,10591
11476,11472,1179
11477,11476,787
11478,11477,11306
11479,11135,3783
11480,10941,852
11481,11244,5003
11482,10958,3586
11483,11473,10520
11484,11483,11466
11485,11340,2922
11486,11484,1070
11487,11478,632
11488,11305,5084
11489,11421,11131
11490,4962,4951
11491,11487,11439
11492,11491,11410
11493,11459,10668
11494,11108,2944
11495,10857,3680
11496,4663,2668
11497,11486,11401
11498,11159,2231
11499,5430,3614
11500,4719,2749
11501,11356,788
11502,11251,4638
11503,10953,797
11504,11492,11441
11505,11227,3119
11506,11504,11259
11507,11267,5460
11508,10875,726
11509,11080,10504
11510,11297,1906
11511,11373,3217
11512,10606,10599
11513,11506,11397
11514,11513,11461
11515,11497,1764
11516,11515,11470
11517,11514,3357
11518,4530,1858
11519,11517,986
11520,11436,11287
11521,11058,1705
11522,11411,11109
11523,2059,502
11524,10965,5119
11525,11464,11355
11526,11519,555
11527,11341,2041
11528,11516,1574
11529,2818,1652
11530,11374,10961
11531,11528,11290
11532,4306,2596
11533,11371,11361
11534,11526,1288
11535,11400,11300
11536,11531,11099
11537,11534,11453
11538,11200,3809
11539,11428,4415
11540,5258,3731
11541,11536,11270
11542,11541,11502
11543,11199,11032
11544,10779,10339
11545,11537,11465
11546,11242,589
11547,11538,11525
11548,11547,11429
11549,3468,1256
11550,11460,11213
11551,11520,11126
11552,11332,1511
11553,11060,4594
11554,11327,5928
11555,11403,2516
11556,11542,11482
11557,11556,2758
11558,11151,2710
11559,11545,11498
11560,11559,11444
11561,4156,665
11562,11385,11170
11563,11557,11163
11564,1213,1158
11565,11485,2191
11566,1946,1487
11567,11560,621
11568,11496,11262
11569,11291,450
11570,11555,2890
11571,3474,3025
11572,11440,10103
11573,11563,2628
11574,11573,11430
11575,11508,11286
11576,11574,11567
11577,11475,4926
11578,11387,11103
11579,10835,628
11580,11427,11390
11581,11510,3321
11582,11570,10954
11583,11503,2898
11584,11248,11196
11585,11431,11322
11586,11548,3099
11587,11586,3955
11588,11480,785
11589,10715,3598
11590,2930,1522
11591,11388,1438
11592,11535,11155
11593,2640,247
11594,11317,962
11595,11395,5940
11596,11587,2879
11597,11156,462
11598,10563,3562
11599,5169,3111
11600,11598,3720
11601,11540,11325
11602,10564,3361
11603,11493,11443
11604,11603,11383
11605,4614,2806
11606,10689,4001
11607,11546,11489
11608,11432,4834
11609,11552,11448
11610,11530,11494
11611,11522,4647
11612,11582,11449
11613,11245,2936
11614,11576,3718
11615,11614,11451
11616,11615,584
11617,11338,2852
11618,11501,2077
11619,11578,2214
11620,11162,4729
11621,5967,4090
11622,11580,4507
11623,4829,1464
11624,11351,1229
11625,11591,11347
11626,11612,11402
11627,11214,592
11628,953,321
11629,11584,9271
11630,11585,11481
11631,11616,941
11632,3659,2991
11633,11595,864
11634,11583,11105
11635,11412,5372
11636,4905,3779
11637,11527,4659
11638,11624,11610
11639,11625,11469
11640,10541,3828
11641,11596,11087
11642,1519,980
11643,11579,9886
11644,11521,5655
11645,10959,578
11646,11533,11364
11647,11641,3741
11648,11452,44
11649,5788,4003
11650,11631,11518
11651,11650,11366
11652,11651,11577
11653,11488,11265
11654,11175,11100
11655,11539,728
11656,11604,690
11657,11656,11532
11658,11639,11293
11659,11572,11357
11660,11659,3628
11661,11626,11569
11662,11620,2888
11663,11607,2613
11664,9914,4820
11665,11652,11622
11666,11507,11362
11667,11657,11260
11668,11647,2163
11669,11668,11210
11670,11669,11050
11671,11670,11524
11672,11665,11646
11673,2606,938
11674,11672,11637
11675,11667,1809
11676,11499,525
11677,11550,11254
11678,11589,3999
11679,3597,991
11680,11675,2204
11681,11592,2709
11682,11671,11618
11683,11544,11438
11684,11568,7658
11685,11682,11384
11686,11674,5284
11687,11686,2488
11688,11658,2699
11689,11663,11263
11690,11687,2126
11691,11690,11380
11692,11691,11419
11693,11692,782
11694,11693,11250
11695,11694,11613
11696,11602,11505
11697,11695,2044
11698,11553,2985
11699,11124,3180
11700,11375,2144
11701,11581,11471
11702,11638,11360
11703,3660,2017
11704,11697,11456
11705,11704,1698
11706,11705,1735
11707,11706,5158
11708,11707,11561
11709,11708,11630
11710,3994,677
11711,11479,11272
11712,11601,1222
11713,11702,11661
11714,11629,11565
11715,11709,11594
11716,11588,2780
11717,11716,11511
11718,11712,8806
11719,4811,2923
11720,11562,11158
11721,11715,5173
11722,11721,3963
11723,11722,1115
11724,11723,11680
11725,11724,3179
11726,11660,4996
11727,11344,4607
11728,11681,1969
11729,11685,11608
11730,11543,11523
11731,11679,3067
11732,11529,3652
11733,11509,2702
11734,11655,3782
11735,11725,1607
11736,11635,11396
11737,11735,386
11738,3125,973
11739,2541,22
11740,11689,3268
11741,11558,11551
11742,11727,11367
11743,4904,2566
11744,3936,2032
11745,2142,132
11746,11611,121
11747,11719,2681
11748,11726,10937
11749,11740,2906
11750,11678,5857
11751,5260,1060
11752,11512,11311
11753,11737,11240
11754,11752,379
11755,11753,2321
11756,11632,5613
11757,11676,11664
11758,11728,11662
11759,11755,4558
11760,11619,11500
11761,11644,11575
11762,11666,11288
11763,11748,11627
11764,11759,11754
11765,11764,3810
11766,11633,5541
11767,11683,5218
11768,11765,11711
11769,11599,3563
11770,5546,1236
11771,11698,11643
11772,11713,11418
11773,11700,2800
11774,3196,1842
11775,11733,11729
11776,11775,11606
11777,11776,11554
11778,11768,858
11779,11778,11710
11780,11779,11634
11781,11780,5275
11782,11133,1678
11783,11781,5114
11784,11758,11747
11785,11750,4321
11786,11701,1302
11787,11749,11640
11788,11783,11732
11789,11788,11688
11790,11777,11677
11791,11745,5896
11792,11789,11617
11793,4678,2061
11794,11746,668
11795,11784,11761
11796,4601,1830
11797,11792,5018
11798,11797,11673
11799,11798,267
11800,11799,11756
11801,11800,3542
11802,11801,11762
11803,11802,11786
11804,11730,11609
11805,11803,11549
11806,11805,11771
11807,10952,393
11808,3654,2823
11809,11806,11648
11810,11809,11794
11811,11810,3548
11812,5904,5303
11813,11790,11731
11814,11564,5612
11815,11813,11621
11816,11636,3862
11817,11772,11760
11818,11817,11741
11819,11742,11166
11820,11413,2819
11821,11714,1898
11822,11811,1455
11823,11822,11699
11824,11823,871
11825,11734,954
11826,11824,11703
11827,11826,11605
11828,11720,718
11829,11795,11751
11830,11827,1023
11831,11830,4789
11832,11831,5041
11833,11832,11593
11834,11833,11566
11835,11815,3765
11836,11835,11785
11837,11718,11433
11838,11738,3796
11839,3141,2905
11840,11036,5595
11841,11840,2942
11842,5464,2989
11843,11834,11770
11844,11843,11684
11845,11844,11773
11846,11836,3794
11847,11846,11787
11848,11808,69
11849,11845,2706
11850,11642,308
11851,11849,563
11852,4402,2841
11853,11851,11818
11854,11653,8878
11855,11717,3926
11856,11782,2826
11857,11853,402
11858,11854,3942
11859,11857,11816
11860,11859,3692
11861,4277,1389
11862,11847,11828
11863,11860,11292
11864,11863,11736
11865,11864,5477
11866,11865,3937
11867,11862,11767
11868,11649,3511
11869,11769,71
11870,11856,11820
11871,11743,4651
11872,11866,1542
11873,5968,3323
11874,3070,2587
11875,11837,2363
11876,11875,11744
11877,11872,596
11878,11867,3780
11879,11878,277
11880,11879,11819
11881,11766,3655
11882,11804,11654
11883,11807,11600
11884,11825,11739
11885,11877,513
11886,11885,11861
11887,11886,64
11888,11880,5721
11889,11888,11490
11890,11793,4785
11891,11873,2512
11892,930,754
11893,11821,11447
11894,4976,4867
11895,11887,11791
11896,11868,11852
11897,11895,11829
11898,11838,11571
11899,11869,11597
11900,11892,2909
11901,11696,11623
11902,11893,1436
11903,11841,5082
11904,11897,11757
11905,11904,11628
11906,11905,5244
11907,11874,11850
11908,11906,11645
11909,11908,11855
11910,11909,4155
11911,11495,11016
11912,11889,917
11913,11910,11902
11914,11913,5969
11915,4947,4427
11916,11914,11814
11917,11916,11896
11918,5845,2341
11919,11915,11884
11920,10481,34
11921,11858,4434
11922,11917,11848
11923,11883,380
11924,11774,3030
11925,11922,3719
11926,11898,11882
11927,11925,11900
11928,11927,4186
11929,11912,11763
11930,11928,11891
11931,11930,11903
11932,11931,11870
11933,11932,3897
11934,11590,4683
11935,11933,11907
11936,11935,1953
11937,11936,5296
11938,11937,11881
11939,11938,11839
11940,11939,11901
11941,11940,11876
11942,11929,4870
11943,11942,11871
11944,11943,11920
11945,11944,4625
11946,11941,2821
11947,11890,11796
11948,5801,3538
11949,4783,3191
11950,5413,160
11951,11946,11919
11952,11951,11926
11953,3777,3502
11954,11952,1046
11955,11842,3599
11956,11954,2147
11957,11956,2626
11958,11957,11947
11959,11958,2573
11960,11959,156
11961,11960,11911
11962,11961,4323
11963,11945,2111
11964,11963,10751
11965,11964,11962
11966,11812,651
11967,11966,3715
11968,4172,3745
11969,11894,5881
11970,11953,11923
11971,5377,3746
11972,11965,534
11973,11972,4514
11974,11973,5938
11975,11974,2683
11976,11949,11918
11977,11975,5824
11978,11977,4840
11979,11978,11921
11980,11979,3093
11981,11980,11970
11982,11969,11955
11983,11981,11934
11984,11983,11982
11985,11948,11309
11986,4388,3894
11987,11986,11984
11988,11987,11899
11989,11988,11976
11990,11971,10628
11991,11968,11967
11992,11990,11989
11993,11950,11924
11994,11993,11992
11995,11994,11985
11996,11995,5941
11997,11996,11991
11998,11997,3010
