4000,2338,1598
4001,3643,2145
4002,4001,3885
4003,4000,3261
4004,2279,2030
4005,2340,2138
4006,4002,3977
4007,3069,1281
4008,3686,2860
4009,4007,2309
4010,4003,2395
4011,4004,477
4012,3539,3526
4013,4009,2133
4014,3827,3712
4015,4006,2497
4016,4010,1315
4017,3755,2746
4018,1242,433
4019,4005,96
4020,4013,2559
4021,4015,3292
4022,4011,2243
4023,3707,2374
4024,3950,1201
4025,4021,3920
4026,4019,1951
4027,3650,2070
4028,4020,2051
4029,4028,33
4030,4022,2306
4031,4024,3763
4032,4027,1013
4033,4018,2383
4034,3768,3346
4035,1926,1857
4036,3068,3036
4037,4025,1219
4038,4016,3208
4039,4030,2661
4040,1096,390
4041,3290,150
4042,4037,3377
4043,3600,3427
4044,4033,1098
4045,4032,2387
4046,4026,94
4047,4038,2403
4048,3530,3108
4049,4029,4023
4050,3928,3666
4051,4031,3689
4052,3860,3088
4053,4039,3110
4054,2430,2287
4055,3023,41
4056,3153,1177
4057,4045,74
4058,4052,4017
4059,409,207
4060,4042,1073
4061,3298,2118
4062,4047,4043
4063,3448,3234
4064,4058,3260
4065,4012,117
4066,4049,2074
4067,4044,53
4068,4041,3033
4069,4060,4048
4070,3095,2259
4071,2331,2302
4072,3019,47
4073,4062,1357
4074,2582,220
4075,4069,3734
4076,4066,4056
4077,3970,79
4078,4073,3300
4079,4075,4008
4080,4067,4040
4081,4014,3146
4082,3279,3015
4083,389,20
4084,3711,3691
4085,4050,4035
4086,4078,4051
4087,4055,3203
4088,3919,3899
4089,4068,3856
4090,3982,2264
4091,4076,2339
4092,2057,1649
4093,4053,2849
4094,3698,3555
4095,2222,1742
4096,4079,3998
4097,4072,3057
4098,4096,2466
4099,3429,3276
4100,3319,3259
4101,2464,1984
4102,4087,4085
4103,1131,815
4104,4064,3606
4105,4081,1188
4106,4046,4036
4107,4034,3681
4108,4065,1084
4109,4090,1137
4110,4106,4086
4111,3770,3391
4112,3610,3601
4113,4091,4054
4114,4101,4098
4115,3496,43
4116,398,367
4117,2099,2035
4118,3695,1523
4119,4080,2164
4120,4093,2008
4121,4104,2729
4122,1838,1544
4123,4114,4061
4124,3805,3022
4125,4077,3064
4126,4089,3246
4127,4070,1657
4128,4074,490
4129,215,77
4130,4057,2294
4131,3633,135
4132,4105,4095
4133,4126,4107
4134,4120,1154
4135,2662,1093
4136,4088,3908
4137,4071,1881
4138,4119,4103
4139,4132,3438
4140,2120,497
4141,2580,429
4142,4110,124
4143,3456,3173
4144,4063,1144
4145,1446,1018
4146,4111,3447
4147,4134,1892
4148,3047,2317
4149,4136,4097
4150,2679,1439
4151,4142,4122
4152,1778,1133
4153,4113,2232
4154,3205,1968
4155,3629,3244
4156,2273,2199
4157,253,112
4158,4143,4099
4159,4117,3561
4160,4153,3799
4161,4138,714
4162,4121,3083
4163,4123,2443
4164,3359,3187
4165,4092,2378
4166,4135,4131
4167,4083,3909
4168,4059,3753
4169,410,138
4170,3183,3004
4171,4161,4147
4172,151,86
4173,4148,2328
4174,4163,4139
4175,285,75
4176,401,368
4177,4125,1647
4178,4137,204
4179,1834,251
4180,4151,3954
4181,4133,4115
4182,4128,4108
4183,2536,1195
4184,3943,2104
4185,3365,3310
4186,2244,2233
4187,3769,3683
4188,4124,2391
4189,3403,1566
4190,2477,1675
4191,4180,3459
4192,1489,1478
4193,4156,3229
4194,3441,246
4195,2181,465
4196,4152,1349
4197,4174,4084
4198,2522,1631
4199,2886,1536
4200,4173,4130
4201,2071,168
4202,1481,353
4203,1150,1052
4204,3506,2149
4205,4102,1928
4206,3961,1513
4207,4191,1425
4208,1347,371
4209,4116,72
4210,2685,1890
4211,3131,89
4212,4160,3100
4213,4162,4154
4214,3220,243
4215,4145,1321
4216,4197,2438
4217,4166,1039
4218,449,152
4219,3098,1924
4220,3554,1777
4221,4127,1734
4222,4149,3717
4223,3449,3029
4224,4212,1504
4225,4177,4170
4226,231,107
4227,4168,3596
4228,3905,3902
4229,4158,3674
4230,4225,4216
4231,4189,1265
4232,4109,3469
4233,2832,1423
4234,4190,1567
4235,3184,3094
4236,4224,4217
4237,4178,146
4238,4214,4094
4239,4181,4155
4240,4200,4165
4241,1661,501
4242,2412,1220
4243,62,12
4244,4210,4118
4245,4211,237
4246,4146,3374
4247,4129,2816
4248,3761,97
4249,3495,3198
4250,4207,3254
4251,4232,4171
4252,453,261
4253,1275,1082
4254,4205,1283
4255,4176,392
4256,4236,901
4257,4250,4204
4258,4182,170
4259,4239,2564
4260,4240,1338
4261,4256,2487
4262,4184,2511
4263,4169,354
4264,4193,1292
4265,4233,3814
4266,4188,2523
4267,3671,1107
4268,1342,963
4269,1772,1589
4270,257,59
4271,4192,1815
4272,4254,1020
4273,4112,2368
4274,3967,2352
4275,4238,4213
4276,4257,1886
4277,4100,3959
4278,4198,1825
4279,1334,1272
4280,4195,3846
4281,4259,1747
4282,3781,252
4283,4261,1676
4284,4221,3051
4285,4247,73
4286,1433,357
4287,3369,413
4288,2183,2129
4289,4269,3529
4290,4251,2632
4291,3294,1615
4292,4264,4206
4293,4230,3269
4294,4208,3382
4295,2192,2064
4296,4260,1840
4297,4243,171
4298,2393,2337
4299,4159,2301
4300,4227,2878
4301,4201,2353
4302,4276,103
4303,4244,2550
4304,3457,2680
4305,4283,762
4306,3440,3243
4307,2343,1040
4308,4293,3400
4309,4255,119
4310,4281,3819
4311,4229,3356
4312,4237,3137
4313,4272,3212
4314,4305,3164
4315,4082,1979
4316,4302,4284
4317,4308,3670
4318,2255,2174
4319,4314,2007
4320,3307,3041
4321,4141,9
4322,4317,2256
4323,4248,3958
4324,4290,4175
4325,4296,1692
4326,3085,2546
4327,3470,1941
4328,4313,4199
4329,3372,2380
4330,1577,1035
4331,4241,722
4332,4310,3742
4333,3514,1991
4334,4325,2308
4335,3904,3079
4336,495,403
4337,3966,3922
4338,1180,527
4339,4179,1430
4340,3907,1457
4341,3413,2844
4342,4319,2010
4343,2314,1311
4344,3395,46
4345,1087,880
4346,4306,4222
4347,4246,4235
4348,2432,2375
4349,4271,4245
4350,3708,1826
4351,4332,4220
4352,4297,1329
4353,3869,3210
4354,4288,4172
4355,3192,2193
4356,4324,4183
4357,3366,1122
4358,3332,2176
4359,4292,1557
4360,440,218
4361,3540,1400
4362,4326,2329
4363,4316,4312
4364,4331,4203
4365,1068,793
4366,4328,1708
4367,3384,287
4368,4299,3588
4369,4263,2565
4370,4342,3900
4371,4266,3820
4372,4300,3826
4373,4167,4144
4374,3373,2584
4375,1835,1605
4376,4356,742
4377,3221,1295
4378,2507,2202
4379,2514,1746
4380,4366,4343
4381,2218,1141
4382,3385,1994
4383,4322,4196
4384,4301,2988
4385,4376,4265
4386,4370,219
4387,4334,1168
4388,3103,2455
4389,4274,192
4390,260,255
4391,1601,37
4392,4347,4311
4393,4386,115
4394,3375,3222
4395,442,281
4396,4393,3299
4397,3773,3273
4398,2276,17
4399,4315,1497
4400,4285,1375
4401,3136,491
4402,4268,1814
4403,1877,1320
4404,4223,370
4405,1193,1006
4406,3721,4
4407,4363,4289
4408,4387,2332
4409,4351,3285
4410,4383,4234
4411,3286,3018
4412,4396,3971
4413,3626,3510
4414,4275,876
4415,3213,1266
4416,4359,3743
4417,4267,1230
4418,3910,1660
4419,4412,1282
4420,4150,2917
4421,4278,3123
4422,3831,3225
4423,4219,1126
4424,3306,929
4425,4385,987
4426,200,167
4427,1967,1856
4428,3211,3209
4429,3778,1603
4430,4409,3785
4431,4407,3043
4432,4298,2282
4433,1757,460
4434,2472,1251
4435,3314,317
4436,4431,3504
4437,4402,508
4438,4371,3258
4439,4321,184
4440,4253,1308
4441,2344,1299
4442,4419,1398
4443,4404,3675
4444,4282,307
4445,4425,1114
4446,4430,4303
4447,4416,1132
4448,4164,279
4449,4442,1037
4450,3547,2335
4451,4421,1239
4452,4187,4140
4453,4414,4392
4454,3160,3087
4455,4280,2388
4456,4368,3802
4457,4372,2108
4458,4436,4374
4459,4360,300
4460,3399,2759
4461,1125,626
4462,4408,2081
4463,4242,3329
4464,4215,1463
4465,4304,3590
4466,4389,343
4467,4380,344
4468,4445,658
4469,4294,3986
4470,439,108
4471,4277,3918
4472,1498,1224
4473,4287,2240
4474,3394,3257
4475,4458,1883
4476,4410,4327
4477,4345,3387
4478,4449,1337
4479,4375,339
4480,3921,1552
4481,4352,310
4482,4438,4231
4483,4468,4365
4484,3283,3193
4485,4478,4361
4486,4475,2047
4487,4323,1758
4488,4446,2877
4489,4262,2955
4490,4467,3297
4491,4373,3634
4492,2928,314
4493,4355,4286
4494,4349,1737
4495,2962,1127
4496,438,259
4497,4400,298
4498,3228,2367
4499,4369,3854
4500,4333,4258
4501,4185,3488
4502,4471,3309
4503,3172,1450
4504,4486,1306
4505,4338,1367
4506,4320,1083
4507,4504,4411
4508,4485,4462
4509,2621,1868
4510,4367,4307
4511,4476,4384
4512,3347,500
4513,4490,2911
4514,3101,1503
4515,3313,1831
4516,4477,2103
4517,4466,4447
4518,3825,2938
4519,906,15
4520,4483,1186
4521,4186,1079
4522,4364,1505
4523,4480,4451
4524,4273,3527
4525,470,51
4526,3340,2423
4527,4399,1529
4528,4346,2297
4529,4520,4354
4530,4461,4339
4531,587,118
4532,4456,3132
4533,3002,1384
4534,4279,1579
4535,2085,1710
4536,4270,423
4537,3944,3574
4538,4528,2056
4539,4513,1368
4540,4488,3178
4541,4511,1959
4542,4455,1372
4543,3128,3046
4544,2361,1415
4545,4391,2360
4546,4529,2097
4547,3185,2742
4548,4539,3960
4549,4417,1646
4550,4295,1051
4551,4403,1017
4552,4540,1101
4553,4401,2450
4554,4514,4418
4555,4507,1434
4556,4500,3709
4557,3517,3472
4558,2686,629
4559,292,238
4560,3638,3492
4561,425,337
4562,4541,2105
4563,4552,4453
4564,1876,360
4565,4555,3648
4566,4508,1606
4567,1382,935
4568,4228,3945
4569,4566,2420
4570,2234,210
4571,4473,199
4572,4405,3056
4573,4565,1537
4574,498,275
4575,4506,3090
4576,3836,3378
4577,4341,3868
4578,4335,3479
4579,4573,4517
4580,4546,4497
4581,4202,2170
4582,3171,104
4583,4420,286
4584,3197,1424
4585,1530,1379
4586,4567,4548
4587,4348,2015
4588,4530,4427
4589,2751,2608
4590,4532,1819
4591,4522,4499
4592,4554,4482
4593,236,202
4594,4489,1091
4595,2567,838
4596,4381,1417
4597,4437,1586
4598,4549,4377
4599,1333,1297
4600,4440,1386
4601,4249,1917
4602,4562,2508
4603,420,318
4604,106,42
4605,1860,1643
4606,4586,4569
4607,4329,1619
4608,4362,68
4609,4580,4494
4610,3895,860
4611,3021,270
4612,4602,4423
4613,4505,4459
4614,4519,4441
4615,2534,879
4616,2296,784
4617,2060,1591
4618,4465,1029
4619,4579,4516
4620,4209,350
4621,4556,3762
4622,4330,2185
4623,2454,189
4624,4491,4413
4625,4559,4309
4626,2480,1095
4627,3940,3722
4628,179,61
4629,3238,331
4630,4515,3775
4631,4502,3694
4632,1204,88
4633,4524,4429
4634,4406,291
4635,2326,1041
4636,4521,3236
4637,4544,2880
4638,4581,1681
4639,4576,4194
4640,3024,1585
4641,4394,3084
4642,805,635
4643,4619,4493
4644,4609,4378
4645,299,186
4646,4452,4218
4647,3061,3003
4648,334,258
4649,1914,778
4650,4612,1304
4651,3669,1206
4652,2943,2836
4653,4543,3887
4654,4503,949
4655,2812,2792
4656,4509,1885
4657,4397,452
4658,4457,4395
4659,3402,3322
4660,4553,2646
4661,4358,3189
4662,4594,3914
4663,2861,1894
4664,4598,3622
4665,4611,129
4666,1923,1648
4667,4536,4439
4668,2637,2088
4669,4613,1602
4670,4542,278
4671,4643,3255
4672,4379,2150
4673,4527,4510
4674,4382,4291
4675,4534,979
4676,2638,2354
4677,4671,3972
4678,4432,2096
4679,3653,3581
4680,4550,395
4681,1787,1257
4682,4450,2509
4683,4644,1560
4684,2547,1345
4685,1435,1028
4686,4588,1217
4687,4677,4472
4688,4577,3624
4689,2130,1253
4690,4523,2366
4691,4649,3859
4692,4398,1350
4693,4618,1919
4694,4659,2827
4695,4664,4650
4696,4653,4590
4697,3817,2143
4698,4606,4591
4699,4434,4426
4700,4673,1422
4701,1761,1216
4702,2602,1044
4703,4512,4463
4704,4634,4563
4705,4474,1976
4706,4687,1034
4707,4623,4538
4708,3165,2760
4709,3312,229
4710,3435,1891
4711,4621,1291
4712,1693,400
4713,4583,1471
4714,4706,2160
4715,4444,280
4716,4646,3929
4717,4564,1707
4718,4683,916
4719,4714,4592
4720,4422,3877
4721,3824,2993
4722,3170,1656
4723,4637,2691
4724,4704,4624
4725,3155,2372
4726,4603,272
4727,4695,4587
4728,2757,1108
4729,796,739
4730,4663,4571
4731,4578,3232
4732,3849,3619
4733,2881,837
4734,3803,397
4735,4469,416
4736,4600,3615
4737,4727,2781
4738,4336,418
4739,2594,705
4740,2112,1429
4741,4496,3835
4742,4702,4388
4743,4698,1187
4744,4660,2414
4745,4690,1393
4746,4672,2978
4747,4665,3049
4748,3397,3161
4749,4669,1164
4750,4595,791
4751,4718,4700
4752,4686,412
4753,4484,3499
4754,4743,1904
4755,4560,1821
4756,3705,468
4757,4479,2866
4758,4719,4596
4759,4668,2300
4760,4754,4599
4761,4749,4614
4762,1913,1645
4763,4711,1390
4764,4622,4357
4765,3345,1611
4766,3735,2635
4767,4744,2485
4768,4737,975
4769,4751,28
4770,4424,1104
4771,3380,268
4772,4443,1454
4773,1274,1067
4774,1376,923
4775,4344,3996
4776,4760,4638
4777,4713,1237
4778,4776,2136
4779,4769,1214
4780,4688,4662
4781,4350,3078
4782,4626,4535
4783,4340,283
4784,3764,1209
4785,2152,1580
4786,4752,4675
4787,3432,1348
4788,984,70
4789,4157,143
4790,3354,3122
4791,4558,1510
4792,4252,223
4793,4735,4689
4794,312,91
4795,4657,4518
4796,1925,1810
4797,4758,4635
4798,4654,358
4799,4353,3407
4800,3481,2910
4801,4470,6
4802,4585,2310
4803,2248,1452
4804,2678,2148
4805,4572,2260
4806,4667,4525
4807,4724,4656
4808,4755,1532
4809,4608,4337
4810,3995,2169
4811,1551,1002
4812,2837,2798
4813,4778,3348
4814,3169,2738
4815,4775,1824
4816,4501,1548
4817,4733,4498
4818,4730,3892
4819,4720,4633
4820,4741,4705
4821,4782,4597
4822,4779,4684
4823,3818,3360
4824,4574,196
4825,4648,346
4826,4802,776
4827,4762,4681
4828,3728,3318
4829,4415,3871
4830,4770,2078
4831,1870,1562
4832,4780,4750
4833,4495,1033
4834,3932,435
4835,3331,383
4836,4708,579
4837,3913,2006
4838,4699,1075
4839,3858,3251
4840,4604,4481
4841,4435,266
4842,4777,1076
4843,4658,639
4844,4797,3642
4845,872,476
4846,4454,3073
4847,4670,2311
4848,4652,3812
4849,4655,2926
4850,4740,2107
4851,4682,1878
4852,4531,2711
4853,4844,2676
4854,4813,3984
4855,4807,4747
4856,4610,1613
4857,4640,3657
4858,4636,2458
4859,4734,134
4860,4726,161
4861,4448,3417
4862,4768,2286
4863,4547,1119
4864,4601,2075
4865,4616,3127
4866,4433,2348
4867,2743,303
4868,4694,3875
4869,4676,2687
4870,4794,4487
4871,4832,4822
4872,3702,1032
4873,1729,191
4874,1402,365
4875,3376,3016
4876,4723,2557
4877,4766,4460
4878,4854,915
4879,2761,2677
4880,3821,2207
4881,3571,2324
4882,4631,25
4883,2408,1507
4884,4763,137
4885,1572,424
4886,4878,4761
4887,2825,2593
4888,4853,662
4889,4838,4742
4890,4627,4537
4891,149,10
4892,1614,1269
4893,4753,4630
4894,4757,1085
4895,4607,2854
4896,4888,1859
4897,3985,3218
4898,3182,2641
4899,4725,2098
4900,3339,1739
4901,4575,3730
4902,4584,3806
4903,4871,940
4904,1370,407
4905,4896,1322
4906,3162,1460
4907,4826,4745
4908,4855,4557
4909,316,306
4910,3651,256
4911,4764,3487
4912,4736,2376
4913,4625,273
4914,3039,892
4915,4862,2572
4916,4716,4226
4917,4691,3428
4918,972,736
4919,3832,3797
4920,1686,363
4921,4645,351
4922,4905,4680
4923,993,765
4924,4886,4318
4925,4696,3544
4926,4615,1156
4927,4746,4678
4928,4703,1473
4929,4772,4641
4930,4721,475
4931,4915,4793
4932,4908,2996
4933,4617,4570
4934,4924,4786
4935,4791,849
4936,4932,1590
4937,2390,593
4938,4551,1319
4939,1247,790
4940,4903,1062
4941,4701,1827
4942,4895,3625
4943,4936,4861
4944,4639,1327
4945,4922,4767
4946,4836,4729
4947,466,313
4948,712,545
4949,4847,1353
4950,4693,4390
4951,4545,4492
4952,1394,434
4953,1359,843
4954,4561,133
4955,4907,122
4956,4940,789
4957,3409,2947
4958,4858,3792
4959,1795,1358
4960,1748,1674
4961,4876,4812
4962,1437,1210
4963,4943,4857
4964,4738,4628
4965,4942,2091
4966,4759,1113
4967,4863,1973
4968,4820,694
4969,4710,4707
4970,3751,2542
4971,933,610
4972,4927,4661
4973,4865,4829
4974,4912,4850
4975,4842,1211
4976,2079,1414
4977,4945,1022
4978,185,67
4979,3081,716
4980,4818,3549
4981,4804,2456
4982,4901,2885
4983,3231,803
4984,4873,1839
4985,4882,4620
4986,4977,4917
4987,4852,3631
4988,4833,862
4989,1494,175
4990,3215,3006
4991,3672,446
4992,4883,4827
4993,4533,3873
4994,4935,2470
4995,4845,4679
4996,3311,2895
4997,4568,3632
4998,4934,4856
4999,176,31
5000,3964,2313
5001,4986,4974
5002,4968,3052
5003,4464,2251
5004,4816,4674
5005,3948,2495
5006,2465,2215
5007,4956,3009
5008,274,205
5009,4931,2379
5010,1811,496
5011,3852,3074
5012,4849,2829
5013,4821,1559
5014,3404,1571
5015,4632,1561
5016,4843,148
5017,457,56
5018,2671,1927
5019,5005,5001
5020,4944,3978
5021,4771,2788
5022,1408,529
5023,2019,1194
5024,2278,1709
5025,4996,2371
5026,5007,4788
5027,4806,3532
5028,5009,4859
5029,4992,4961
5030,3822,3661
5031,4848,3682
5032,4831,1279
5033,4799,2848
5034,4963,4808
5035,4765,3437
5036,5019,1666
5037,5026,540
5038,3729,232
5039,4728,2615
5040,4926,2945
5041,4998,4774
5042,4929,4928
5043,2494,2168
5044,4841,194
5045,2258,686
5046,4949,4582
5047,4980,2970
5048,3265,3082
5049,5034,3884
5050,4872,1965
5051,3991,2189
5052,415,254
5053,4717,1340
5054,5013,1111
5055,3925,1388
5056,4925,4874
5057,1622,1456
5058,4685,1285
5059,4809,3202
5060,3665,233
5061,4860,4840
5062,4803,2141
5063,4798,263
5064,3392,3158
5065,4783,1218
5066,5041,4987
5067,3020,302
5068,1932,1466
5069,4946,4894
5070,1768,296
5071,4815,1313
5072,3744,2995
5073,4692,2929
5074,5028,4971
5075,4952,4902
5076,3389,304
5077,3865,2467
5078,5071,4712
5079,4938,1677
5080,4526,1021
5081,3483,13
5082,5066,4889
5083,4884,743
5084,2643,1986
5085,4805,750
5086,426,187
5087,4731,3855
5088,5053,1410
5089,3630,1701
5090,2461,541
5091,178,84
5092,4939,781
5093,5049,3837
5094,4972,4965
5095,2665,2590
5096,4995,4911
5097,5037,517
5098,5093,4982
5099,4801,493
5100,1697,1324
5101,3275,3035
5102,4846,1651
5103,2634,2134
5104,5082,2139
5105,1691,1030
5106,3602,3505
5107,481,87
5108,2897,2891
5109,451,130
5110,5036,4970
5111,4899,2714
5112,4651,2157
5113,504,319
5114,1395,419
5115,5104,1184
5116,5097,4887
5117,5059,2220
5118,5115,2847
5119,5020,848
5120,5110,1952
5121,4966,601
5122,4864,4589
5123,4787,1181
5124,5054,2436
5125,5050,5027
5126,5074,2082
5127,4870,1134
5128,5120,5051
5129,4869,2493
5130,1170,572
5131,5116,606
5132,4988,2907
5133,5079,1129
5134,5126,203
5135,3396,3007
5136,5083,1833
5137,5094,2023
5138,4913,1655
5139,5131,2712
5140,4795,3500
5141,5002,1704
5142,4814,3931
5143,5098,190
5144,4890,3256
5145,5134,4958
5146,5056,2750
5147,4921,1950
5148,5128,5025
5149,5118,4933
5150,5139,1445
5151,4900,4868
5152,1916,1116
5153,5143,4973
5154,5016,4920
5155,4819,524
5156,5150,3104
5157,5047,4919
5158,4955,995
5159,3017,444
5160,4914,2476
5161,5156,1167
5162,4951,2228
5163,4739,38
5164,944,800
5165,1516,1365
5166,3896,3062
5167,3663,624
5168,5137,2327
5169,4866,1714
5170,4969,473
5171,1280,1149
5172,5148,2385
5173,2072,772
5174,2785,227
5175,5161,1396
5176,5149,5029
5177,5154,3898
5178,5073,4923
5179,5172,2530
5180,2633,2323
5181,4647,3248
5182,4904,1346
5183,1543,111
5184,5162,1323
5185,5179,5087
5186,5146,4810
5187,5175,4975
5188,5021,2543
5189,5039,4950
5190,5169,4941
5191,5176,5069
5192,4981,3383
5193,4994,2462
5194,5043,5003
5195,4800,4605
5196,5086,5044
5197,1749,411
5198,467,322
5199,4891,348
5200,3989,3591
5201,5141,3509
5202,5145,3536
5203,5185,4796
5204,5085,3227
5205,5191,1016
5206,5024,4830
5207,4789,1
5208,3949,3811
5209,4781,3531
5210,1175,1094
5211,2896,2254
5212,5153,659
5213,5187,990
5214,4893,2570
5215,2961,604
5216,2883,297
5217,5202,3293
5218,5212,5203
5219,3791,2965
5220,5010,4715
5221,5177,751
5222,5205,3953
5223,461,406
5224,717,528
5225,5217,1441
5226,4867,3342
5227,5124,1897
5228,5158,2753
5229,5119,1568
5230,4906,3054
5231,4897,2688
5232,5076,1776
5233,3952,2252
5234,3874,1061
5235,5218,1502
5236,4979,4851
5237,1361,1238
5238,5012,4756
5239,5213,1050
5240,4993,4709
5241,3350,3305
5242,5057,4984
5243,3616,3462
5244,3947,1793
5245,5061,4885
5246,5193,1784
5247,5221,1818
5248,5168,1120
5249,5100,2188
5250,441,341
5251,4828,3442
5252,2486,1563
5253,387,144
5254,5095,4962
5255,5138,5038
5256,5102,4985
5257,5222,5045
5258,3494,1499
5259,3418,1600
5260,3296,1832
5261,2446,2009
5262,2990,1391
5263,5186,5096
5264,4948,605
5265,2411,155
5266,5133,5070
5267,4877,3649
5268,5052,3117
5269,5155,5004
5270,3639,3618
5271,5257,1263
5272,3289,1679
5273,5035,4983
5274,2478,1354
5275,3795,1403
5276,4976,1634
5277,1642,1624
5278,2656,212
5279,5271,5228
5280,5072,109
5281,3058,234
5282,1638,602
5283,3235,7
5284,5201,1665
5285,5239,3801
5286,3201,1312
5287,4839,2213
5288,5225,598
5289,5227,1740
5290,5092,2933
5291,1409,565
5292,5164,5125
5293,4964,52
5294,3336,2810
5295,3224,1054
5296,5015,510
5297,5033,4880
5298,5065,5011
5299,1109,586
5300,5136,197
5301,4835,1515
5302,4823,2952
5303,5279,746
5304,3048,436
5305,2652,1508
5306,5032,3464
5307,5288,1626
5308,5157,3452
5309,2673,55
5310,5151,1351
5311,3433,3154
5312,5303,3594
5313,5231,1472
5314,3710,1763
5315,5195,1128
5316,5184,1066
5317,1721,1183
5318,5188,2720
5319,5285,5040
5320,5127,2625
5321,1008,58
5322,4967,2551
5323,5235,904
5324,5105,1863
5325,5312,5242
5326,5256,1852
5327,4898,2405
5328,5170,333
5329,4773,1072
5330,5307,2116
5331,5289,1146
5332,2856,157
5333,5248,4837
5334,5319,982
5335,5132,1625
5336,5182,5152
5337,5077,5063
5338,5308,5215
5339,3697,1796
5340,5123,2867
5341,3270,2716
5342,3303,142
5343,5323,1461
5344,5166,5144
5345,5343,5284
5346,3121,2510
5347,4824,24
5348,5194,1009
5349,5330,5000
5350,3696,3115
5351,2599,865
5352,5046,2039
5353,2705,655
5354,5160,1250
5355,5316,5142
5356,5088,5060
5357,4916,3668
5358,5345,5078
5359,5189,2266
5360,3611,2269
5361,5117,4784
5362,165,30
5363,5244,3767
5364,4930,377
5365,1191,588
5366,3419,2767
5367,5325,5237
5368,5062,4959
5369,5349,3071
5370,3086,1381
5371,5334,5300
5372,1594,836
5373,5042,3560
5374,2146,2127
5375,5204,5080
5376,2165,1569
5377,3038,2778
5378,5367,909
5379,5246,710
5380,2406,1706
5381,3055,2853
5382,2457,1042
5383,5331,5190
5384,5075,1117
5385,5328,382
5386,4989,4879
5387,1316,325
5388,3575,3126
5389,3756,1802
5390,4697,2463
5391,4666,1244
5392,347,327
5393,5378,2864
5394,5214,3550
5395,5147,139
5396,5338,2707
5397,5130,928
5398,5371,1694
5399,4997,3736
5400,5369,2745
5401,5247,332
5402,5293,5197
5403,2417,1841
5404,3393,2416
5405,4785,2086
5406,5393,1426
5407,5310,2319
5408,2503,1581
5409,3522,213
5410,1493,1189
5411,5406,2247
5412,5341,2771
5413,5348,1159
5414,3974,3063
5415,5400,5273
5416,5358,248
5417,5263,824
5418,5373,5058
5419,4629,1620
5420,1535,1014
5421,5084,779
5422,5140,361
5423,5174,3882
5424,5129,5111
5425,5068,1233
5426,5249,5229
5427,4722,2034
5428,5380,2068
5429,4991,408
5430,5108,3443
5431,3699,2835
5432,5379,5234
5433,5411,5335
5434,3204,2110
5435,1641,672
5436,5416,5306
5437,5232,2863
5438,2657,1728
5439,5183,3635
5440,5298,2033
5441,5292,5121
5442,5181,3011
5443,4947,4792
5444,2167,39
5445,3471,3351
5446,3880,3334
5447,2156,1774
5448,5230,1451
5449,3135,2125
5450,5364,5297
5451,4825,180
5452,3579,1155
5453,2346,2020
5454,5436,562
5455,5433,1786
5456,3750,2042
5457,3851,8
5458,5333,2669
5459,846,685
5460,4748,3151
5461,2364,966
5462,5351,5290
5463,5396,5384
5464,5415,5326
5465,2739,1549
5466,5455,5243
5467,5454,734
5468,5398,1305
5469,4811,691
5470,5467,1152
5471,5091,499
5472,5466,2094
5473,5361,3480
5474,5196,3917
5475,5245,4978
5476,1431,701
5477,5472,5159
5478,3621,3168
5479,4834,1820
5480,5477,936
5481,5254,5219
5482,924,719
5483,5022,2226
5484,5321,5266
5485,5363,5090
5486,5240,3439
5487,3951,3604
5488,5468,5163
5489,5470,2726
5490,2357,2245
5491,2312,943
5492,3515,1556
5493,5173,2533
5494,1362,692
5495,5356,1995
5496,3992,3277
5497,5372,1862
5498,1780,1118
5499,5114,1942
5500,3881,1658
5501,5426,878
5502,5340,5320
5503,5488,874
5504,5099,92
5505,3130,228
5506,2973,1855
5507,4918,983
5508,2087,1019
5509,2872,1963
5510,5220,4910
5511,3829,336
5512,5211,166
5513,2303,1048
5514,5354,1872
5515,5424,2600
5516,2960,1145
5517,3367,1182
5518,5480,5432
5519,480,201
5520,5375,2629
5521,4953,2046
5522,5401,3747
5523,5280,3050
5524,5418,81
5525,5352,5023
5526,5337,1903
5527,2787,1521
5528,5489,5264
5529,1690,1267
5530,5464,3645
5531,5267,576
5532,5481,1592
5533,3291,3206
5534,5385,4732
5535,5353,977
5536,3102,2496
5537,3014,2045
5538,5322,2858
5539,1957,1459
5540,5528,5360
5541,5518,761
5542,2577,2223
5543,5269,4957
5544,2644,2237
5545,2535,2040
5546,5413,2265
5547,5109,1934
5548,5541,553
5549,5530,5089
5550,2544,448
5551,5224,859
5552,5199,422
5553,5548,669
5554,2459,1199
5555,5407,2409
5556,5448,5355
5557,1628,1151
5558,5540,5456
5559,214,164
5560,5291,1470
5561,5417,5403
5562,5553,5495
5563,5122,5081
5564,5301,3667
5565,5294,3754
5566,5336,856
5567,3475,3150
5568,2979,2802
5569,2050,1966
5570,5388,2941
5571,5387,2561
5572,2682,2429
5573,5238,5031
5574,5538,3774
5575,1783,1442
5576,2095,1756
5577,5067,3230
5578,5459,5296
5579,5207,193
5580,5558,3431
5581,5435,1492
5582,5503,5484
5583,1309,1221
5584,5268,224
5585,5192,1314
5586,5376,5226
5587,5329,1449
5588,5549,3841
5589,5055,1582
5590,3771,2921
5591,3398,3308
5592,3044,3042
5593,4881,126
5594,3190,1136
5595,5521,2093
5596,5318,3233
5597,1160,748
5598,5397,3288
5599,5534,5270
5600,1609,1558
5601,2197,1298
5602,5580,740
5603,5588,5180
5604,5216,955
5605,2636,1922
5606,5357,3727
5607,5602,5531
5608,5018,145
5609,3704,3386
5610,5274,3613
5611,5524,5339
5612,5546,5112
5613,2190,217
5614,1545,1166
5615,5430,2036
5616,5607,1945
5617,5262,2690
5618,2505,1596
5619,3543,1428
5620,5368,5324
5621,5603,78
5622,5463,1671
5623,5562,5441
5624,5507,5276
5625,5616,3776
5626,5315,1983
5627,5475,5250
5628,5625,3839
5629,4817,554
5630,2833,2221
5631,5522,913
5632,3484,2700
5633,5476,2957
5634,342,80
5635,2994,1743
5636,729,656
5637,5628,5439
5638,5621,5200
5639,5526,5474
5640,3080,2280
5641,5382,2404
5642,5555,2206
5643,5561,866
5644,5255,2868
5645,3133,3114
5646,5209,3578
5647,5425,1215
5648,471,211
5649,5520,3458
5650,5206,5165
5651,5493,5365
5652,5517,3662
5653,5282,3037
5654,5582,5178
5655,5275,3923
5656,5640,5482
5657,5574,5428
5658,5637,1468
5659,373,177
5660,5469,3703
5661,5450,2871
5662,1226,850
5663,5383,4960
5664,5623,5504
5665,5638,5167
5666,5566,5485
5667,5198,430
5668,2899,241
5669,5631,5497
5670,2513,1310
5671,5658,814
5672,5664,715
5673,1939,1936
5674,5458,548
5675,5479,5272
5676,2920,2441
5677,5586,5103
5678,3987,2597
5679,464,54
5680,4875,3032
5681,1766,988
5682,5665,5543
5683,5570,5501
5684,5008,335
5685,5261,2187
5686,3924,643
5687,5440,1185
5688,2851,1453
5689,5672,3405
5690,5427,2969
5691,2166,2069
5692,5394,1745
5693,5671,1901
5694,5643,808
5695,5693,1908
5696,5006,249
5697,1371,459
5698,5649,902
5699,5695,5666
5700,5236,3725
5701,3889,745
5702,5473,1059
5703,5622,2925
5704,3890,1599
5705,5532,5462
5706,5689,1964
5707,5287,2394
5708,3264,2651
5709,1669,1249
5710,5606,3941
5711,5698,503
5712,5359,5101
5713,5499,2369
5714,456,32
5715,2155,523
5716,2084,777
5717,5420,1243
5718,5706,3658
5719,5654,5410
5720,4990,2529
5721,3147,2537
5722,1407,1192
5723,5639,1741
5724,5408,5390
5725,5674,1325
5726,5402,2318
5727,2642,2552
5728,3274,1762
5729,5642,5251
5730,5718,5578
5731,5611,5502
5732,5500,2186
5733,5699,5589
5734,1933,428
5735,5233,3752
5736,5719,2555
5737,1672,93
5738,650,544
5739,3316,2131
5740,5171,1420
5741,2263,594
5742,5422,3740
5743,5597,5571
5744,5514,2270
5745,5513,5447
5746,5452,1788
5747,5733,2241
5748,5560,985
5749,5730,5681
5750,5509,5366
5751,5617,877
5752,5395,454
5753,5749,698
5754,5627,1700
5755,5442,3364
5756,5596,5556
5757,5725,5650
5758,3706,1823
5759,5585,622
5760,5592,269
5761,5753,1363
5762,5483,1576
5763,3701,3612
5764,5327,3903
5765,5663,5494
5766,3263,1011
5767,5761,5705
5768,5346,506
5769,5683,240
5770,5552,66
5771,3983,1616
5772,5646,1173
5773,5747,812
5774,5535,5017
5775,3850,3335
5776,5599,2515
5777,3617,3585
5778,5754,16
5779,5729,5687
5780,5773,5581
5781,5573,2958
5782,5694,542
5783,5539,5317
5784,5332,886
5785,5299,3976
5786,3656,657
5787,5277,2489
5788,3620,559
5789,3993,1003
5790,5399,3863
5791,5655,1980
5792,5496,5208
5793,5669,5644
5794,3143,2583
5795,2349,1854
5796,2253,1287
5797,3508,3107
5798,5767,5711
5799,5743,5656
5800,2935,2874
5801,5682,5305
5802,2109,1912
5803,5736,136
5804,5713,5703
5805,3646,3129
5806,5620,1785
5807,5726,5451
5808,5774,5386
5809,5591,3446
5810,5647,2439
5811,2162,1575
5812,5515,328
5813,2595,704
5814,5780,5258
5815,3262,2889
5816,5135,3476
5817,5600,5575
5818,5512,3077
5819,1779,114
5820,5803,741
5821,5302,3738
5822,5723,474
5823,614,547
5824,5814,599
5825,1972,1715
5826,5742,5510
5827,2828,1875
5828,5478,2062
5829,5798,839
5830,2090,364
5831,1993,1234
5832,3423,3140
5833,1804,1790
5834,1989,888
5835,5563,5344
5836,5801,2799
5837,5824,5598
5838,1588,208
5839,5421,571
5840,5608,1004
5841,5836,5712
5842,5278,3324
5843,3930,1798
5844,3876,2724
5845,5782,2386
5846,5765,1527
5847,1744,1670
5848,5696,113
5849,2992,2601
5850,5437,1064
5851,3524,1759
5852,3533,708
5853,5419,1328
5854,5829,5210
5855,5845,5837
5856,5594,5313
5857,5804,2539
5858,5624,5564
5859,5635,2345
5860,5702,2501
5861,5757,5569
5862,5854,5583
5863,5525,3787
5864,5862,1816
5865,5759,5641
5866,3788,825
5867,5846,957
5868,1907,1789
5869,5265,2083
5870,5769,942
5871,5864,1546
5872,4892,1540
5873,5685,2080
5874,2422,2298
5875,5871,1477
5876,2184,1163
5877,2102,831
5878,5820,5807
5879,2445,2175
5880,5855,735
5881,3226,3075
5882,5506,2811
5883,5389,1024
5884,5875,1496
5885,5867,1668
5886,5030,2980
5887,5491,3847
5888,5884,5751
5889,5613,763
5890,5675,1488
5891,5888,5551
5892,5577,2431
5893,5779,5405
5894,5260,3271
5895,5619,1097
5896,5527,5523
5897,5737,5662
5898,5885,5529
5899,5550,1318
5900,5688,5423
5901,5818,5404
5902,3436,1971
5903,2807,2022
5904,427,345
5905,5492,3186
5906,5857,5748
5907,5793,1654
5908,5810,5691
5909,3266,95
5910,5882,5618
5911,4593,169
5912,5812,5048
5913,5746,1427
5914,5778,5752
5915,5311,3410
5916,492,110
5917,5866,5449
5918,5568,5281
5919,5841,1716
5920,5880,2011
5921,5839,5716
5922,5498,2483
5923,5542,758
5924,5891,5304
5925,5286,3962
5926,5429,5107
5927,3379,102
5928,1369,352
5929,3716,1997
5930,2106,29
5931,3878,1520
5932,5750,1982
5933,2440,1639
5934,5861,2295
5935,5722,1078
5936,5919,5565
5937,2460,2250
5938,5924,5907
5939,5744,5626
5940,5915,2721
5941,5791,5731
5942,5920,1808
5943,5783,5579
5944,5942,3813
5945,1829,1484
5946,3700,1682
5947,5465,3580
5948,5878,5715
5949,5756,2413
5950,1722,802
5951,5629,567
5952,147,63
5953,123,23
5954,5944,1889
5955,5309,2289
5956,5377,1380
5957,5870,5673
5958,5954,5595
5959,4642,2782
5960,5896,5822
5961,5906,5799
5962,5833,1864
5963,5934,1938
5964,5776,3134
5965,5724,5661
5966,5653,3338
5967,5958,5768
5968,5863,3981
5969,5806,546
5970,5898,2654
5971,2908,1684
5972,5453,1331
5973,5938,5735
5974,305,162
5975,5295,1803
5976,1817,1623
5977,5967,5865
5978,2211,1317
5979,5963,5587
5980,5461,1570
5981,3956,3584
5982,5856,76
5983,1479,538
5984,5692,5486
5985,5434,3975
5986,5446,613
5987,5745,3687
5988,3842,3408
5989,5860,5850
5990,5977,2620
5991,3501,1711
5992,5949,5443
5993,5374,1689
5994,5990,2018
5995,5677,5113
5996,1147,1065
5997,2426,1636
5998,5973,1007
5999,5994,2449
6000,5680,293
6001,5508,640
6002,5740,5717
6003,3247,2664
6004,5670,2171
6005,5690,3424
6006,5998,590
6007,432,21
6008,5720,1225
6009,5914,443
6010,5545,3278
6011,3466,3076
6012,2500,141
6013,5601,1685
6014,6006,1752
6015,2805,326
6016,5707,1026
6017,2997,1352
6018,5252,2224
6019,3327,83
6020,5999,2605
6021,5935,5554
6022,2727,2481
6023,5957,5758
6024,5710,469
6025,5808,952
6026,3194,289
6027,5970,5697
6028,5853,2569
6029,5811,5657
6030,6020,3572
6031,5910,900
6032,5995,5610
6033,3341,2623
6034,5948,5800
6035,1241,1088
6036,6030,1374
6037,2901,2525
6038,5979,2964
6039,6014,706
6040,2695,2384
6041,6039,5969
6042,6034,5900
6043,3287,1974
6044,5826,2857
6045,5874,2576
6046,2932,1667
6047,5794,2490
6048,6036,5849
6049,479,195
6050,5533,3328
6051,1921,764
6052,5612,518
6053,2882,2616
6054,5362,99
6055,5936,5858
6056,2410,1806
6057,6038,1174
6058,3426,2203
6059,5511,5409
6060,5968,2701
6061,5819,3282
6062,5961,5760
6063,3911,3216
6064,6041,1161
6065,5939,5762
6066,920,700
6067,3109,2021
6068,5989,1232
6069,5633,225
6070,5951,1326
6071,5732,3493
6072,6064,1781
6073,5947,5660
6074,6055,3148
6075,5921,5700
6076,5946,5615
6077,6009,1474
6078,6048,5738
6079,3636,1564
6080,3195,3149
6081,992,680
6082,5893,3415
6083,6072,5840
6084,6052,3834
6085,1750,1637
6086,6025,1268
6087,1850,1578
6088,5895,1782
6089,3118,2342
6090,5959,5412
6091,216,172
6092,1797,494
6093,3467,3239
6094,4954,1069
6095,1058,209
6096,3454,3163
6097,5614,1525
6098,3640,2950
6099,6074,3520
6100,5908,5859
6101,3368,2563
6102,1412,585
6103,5789,2900
6104,6083,1610
6105,2796,2299
6106,3444,1531
6107,6104,3582
6108,5982,5901
6109,2210,309
6110,5821,3272
6111,3726,522
6112,4937,898
6113,6107,3593
6114,5381,2177
6115,6078,5987
6116,6042,5877
6117,6026,2717
6118,5873,2124
6119,6099,2967
6120,6113,1264
6121,5899,5576
6122,3434,558
6123,1207,766
6124,6027,1099
6125,5965,2027
6126,2976,1404
6127,6120,2954
6128,5941,5764
6129,6115,6021
6130,4428,1360
6131,6084,2249
6132,6127,783
6133,5516,396
6134,5784,2285
6135,5559,895
6136,5659,1294
6137,3848,1943
6138,5962,5842
6139,5872,581
6140,6057,702
6141,3664,1587
6142,2953,989
6143,6063,5678
6144,198,125
6145,6116,1385
6146,6029,2723
6147,6129,1539
6148,6001,539
6149,5964,5887
6150,6147,5741
6151,5834,868
6152,3489,153
6153,6082,5786
6154,5676,1528
6155,5923,5813
6156,5986,5781
6157,6033,3177
6158,5832,1731
6159,5869,5391
6160,6125,2370
6161,6138,5960
6162,3679,623
6163,532,320
6164,3465,3223
6165,5431,399
6166,994,549
6167,6062,822
6168,3445,3295
6169,6145,2842
6170,5929,5835
6171,6022,5997
6172,6110,5792
6173,6002,873
6174,6150,2946
6175,6140,5704
6176,5460,908
6177,5956,3521
6178,5971,3421
6179,6174,1411
6180,5797,3478
6181,5992,1258
6182,6132,1584
6183,3557,1844
6184,5996,1476
6185,3460,2389
6186,2776,2453
6187,6179,842
6188,5505,3337
6189,5912,3450
6190,6121,889
6191,5223,49
6192,6182,1736
6193,5014,3843
6194,6119,799
6195,6023,1998
6196,1421,1176
6197,6149,5772
6198,6187,6167
6199,6108,6071
6200,6000,1800
6201,5438,2052
6202,6192,6175
6203,1307,667
6204,5980,3607
6205,5283,3139
6206,5932,2358
6207,3605,3552
6208,6169,5918
6209,301,288
6210,2115,724
6211,6028,801
6212,5785,2117
6213,6198,660
6214,6088,6065
6215,6013,2968
6216,5584,140
6217,5805,3556
6218,6194,1227
6219,5721,1077
6220,5825,2972
6221,6076,1805
6222,6181,6017
6223,5630,3188
6224,5848,2740
6225,5755,3685
6226,5604,2983
6227,3267,2585
6228,5852,3912
6229,5985,896
6230,6218,752
6231,6195,3519
6232,5652,1074
6233,5913,5897
6234,6008,830
6235,6146,1633
6236,2421,276
6237,6123,731
6238,5928,1100
6239,6230,3973
6240,5828,5771
6241,2428,1702
6242,5795,1005
6243,6124,2912
6244,5593,1231
6245,5547,445
6246,6202,5933
6247,6128,3647
6248,6131,5978
6249,6208,2322
6250,6077,330
6251,6106,5651
6252,5709,1387
6253,2850,2024
6254,3879,1355
6255,6239,5815
6256,6231,6213
6257,5490,1012
6258,5347,1197
6259,6232,820
6260,6247,6068
6261,6004,2201
6262,6153,918
6263,2290,607
6264,5917,1541
6265,1289,414
6266,2239,1148
6267,6255,6073
6268,1130,841
6269,6135,5955
6270,2736,2663
6271,5890,5457
6272,5708,5414
6273,6050,2588
6274,5883,1663
6275,6246,6214
6276,3637,2915
6277,2744,709
6278,6024,5926
6279,2216,537
6280,2728,1378
6281,6086,5950
6282,5444,1106
6283,6267,631
6284,6222,6109
6285,6256,804
6286,3844,2
6287,5727,1880
6288,6243,1080
6289,6018,5766
6290,1703,818
6291,6275,683
6292,6075,711
6293,2755,811
6294,6189,6143
6295,6157,5445
6296,3240,3181
6297,932,183
6298,1336,1190
6299,282,127
6300,6159,3676
6301,6249,1278
6302,6283,3592
6303,6258,3249
6304,5972,564
6305,6235,5879
6306,6301,6250
6307,6285,2649
6308,5817,2772
6309,6307,6155
6310,6302,2859
6311,5894,1695
6312,6079,1595
6313,3684,819
6314,2820,744
6315,5770,1719
6316,6081,6066
6317,6310,1653
6318,5590,1063
6319,5943,226
6320,2172,315
6321,2589,627
6322,6156,3888
6323,2101,1000
6324,5889,1373
6325,5847,1895
6326,3808,2479
6327,5679,5667
6328,6309,1920
6329,2931,2538
6330,6262,5701
6331,6328,6288
6332,6160,2236
6333,295,69
6334,6248,1644
6335,1981,1718
6336,2658,2578
6337,5350,271
6338,2076,1277
6339,6291,6031
6340,2065,1847
6341,2355,1447
6342,1482,970
6343,6100,561
6344,5922,1801
6345,3355,3059
6346,3026,2660
6347,3883,1799
6348,6317,5636
6349,6229,749
6350,6284,6032
6351,6205,6093
6352,5838,3096
6353,5916,1985
6354,3749,2708
6355,6228,5892
6356,6200,5975
6357,6003,526
6358,3853,3012
6359,6330,2268
6360,159,36
6361,6339,6046
6362,5788,5572
6363,6348,3576
6364,6264,6241
6365,1554,768
6366,6161,2609
6367,6331,5831
6368,6361,5903
6369,3330,2227
6370,6332,1612
6371,3008,2123
6372,6059,6005
6373,6069,3748
6374,5827,85
6375,6367,2927
6376,6368,2433
6377,1500,381
6378,6366,3105
6379,6375,6343
6380,6376,6321
6381,1526,925
6382,6380,5945
6383,1344,845
6384,5984,5981
6385,5851,3551
6386,6306,5952
6387,3325,2831
6388,6379,6268
6389,6349,1538
6390,6382,1203
6391,1724,795
6392,5966,1597
6393,6386,6261
6394,6170,5927
6395,6311,3570
6396,3587,3534
6397,6186,5668
6398,6390,6142
6399,6393,688
6400,5993,2424
6401,5905,128
6402,1142,1055
6403,6212,6061
6404,6211,6012
6405,5940,3145
6406,6398,899
6407,3358,2028
