1000,433,53
1001,96,94
1002,409,207
1003,1001,150
1004,477,117
1005,490,220
1006,389,20
1007,1000,390
1008,41,33
1009,1007,215
1010,398,367
1011,1009,77
1012,1005,1004
1013,251,135
1014,815,714
1015,253,112
1016,1003,43
1017,410,138
1018,151,86
1019,285,75
1020,401,368
1021,339,74
1022,1010,72
1023,1014,1011
1024,1008,219
1025,449,152
1026,124,103
1027,237,89
1028,231,107
1029,204,146
1030,1002,354
1031,62,12
1032,1012,170
1033,453,261
1034,1020,392
1035,281,246
1036,257,59
1037,243,79
1038,1013,115
1039,1031,171
1040,1034,119
1041,1029,37
1042,1023,901
1043,413,371
1044,1030,429
1045,1016,963
1046,465,278
1047,495,403
1048,722,501
1049,1038,1017
1050,1024,440
1051,1022,1006
1052,279,168
1053,1050,527
1054,1042,73
1055,1032,658
1056,260,255
1057,1045,508
1058,1044,88
1059,1039,310
1060,1055,987
1061,1060,742
1062,1053,343
1063,200,167
1064,1026,880
1065,353,344
1066,1037,270
1067,1048,1021
1068,1035,442
1069,300,218
1070,1054,1027
1071,439,108
1072,291,4
1073,1061,1018
1074,1049,762
1075,438,259
1076,655,184
1077,1062,192
1078,1070,793
1079,1057,199
1080,189,47
1081,906,15
1082,1043,1041
1083,470,51
1084,587,118
1085,1066,876
1086,1036,423
1087,395,357
1088,1074,1067
1089,292,238
1090,307,252
1091,425,337
1092,1073,1019
1093,1077,935
1094,498,275
1095,370,304
1096,1088,1065
1097,1093,1069
1098,236,202
1099,1078,916
1100,420,318
1101,97,91
1102,106,42
1103,1089,1040
1104,626,412
1105,287,28
1106,179,61
1107,1079,491
1108,1099,298
1109,805,635
1110,299,186
1111,334,258
1112,1108,860
1113,1052,129
1114,1086,1083
1115,1097,1081
1116,1112,286
1117,1087,1064
1118,1116,838
1119,1100,272
1120,1101,312
1121,796,739
1122,1047,418
1123,1063,313
1124,1028,1025
1125,1092,70
1126,1082,778
1127,1085,416
1128,1068,415
1129,1118,1059
1130,1126,1107
1131,1051,263
1132,545,500
1133,1015,143
1134,1033,223
1135,1071,6
1136,497,469
1137,1104,9
1138,1072,194
1139,407,317
1140,1125,137
1141,1096,122
1142,1103,360
1143,1094,196
1144,1111,346
1145,1137,979
1146,1141,776
1147,1115,923
1148,397,104
1149,1129,1105
1150,872,476
1151,1127,203
1152,1075,365
1153,1119,161
1154,249,210
1155,1058,879
1156,1090,280
1157,149,10
1158,316,306
1159,1120,350
1160,1128,639
1161,790,424
1162,972,736
1163,1110,351
1164,993,765
1165,1142,273
1166,784,629
1167,1149,789
1168,1151,46
1169,1130,314
1170,1167,540
1171,1091,133
1172,1140,1106
1173,1146,915
1174,1117,1046
1175,1170,940
1176,933,610
1177,452,254
1178,1160,363
1179,1147,1114
1180,185,67
1181,1173,1084
1182,1155,1122
1183,1138,1131
1184,176,31
1185,1121,541
1186,949,358
1187,274,205
1188,1152,1139
1189,457,56
1190,1156,256
1191,134,81
1192,1175,1172
1193,1132,712
1194,1179,175
1195,1166,892
1196,1145,510
1197,1181,529
1198,1080,473
1199,1183,1113
1200,426,187
1201,178,84
1202,1135,493
1203,849,710
1204,1192,984
1205,481,87
1206,451,130
1207,1197,1185
1208,504,319
1209,1204,517
1210,468,111
1211,865,781
1212,1095,283
1213,434,269
1214,1186,266
1215,1198,333
1216,944,800
1217,1169,1123
1218,1178,148
1219,1161,1153
1220,1195,694
1221,1165,232
1222,480,233
1223,1102,341
1224,1194,862
1225,496,100
1226,1168,1150
1227,1209,791
1228,229,25
1229,467,322
1230,1157,348
1231,975,524
1232,1207,579
1233,1174,662
1234,1196,1076
1235,1133,1
1236,461,406
1237,717,528
1238,686,436
1239,387,144
1240,1182,411
1241,705,38
1242,831,296
1243,1212,475
1244,1164,17
1245,909,444
1246,1217,248
1247,1226,1176
1248,1233,734
1249,1224,325
1250,1227,606
1251,995,692
1252,1232,746
1253,1193,605
1254,448,68
1255,1249,750
1256,268,54
1257,1250,874
1258,1177,361
1259,1143,24
1260,659,572
1261,1255,1252
1262,400,241
1263,165,30
1264,1257,1144
1265,1246,1134
1266,1247,190
1267,1238,604
1268,1248,622
1269,982,741
1270,990,136
1271,1163,139
1272,1234,1216
1273,1199,109
1274,1219,454
1275,347,327
1276,1260,928
1277,1261,1245
1278,1221,1188
1279,601,191
1280,1223,441
1281,1218,751
1282,1273,1214
1283,297,201
1284,1220,565
1285,846,685
1286,878,843
1287,1215,382
1288,1201,499
1289,924,672
1290,1210,211
1291,1277,936
1292,383,302
1293,63,52
1294,1241,743
1295,1191,1159
1296,1291,1202
1297,1264,1244
1298,1162,983
1299,1253,803
1300,1265,217
1301,1281,332
1302,866,772
1303,1299,1266
1304,1285,1272
1305,1237,859
1306,1300,459
1307,1268,719
1308,446,408
1309,1230,422
1310,214,164
1311,1297,1294
1312,1296,761
1313,988,977
1314,1235,193
1315,1284,904
1316,1312,1304
1317,1267,748
1318,1136,1124
1319,1274,1180
1320,157,78
1321,1211,16
1322,1154,929
1323,1307,814
1324,1208,303
1325,956,602
1326,1302,824
1327,598,114
1328,1278,1200
1329,1301,1190
1330,342,80
1331,729,656
1332,1306,856
1333,966,698
1334,460,419
1335,1315,740
1336,1332,562
1337,1282,212
1338,373,177
1339,1254,1243
1340,1240,1222
1341,1229,430
1342,1316,669
1343,1187,335
1344,1311,1280
1345,1336,1317
1346,609,435
1347,1342,715
1348,1251,836
1349,456,32
1350,1231,943
1351,1319,1271
1352,1347,553
1353,848,758
1354,1056,228
1355,464,83
1356,1344,1270
1357,650,544
1358,1298,1276
1359,1203,503
1360,1328,240
1361,1309,66
1362,1335,745
1363,1352,1279
1364,1345,1323
1365,1356,1269
1366,1363,877
1367,777,55
1368,1303,624
1369,1286,795
1370,1364,599
1371,955,567
1372,336,213
1373,1366,1313
1374,898,593
1375,1295,432
1376,559,558
1377,614,547
1378,1373,1340
1379,1365,1242
1380,985,913
1381,640,586
1382,1368,1337
1383,1362,808
1384,850,93
1385,331,102
1386,1289,822
1387,768,328
1388,147,126
1389,716,571
1390,1370,594
1391,224,140
1392,1378,1305
1393,1379,197
1394,142,29
1395,1228,752
1396,1320,708
1397,1351,1206
1398,1393,58
1399,1339,1213
1400,1369,576
1401,427,345
1402,837,554
1403,1310,234
1404,1098,169
1405,492,110
1406,145,92
1407,1358,1327
1408,1360,1329
1409,1392,1321
1410,428,155
1411,1390,1383
1412,1283,802
1413,1398,523
1414,839,590
1415,123,23
1416,1148,825
1417,1380,957
1418,1353,209
1419,1189,952
1420,1411,888
1421,305,162
1422,1375,1338
1423,1420,735
1424,1324,1292
1425,1355,1256
1426,1413,1367
1427,1357,542
1428,1333,688
1429,1407,1326
1430,1397,1314
1431,701,225
1432,1400,942
1433,1322,381
1434,320,208
1435,1414,1409
1436,1423,763
1437,479,195
1438,1263,99
1439,1359,657
1440,549,518
1441,920,700
1442,166,7
1443,1436,812
1444,1435,1417
1445,992,680
1446,1426,1293
1447,216,172
1448,1385,141
1449,1443,1386
1450,1389,711
1451,709,443
1452,293,262
1453,1399,918
1454,1308,1205
1455,1429,539
1456,1403,895
1457,198,125
1458,1318,324
1459,1416,1290
1460,1444,783
1461,1449,744
1462,1395,1350
1463,721,76
1464,1455,1382
1465,1450,548
1466,1236,49
1467,1460,546
1468,1461,842
1469,623,581
1470,1467,627
1471,301,288
1472,1468,660
1473,265,227
1474,326,128
1475,766,731
1476,1470,902
1477,1406,1239
1478,1184,180
1479,466,282
1480,538,506
1481,1472,896
1482,827,377
1483,1476,706
1484,1348,989
1485,845,532
1486,1483,900
1487,463,113
1488,1446,1394
1489,1486,851
1490,1440,1439
1491,932,183
1492,1489,683
1493,1464,1432
1494,667,619
1495,1445,1441
1496,1481,704
1497,1496,889
1498,828,818
1499,1405,474
1500,295,69
1501,1418,1109
1502,1492,330
1503,1465,779
1504,1424,13
1505,1459,749
1506,159,36
1507,970,613
1508,1502,1475
1509,1488,775
1510,691,646
1511,1508,1412
1512,893,764
1513,1433,396
1514,1497,804
1515,1509,1478
1516,1430,226
1517,1448,271
1518,1401,873
1519,375,309
1520,414,21
1521,1514,561
1522,1466,1361
1523,1511,899
1524,1425,1341
1525,1493,631
1526,355,173
1527,1427,841
1528,1484,511
1529,801,637
1530,1331,595
1531,1422,1396
1532,1523,767
1533,1515,85
1534,1408,679
1535,1428,520
1536,1376,673
1537,1510,886
1538,1534,759
1539,1458,1287
1540,1516,564
1541,1532,1490
1542,1431,1262
1543,1527,1521
1544,1384,39
1545,1518,1451
1546,1288,1171
1547,1402,1371
1548,1499,1258
1549,1533,1473
1550,1543,1525
1551,1419,907
1552,1374,620
1553,1541,670
1554,1462,8
1555,1554,887
1556,1453,882
1557,1387,934
1558,1404,250
1559,939,352
1560,1553,1535
1561,855,792
1562,1538,1391
1563,1549,1456
1564,1528,1469
1565,1442,806
1566,1381,608
1567,927,922
1568,1259,329
1569,1536,724
1570,1480,634
1571,1513,431
1572,1560,1542
1573,1531,960
1574,881,585
1575,1504,653
1576,1540,1330
1577,1491,1349
1578,1506,1343
1579,1556,1474
1580,867,820
1581,1572,1477
1582,1563,969
1583,1550,925
1584,364,315
1585,1562,1434
1586,1583,1505
1587,1524,1438
1588,1582,1494
1589,1334,760
1590,1581,1564
1591,1545,702
1592,1590,1325
1593,1530,912
1594,649,494
1595,405,338
1596,1225,588
1597,1479,127
1598,1588,487
1599,1485,536
1600,1586,857
1601,1592,1577
1602,1447,3
1603,1495,618
1604,1593,1354
1605,1571,478
1606,1463,981
1607,1501,844
1608,1555,607
1609,1585,926
1610,1482,552
1611,356,35
1612,340,181
1613,1601,829
1614,1520,1507
1615,1565,999
1616,485,153
1617,994,696
1618,1498,603
1619,1609,931
1620,1619,730
1621,1503,747
1622,1600,914
1623,1539,1454
1624,1613,1598
1625,1569,1452
1626,1605,1591
1627,794,707
1628,666,648
1629,1622,965
1630,830,617
1631,1629,1512
1632,1620,514
1633,1275,27
1634,1346,378
1635,472,206
1636,486,374
1637,1558,484
1638,1632,1599
1639,723,522
1640,1614,1573
1641,1517,2
1642,1630,1552
1643,1631,769
1644,384,19
1645,1580,276
1646,483,26
1647,1579,163
1648,1608,971
1649,1624,1551
1650,1643,1575
1651,1570,905
1652,863,675
1653,945,526
1654,311,244
1655,773,671
1656,1638,580
1657,1561,509
1658,1650,1529
1659,1649,908
1660,1457,533
1661,1647,1603
1662,1621,737
1663,1641,1566
1664,1656,699
1665,1658,551
1666,894,531
1667,1664,875
1668,391,323
1669,1607,810
1670,678,5
1671,1665,1625
1672,720,664
1673,1626,1576
1674,771,284
1675,1671,974
1676,937,642
1677,1568,868
1678,1546,819
1679,1675,1645
1680,1628,921
1681,1635,230
1682,1597,1519
1683,1602,366
1684,388,372
1685,1659,809
1686,447,105
1687,1679,1667
1688,1589,816
1689,1644,1471
1690,1606,1544
1691,1648,1377
1692,1685,1673
1693,689,131
1694,976,727
1695,1662,1642
1696,1651,1617
1697,98,45
1698,813,630
1699,1697,1669
1700,1522,1500
1701,1578,385
1702,1640,967
1703,1487,1388
1704,359,235
1705,1692,1657
1706,1677,757
1707,826,799
1708,1596,1548
1709,1705,557
1710,903,891
1711,1696,515
1712,1634,1574
1713,1421,458
1714,1661,1616
1715,1655,1410
1716,885,597
1717,823,556
1718,1709,652
1719,1687,713
1720,1437,222
1721,959,560
1722,625,482
1723,1663,1557
1724,1660,1615
1725,221,82
1726,1718,884
1727,1726,521
1728,703,188
1729,1618,681
1730,1727,1627
1731,1719,1711
1732,1702,1680
1733,1730,535
1734,1733,786
1735,1734,951
1736,1731,780
1737,1699,569
1738,1735,1666
1739,1736,854
1740,1639,861
1741,1739,964
1742,1537,519
1743,948,583
1744,1741,1646
1745,1652,958
1746,1559,14
1747,1738,853
1748,182,11
1749,1706,471
1750,1747,693
1751,1750,1676
1752,1695,1653
1753,1744,1714
1754,455,154
1755,445,242
1756,1584,417
1757,1742,682
1758,1691,1604
1759,1753,1737
1760,1724,998
1761,1633,158
1762,1612,1567
1763,1710,575
1764,1759,1689
1765,1751,591
1766,1636,1587
1767,1678,1623
1768,1746,1715
1769,1610,968
1770,1670,1415
1771,1765,697
1772,1732,1716
1773,1757,1698
1774,1764,641
1775,869,174
1776,1771,1703
1777,1729,911
1778,1776,663
1779,919,362
1780,1728,643
1781,95,50
1782,1701,946
1783,1774,633
1784,1740,755
1785,1758,1707
1786,1778,615
1787,1783,616
1788,1721,628
1789,1684,1372
1790,1725,1637
1791,1786,573
1792,1787,1766
1793,399,57
1794,890,537
1795,1791,570
1796,1760,1690
1797,1745,832
1798,1777,1749
1799,1772,636
1800,1795,807
1801,1717,996
1802,1800,1743
1803,1708,1595
1804,1792,774
1805,1723,883
1806,1804,817
1807,1802,1798
1808,1688,543
1809,1594,684
1810,1769,674
1811,1806,530
1812,1672,798
1813,1811,489
1814,1775,753
1815,1784,676
1816,1813,505
1817,1799,264
1818,1682,1611
1819,1807,961
1820,1713,116
1821,1816,1797
1822,1819,369
1823,1712,1686
1824,512,65
1825,1821,600
1826,1822,1547
1827,1825,1773
1828,1782,1720
1829,1827,725
1830,574,568
1831,1829,1768
1832,1826,910
1833,1788,1763
1834,1801,1785
1835,1832,1700
1836,1817,1770
1837,834,718
1838,1805,1780
1839,1779,1756
1840,1831,1796
1841,1790,18
1842,1815,756
1843,1835,1810
1844,1840,835
1845,1808,44
1846,1844,1842
1847,1762,376
1848,577,507
1849,661,645
1850,1820,488
1851,1794,239
1852,947,687
1853,1843,695
1854,1846,1833
1855,950,612
1856,1789,897
1857,611,294
1858,1854,986
1859,1755,1668
1860,1836,1834
1861,973,404
1862,1858,770
1863,1862,1812
1864,1855,797
1865,1838,1830
1866,1853,582
1867,1856,1823
1868,1693,632
1869,1866,733
1870,1863,732
1871,1869,1828
1872,1850,1752
1873,1870,787
1874,1873,621
1875,1683,1681
1876,1874,1845
1877,1781,437
1878,811,654
1879,1847,90
1880,1803,858
1881,1848,48
1882,1871,349
1883,1876,1694
1884,1883,644
1885,1882,321
1886,1852,840
1887,1885,1654
1888,1887,1859
1889,1884,1868
1890,1889,555
1891,1857,450
1892,1865,0
1893,1888,1824
1894,1890,665
1895,1158,60
1896,1894,584
1897,788,647
1898,1793,1704
1899,1893,121
1900,1896,1892
1901,550,290
1902,1839,870
1903,1899,677
1904,726,289
1905,1903,833
1906,1861,566
1907,1905,1872
1908,1886,1864
1909,1900,941
1910,852,738
1911,1860,978
1912,1909,394
1913,1912,516
1914,991,592
1915,1913,1851
1916,1879,525
1917,1818,421
1918,1915,1878
1919,1918,1911
1920,1907,953
1921,980,308
1922,1867,864
1923,1809,962
1924,1754,120
1925,847,596
1926,1920,690
1927,1526,502
1928,1919,1916
1929,1928,1908
1930,1926,782
1931,1930,1814
1932,1929,1880
1933,1849,638
1934,1877,379
1935,1932,1910
1936,1935,821
1937,1931,386
1938,1937,1891
1939,1924,1875
1940,1936,871
1941,1917,1748
1942,1897,785
1943,1938,40
1944,1906,22
1945,1922,1881
1946,1837,1722
1947,1902,954
1948,1940,1934
1949,1948,1901
1950,1767,101
1951,1949,1943
1952,1942,578
1953,1945,277
1954,1933,668
1955,1947,1939
1956,1950,997
1957,1951,1925
1958,1957,1941
1959,1956,1914
1960,1958,938
1961,1898,930
1962,1960,1955
1963,1953,462
1964,1962,1923
1965,1944,132
1966,1964,1927
1967,1966,563
1968,393,267
1969,402,64
1970,1967,1961
1971,1952,1946
1972,1970,513
1973,1972,1968
1974,1973,1969
1975,1974,1954
1976,1971,589
1977,1674,245
1978,1975,247
1979,1895,1841
1980,1965,728
1981,1978,1921
1982,1963,1761
1983,1981,1980
1984,71,34
1985,1982,1976
1986,1984,1959
1987,1983,754
1988,1987,156
1989,1986,917
1990,1988,1904
1991,1989,651
1992,1990,380
1993,1992,1985
1994,1977,160
1995,1994,1991
1996,1993,1979
1997,1996,534
1998,1997,1995
