2000,1598,1013
2001,1242,433
2002,1281,33
2003,1315,1201
2004,1951,96
2005,1926,1857
2006,1096,390
2007,2001,1098
2008,2004,94
2009,2003,2000
2010,2007,53
2011,2002,1177
2012,409,207
2013,1219,1073
2014,2008,150
2015,2009,1357
2016,2005,41
2017,2010,2006
2018,477,117
2019,490,220
2020,389,20
2021,2013,1742
2022,1131,815
2023,2018,1084
2024,398,367
2025,1838,1544
2026,2017,215
2027,2026,77
2028,2011,1039
2029,2015,2014
2030,1567,47
2031,2021,1188
2032,2028,135
2033,2023,2019
2034,2022,1137
2035,1446,1018
2036,1649,1093
2037,1892,1154
2038,2031,1107
2039,1778,1133
2040,1220,79
2041,253,112
2042,1746,74
2043,1984,1349
2044,2029,124
2045,410,138
2046,151,86
2047,2025,1347
2048,285,75
2049,401,368
2050,2034,714
2051,1834,251
2052,1747,43
2053,2032,2016
2054,2044,204
2055,2050,2027
2056,1489,1478
2057,2054,1881
2058,1968,1777
2059,1481,353
2060,1150,1052
2061,2024,72
2062,2055,1195
2063,2035,1321
2064,2053,1676
2065,449,152
2066,1566,1265
2067,2043,2039
2068,237,89
2069,2012,1536
2070,231,107
2071,1734,1657
2072,2036,1840
2073,1661,501
2074,62,12
2075,2030,1675
2076,2040,1647
2077,453,261
2078,1275,1082
2079,2047,2038
2080,1513,880
2081,2049,392
2082,1825,1631
2083,2057,1425
2084,1051,465
2085,2033,170
2086,281,246
2087,1890,1523
2088,2045,354
2089,1342,963
2090,1772,1589
2091,2062,1423
2092,257,59
2093,2064,1504
2094,2056,1815
2095,1334,1272
2096,1433,357
2097,2037,742
2098,1424,413
2099,146,37
2100,2074,171
2101,2081,119
2102,2093,762
2103,2090,2083
2104,2102,901
2105,1959,168
2106,2091,1497
2107,429,403
2108,2094,2068
2109,1577,1035
2110,2073,722
2111,1979,73
2112,1928,115
2113,2097,2085
2114,1180,527
2115,1292,343
2116,2051,1430
2117,1283,1020
2118,2104,1400
2119,2103,2071
2120,2100,1329
2121,440,218
2122,371,243
2123,2110,2060
2124,1068,793
2125,2061,2020
2126,2088,2069
2127,1835,1605
2128,1924,1126
2129,2118,2072
2130,2080,1087
2131,2052,1821
2132,2095,1311
2133,1457,1132
2134,2111,2106
2135,2117,1708
2136,260,255
2137,1758,97
2138,2113,658
2139,2042,1338
2140,2079,2076
2141,2119,103
2142,2089,1814
2143,2123,2082
2144,1877,1320
2145,1193,1006
2146,1886,259
2147,2078,1141
2148,2138,987
2149,2121,2115
2150,1692,1537
2151,2129,1037
2152,2087,1266
2153,200,167
2154,1967,1856
2155,2134,2108
2156,1299,1282
2157,1757,460
2158,2107,2092
2159,2151,2112
2160,2139,1239
2161,2142,508
2162,1994,1615
2163,2058,1868
2164,2148,1991
2165,2075,2067
2166,2141,1306
2167,2086,442
2168,1125,626
2169,2166,1498
2170,219,15
2171,2063,1463
2172,439,108
2173,291,4
2174,2155,1737
2175,2159,1337
2176,2127,339
2177,2169,2150
2178,2120,310
2179,2149,2114
2180,1603,1548
2181,2130,1503
2182,1375,298
2183,1415,1251
2184,2122,270
2185,655,184
2186,2174,1114
2187,2140,1230
2188,2158,423
2189,2152,1885
2190,2177,1883
2191,2164,2046
2192,2175,344
2193,1646,1295
2194,2132,1368
2195,2187,1308
2196,470,51
2197,2126,88
2198,2170,906
2199,2190,2096
2200,2168,2116
2201,587,118
2202,2160,1505
2203,2066,1218
2204,2192,935
2205,2186,2124
2206,2165,1941
2207,2195,1386
2208,1557,192
2209,1471,1439
2210,2208,2179
2211,2204,1398
2212,2135,2059
2213,2143,1552
2214,2144,1017
2215,292,238
2216,307,252
2217,425,337
2218,1224,1168
2219,1876,360
2220,2098,199
2221,2211,1606
2222,2128,46
2223,2199,1434
2224,498,275
2225,2131,1590
2226,2205,2048
2227,370,304
2228,1382,1367
2229,2213,2202
2230,2194,1579
2231,2191,1291
2232,2207,1914
2233,2105,1917
2234,1530,1379
2235,1613,1529
2236,2200,2154
2237,236,202
2238,2099,1601
2239,2156,1333
2240,2161,1586
2241,420,318
2242,2163,1101
2243,106,42
2244,1860,1643
2245,2184,876
2246,2223,2218
2247,2197,1156
2248,2226,1422
2249,2239,1297
2250,1710,1216
2251,495,52
2252,2215,2101
2253,1040,287
2254,179,61
2255,2229,2221
2256,2181,1041
2257,2220,1894
2258,805,635
2259,2196,2188
2260,299,186
2261,334,258
2262,2147,1417
2263,2210,2153
2264,2232,1253
2265,1560,286
2266,1787,1591
2267,2248,1186
2268,1923,1648
2269,2267,838
2270,2146,1660
2271,2249,2198
2272,2193,1651
2273,2236,2230
2274,2182,2178
2275,2256,2246
2276,2255,1187
2277,2084,278
2278,2231,137
2279,2269,916
2280,1435,1028
2281,2125,1144
2282,1127,300
2283,2275,1034
2284,1473,1083
2285,1348,350
2286,1693,400
2287,1350,17
2288,2242,1585
2289,2219,1707
2290,2228,1602
2291,1206,196
2292,2212,892
2293,2233,1450
2294,2279,2278
2295,2241,272
2296,796,739
2297,1384,229
2298,860,776
2299,2250,1761
2300,2276,2273
2301,2225,2173
2302,2137,312
2303,2264,2245
2304,2171,2133
2305,2290,1164
2306,2070,2065
2307,2183,1370
2308,2283,778
2309,2206,1304
2310,2189,1429
2311,1913,1645
2312,2167,415
2313,2145,1091
2314,2266,1257
2315,2176,2109
2316,473,189
2317,879,28
2318,1274,1067
2319,545,500
2320,1376,923
2321,2298,2234
2322,1204,296
2323,2308,2262
2324,1095,476
2325,1919,1826
2326,2303,2222
2327,279,129
2328,984,70
2329,2041,143
2330,2077,223
2331,2209,1076
2332,2247,122
2333,1925,1810
2334,1079,610
2335,2172,6
2336,497,469
2337,1739,1580
2338,2271,1965
2339,1827,314
2340,407,317
2341,2281,263
2342,2294,1214
2343,1551,1002
2344,2162,1108
2345,2323,2270
2346,2305,2263
2347,2310,784
2348,1904,1393
2349,979,9
2350,2342,1390
2351,2261,346
2352,2299,2157
2353,1870,1562
2354,1543,416
2355,2300,2292
2356,2240,1111
2357,2272,2180
2358,397,104
2359,1237,765
2360,2214,1104
2361,491,313
2362,2338,1044
2363,2347,2288
2364,2302,91
2365,2295,161
2366,2350,1345
2367,2277,395
2368,1729,191
2369,1402,365
2370,1681,175
2371,249,210
2372,1572,424
2373,2216,280
2374,2314,2311
2375,1510,629
2376,2345,662
2377,2356,2257
2378,149,10
2379,2265,1211
2380,1614,1269
2381,1619,1516
2382,2309,975
2383,2244,915
2384,2253,493
2385,2376,2307
2386,2366,789
2387,2346,2282
2388,316,306
2389,1279,1085
2390,2355,2348
2391,2252,273
2392,2312,639
2393,2334,2326
2394,1976,1395
2395,972,736
2396,1686,363
2397,2260,351
2398,2385,1859
2399,2315,1507
2400,2332,412
2401,2317,1062
2402,2386,2328
2403,2301,1532
2404,2393,933
2405,2235,1167
2406,1247,790
2407,2398,1322
2408,2400,2390
2409,1394,434
2410,2387,2362
2411,1359,843
2412,2217,133
2413,2402,2274
2414,2344,1029
2415,1795,1358
2416,1748,1674
2417,1437,1210
2418,2203,1075
2419,2324,872
2420,2322,1319
2421,452,254
2422,2407,2353
2423,2403,2363
2424,2351,2254
2425,185,67
2426,2304,1312
2427,2238,1466
2428,2368,1839
2429,2422,1666
2430,2349,2289
2431,2340,438
2432,2389,1932
2433,2429,2419
2434,2404,1441
2435,2420,1768
2436,2293,949
2437,176,31
2438,1209,68
2439,2296,541
2440,2259,1032
2441,274,205
2442,1811,496
2443,2413,2379
2444,2377,1117
2445,457,56
2446,2373,256
2447,134,81
2448,1408,529
2449,1033,862
2450,2401,791
2451,1372,1353
2452,2433,1022
2453,2434,1611
2454,2436,358
2455,2408,2321
2456,2375,849
2457,2359,2331
2458,2313,750
2459,2443,517
2460,2399,686
2461,2319,712
2462,2450,940
2463,1410,1340
2464,1622,1456
2465,2280,1285
2466,2341,109
2467,2360,1129
2468,2432,2374
2469,1327,694
2470,1824,1803
2471,2423,194
2472,2396,2392
2473,2460,2201
2474,2286,1313
2475,2455,1217
2476,2452,1122
2477,2462,2459
2478,2405,1445
2479,426,187
2480,1691,1452
2481,2440,2320
2482,178,84
2483,2406,781
2484,2327,1549
2485,2391,232
2486,1697,1324
2487,2431,266
2488,2354,1502
2489,2333,283
2490,481,87
2491,451,130
2492,504,319
2493,2439,579
2494,2430,1927
2495,2453,2284
2496,2444,2394
2497,2476,2418
2498,1973,1119
2499,468,111
2500,1820,435
2501,2467,1677
2502,2475,1818
2503,2285,1181
2504,2409,475
2505,2494,1950
2506,2382,13
2507,1170,572
2508,2426,1009
2509,2337,1351
2510,2477,540
2511,2502,1184
2512,2251,63
2513,1863,1030
2514,1952,1625
2515,2478,2384
2516,2497,2361
2517,1916,1116
2518,2427,1323
2519,2372,2365
2520,2511,2383
2521,944,800
2522,2352,1714
2523,2493,2473
2524,2456,710
2525,1280,1149
2526,2516,1704
2527,2520,2370
2528,480,233
2529,2485,1655
2530,2243,341
2531,2227,1776
2532,2495,2357
2533,2447,203
2534,2316,333
2535,2481,1113
2536,2395,1414
2537,2466,2297
2538,1833,993
2539,2381,1365
2540,2527,746
2541,2471,659
2542,1749,411
2543,467,322
2544,2378,348
2545,2454,1521
2546,2449,2410
2547,2480,2415
2548,1819,772
2549,2329,1
2550,2532,803
2551,1175,1094
2552,2510,2435
2553,2515,2417
2554,2451,2367
2555,2472,148
2556,461,406
2557,2526,1461
2558,1709,1599
2559,717,528
2560,2457,705
2561,2552,1396
2562,2496,419
2563,2557,2541
2564,1361,1238
2565,1903,1571
2566,2518,1451
2567,1515,383
2568,2524,1784
2569,2540,846
2570,2224,24
2571,2464,2428
2572,2508,1159
2573,2569,2546
2574,387,144
2575,1243,995
2576,2325,2136
2577,2364,1134
2578,2561,2424
2579,2512,418
2580,1642,1624
2581,2484,1346
2582,1388,157
2583,1638,602
2584,1011,268
2585,1409,565
2586,2458,902
2587,604,436
2588,909,444
2589,2568,1061
2590,2573,2505
2591,1109,586
2592,2550,2461
2593,2554,2358
2594,1679,524
2595,2469,751
2596,1354,190
2597,2535,2185
2598,2339,1942
2599,2578,2553
2600,1831,1616
2601,2539,2501
2602,1980,1454
2603,1721,1183
2604,1780,1563
2605,1008,58
2606,2468,2318
2607,2414,1069
2608,2523,1016
2609,2590,2335
2610,2562,2504
2611,1569,1194
2612,2522,1740
2613,2537,1936
2614,2592,1626
2615,2503,1852
2616,2563,2488
2617,990,606
2618,2421,361
2619,2572,325
2620,2438,1064
2621,165,30
2622,1191,588
2623,2589,2474
2624,2599,1050
2625,2616,904
2626,1594,836
2627,1066,166
2628,1983,1250
2629,982,741
2630,1484,441
2631,1878,716
2632,2397,139
2633,2483,865
2634,1670,1561
2635,2624,2617
2636,2506,598
2637,2609,1263
2638,2268,1244
2639,347,327
2640,2637,1426
2641,2507,928
2642,2640,2608
2643,1665,1215
2644,2560,38
2645,1493,1189
2646,2517,2369
2647,1986,929
2648,1472,1136
2649,2635,874
2650,1535,1014
2651,2625,2566
2652,2620,1403
2653,2597,2521
2654,1897,1527
2655,2595,1862
2656,2636,2545
2657,2529,2487
2658,2559,1391
2659,2614,2596
2660,1641,672
2661,2463,510
2662,297,201
2663,2258,1832
2664,2610,1146
2665,2651,856
2666,2619,924
2667,1568,1499
2668,2564,622
2669,2587,748
2670,2536,1634
2671,2558,1221
2672,1850,331
2673,2291,1197
2674,2343,691
2675,2482,499
2676,1431,701
2677,2665,1793
2678,2565,248
2679,2499,211
2680,2448,1872
2681,2649,1305
2682,2677,562
2683,2642,2571
2684,2446,2442
2685,1058,848
2686,2644,743
2687,2519,454
2688,1362,692
2689,2577,2531
2690,2681,1694
2691,2612,2416
2692,1559,1371
2693,2683,2588
2694,2682,734
2695,2659,1701
2696,2486,878
2697,2598,1934
2698,2586,503
2699,2425,1700
2700,1690,1267
2701,2530,147
2702,2695,1716
2703,2694,1945
2704,2538,2287
2705,2513,601
2706,1639,1155
2707,2606,1072
2708,2703,740
2709,2655,2555
2710,2693,936
2711,2710,1786
2712,1957,1459
2713,2465,1508
2714,685,214
2715,2600,1891
2716,446,408
2717,2544,422
2718,2664,1470
2719,2711,1995
2720,2547,1592
2721,2709,332
2722,2708,2582
2723,2702,605
2724,2719,2661
2725,1628,1151
2726,1972,576
2727,1783,1442
2728,2724,553
2729,988,977
2730,2549,193
2731,2660,1492
2732,2690,2686
2733,2722,1706
2734,2594,25
2735,2628,1128
2736,2728,669
2737,1120,593
2738,2633,234
2739,2733,2581
2740,2626,2380
2741,2718,2585
2742,2509,657
2743,2498,428
2744,2723,624
2745,2336,2306
2746,1609,1558
2747,2548,866
2748,2653,802
2749,1142,837
2750,2739,2330
2751,2736,761
2752,2514,719
2753,2657,2479
2754,1741,824
2755,1316,1160
2756,2411,1908
2757,2670,983
2758,2658,859
2759,1545,1166
2760,2492,303
2761,2720,2687
2762,2666,269
2763,342,80
2764,966,698
2765,1494,1317
2766,2601,1325
2767,2748,1669
2768,2750,1152
2769,1233,745
2770,729,656
2771,1596,32
2772,2656,78
2773,2646,1024
2774,2768,2643
2775,2751,2707
2776,2732,2605
2777,2741,2669
2778,2613,212
2779,2668,2623
2780,2692,459
2781,373,177
2782,1226,850
2783,1004,145
2784,2774,1901
2785,2679,1314
2786,1841,1658
2787,2528,225
2788,2543,430
2789,2784,1963
2790,2744,2652
2791,464,54
2792,2534,382
2793,2691,2654
2794,2713,1796
2795,2441,335
2796,2789,2731
2797,2776,2645
2798,1774,594
2799,2696,532
2800,2767,1021
2801,2777,2489
2802,2797,2542
2803,2761,2738
2804,2779,2752
2805,2775,715
2806,2371,1145
2807,1889,1468
2808,2796,808
2809,2805,1966
2810,471,448
2811,2802,2629
2812,2556,164
2813,1407,1192
2814,2753,240
2815,2650,2575
2816,2808,814
2817,1939,650
2818,1460,1309
2819,1672,93
2820,2525,1420
2821,2721,913
2822,2607,1600
2823,2754,1790
2824,2790,825
2825,2809,2729
2826,2671,443
2827,2766,2647
2828,2717,66
2829,1182,1047
2830,2825,2551
2831,2698,2680
2832,1449,381
2833,2641,1800
2834,2734,2615
2835,2772,2757
2836,2712,2603
2837,2811,2704
2838,2816,2798
2839,1453,197
2840,2824,1328
2841,2830,1964
2842,2678,1804
2843,1823,1118
2844,2840,2838
2845,1428,1097
2846,777,55
2847,1982,1185
2848,2632,2491
2849,2801,2755
2850,2821,957
2851,2689,2533
2852,955,567
2853,336,213
2854,2746,2727
2855,1779,114
2856,1048,217
2857,2800,1785
2858,559,558
2859,614,547
2860,1581,92
2861,2841,1496
2862,2819,1788
2863,1993,1234
2864,1576,896
2865,1989,888
2866,2780,1671
2867,2835,2567
2868,1588,208
2869,2847,2742
2870,2630,2583
2871,2762,377
2872,1196,943
2873,2861,1766
2874,2827,1854
2875,2833,1582
2876,2873,2857
2877,2631,571
2878,2793,2700
2879,2705,546
2880,2850,2814
2881,2576,2
2882,2715,1745
2883,1907,1789
2884,2673,2570
2885,2602,1287
2886,768,328
2887,2876,2831
2888,224,140
2889,2758,877
2890,2701,126
2891,2611,2593
2892,1743,1715
2893,2803,1752
2894,2786,1636
2895,142,29
2896,2837,523
2897,2826,2699
2898,2806,396
2899,2500,1488
2900,2889,2887
2901,2842,2756
2902,1352,599
2903,1668,1427
2904,427,345
2905,2771,1938
2906,2844,812
2907,1019,539
2908,2896,136
2909,2849,985
2910,2237,169
2911,2697,1627
2912,2818,99
2913,2804,2769
2914,1258,506
2915,492,110
2916,2906,2807
2917,2817,544
2918,2878,1038
2919,2634,180
2920,1163,927
2921,1684,548
2922,2900,1363
2923,1369,352
2924,2853,1656
2925,2684,2618
2926,2909,2866
2927,2685,758
2928,2860,2676
2929,2871,822
2930,2773,1575
2931,1620,7
2932,2913,2869
2933,141,102
2934,2813,1078
2935,2922,1816
2936,2935,2879
2937,958,302
2938,2908,2714
2939,2936,839
2940,2836,2730
2941,1685,1298
2942,2843,764
2943,2880,1654
2944,1875,85
2945,2674,2470
2946,1474,16
2947,2785,1232
2948,2584,1909
2949,2893,1310
2950,123,23
2951,2938,2846
2952,2918,2688
2953,2939,1477
2954,2743,155
2955,1808,1476
2956,305,162
2957,2862,2782
2958,1817,1623
2959,2874,1005
2960,2823,2747
2961,1360,886
2962,1479,538
2963,2815,1802
2964,2778,1864
2965,2953,1546
2966,2929,1722
2967,2764,1540
2968,2799,942
2969,2726,795
2970,1147,1065
2971,2965,1007
2972,2921,2877
2973,2445,1268
2974,2916,2875
2975,2834,1054
2976,2971,1161
2977,2959,1174
2978,432,21
2979,2951,831
2980,2979,2579
2981,2591,640
2982,2737,898
2983,2927,209
2984,2976,590
2985,1326,554
2986,2917,542
2987,2974,2627
2988,1711,1071
2989,1241,1088
2990,2926,918
2991,2984,2845
2992,2987,735
2993,479,195
2994,1587,1199
2995,2885,970
2996,2787,2662
2997,2980,1385
2998,2963,2820
2999,549,518
3000,2992,2901
3001,920,700
3002,2855,1805
3003,2991,1667
3004,992,680
3005,1570,900
3006,3003,1610
3007,2648,1974
3008,2740,1855
3009,1750,1637
3010,2949,2946
3011,2867,1806
3012,2794,1074
3013,2932,2865
3014,216,172
3015,1797,494
3016,3006,1264
3017,1373,763
3018,3016,1781
3019,2759,1525
3020,1412,1318
3021,2735,125
3022,293,262
3023,1556,623
3024,1759,643
3025,2930,2863
3026,1695,1682
3027,2716,2490
3028,1829,709
3029,3018,2905
3030,2783,330
3031,3010,2848
3032,1207,766
3033,2968,2943
3034,2972,711
3035,1763,934
3036,2788,2621
3037,2975,752
3038,3029,706
3039,2781,1294
3040,2977,2725
3041,1130,1099
3042,3038,783
3043,2856,1055
3044,2911,1528
3045,2667,1724
3046,2990,660
3047,3008,989
3048,3042,3013
3049,3000,1374
3050,2957,2706
3051,2822,912
3052,2964,631
3053,2894,1531
3054,3049,3046
3055,2902,1564
3056,3011,2933
3057,2966,2765
3058,721,76
3059,952,907
3060,2931,806
3061,1421,1176
3062,2839,227
3063,2967,1341
3064,3048,683
3065,2812,49
3066,1307,667
3067,2947,1541
3068,2828,1719
3069,301,288
3070,1331,564
3071,2672,1578
3072,326,128
3073,2891,466
3074,1999,1998
3075,3062,2997
3076,2934,1411
3077,2973,1278
3078,2998,873
3079,3064,1782
3080,1921,1053
3081,1387,1249
3082,3025,841
3083,3032,731
3084,2760,83
3085,3033,1844
3086,2923,1100
3087,3076,3054
3088,1026,153
3089,3040,2897
3090,3079,2903
3091,2995,2942
3092,1702,372
3093,3056,1997
3094,1042,704
3095,3055,1595
3096,3090,1584
3097,2868,320
3098,1289,414
3099,3002,2981
3100,3096,627
3101,1775,241
3102,1200,820
3103,3087,2955
3104,3043,2604
3105,463,113
3106,2945,1404
3107,3031,1798
3108,2851,1380
3109,3057,744
3110,3037,607
3111,3100,1736
3112,3075,2895
3113,1703,818
3114,2960,2854
3115,3111,1644
3116,932,183
3117,1336,1190
3118,282,127
3119,3082,759
3120,2920,1355
3121,3115,2928
3122,3112,1689
3123,3052,1760
3124,3004,3001
3125,3121,2870
3126,1343,1059
3127,2940,226
3128,3122,775
3129,1539,455
3130,3103,842
3131,2915,474
3132,2999,994
3133,3047,3005
3134,1335,801
3135,3085,1364
3136,295,69
3137,2881,819
3138,1981,1718
3139,3128,688
3140,3026,271
3141,2954,2898
3142,3130,3094
3143,2832,1500
3144,1943,1106
3145,3106,845
3146,3044,1356
3147,3093,1653
3148,1633,1012
3149,3131,1985
3150,1756,889
3151,3142,749
3152,3151,3067
3153,159,36
3154,3039,613
3155,3139,851
3156,3012,708
3157,3125,895
3158,3034,779
3159,3045,2969
3160,1971,1255
3161,3157,899
3162,3109,828
3163,3009,2948
3164,3119,2986
3165,1248,1173
3166,3155,2890
3167,1225,830
3168,3152,1538
3169,3051,2770
3170,3017,2914
3171,3104,1612
3172,2982,1169
3173,1526,925
3174,1728,1509
3175,3168,3095
3176,3007,620
3177,3161,3107
3178,3135,679
3179,3159,2983
3180,3114,3053
3181,3177,3030
3182,2912,2892
3183,3175,1822
3184,3162,603
3185,3183,804
3186,2925,2795
3187,3123,1853
3188,2864,1260
3189,375,309
3190,3178,3164
3191,3050,39
3192,3133,581
3193,3185,3150
3194,2952,760
3195,3147,2907
3196,3068,3065
3197,2749,948
3198,3089,702
3199,355,173
3200,1440,456
3201,3198,3028
3202,3181,1203
3203,3193,1884
3204,3066,619
3205,2858,673
3206,2745,324
3207,2985,2852
3208,3195,1300
3209,3110,887
3210,2958,2882
3211,3201,3166
3212,1895,1744
3213,3202,792
3214,3203,1920
3215,2580,881
3216,2675,2412
3217,1662,482
3218,3156,3108
3219,3091,893
3220,1231,1171
3221,3214,3179
3222,3187,3019
3223,1031,937
3224,3190,3074
3225,3083,767
3226,3213,3078
3227,2944,2919
3228,3020,585
3229,3221,1547
3230,3169,3137
3231,3194,1080
3232,3184,1871
3233,3132,1245
3234,3206,2792
3235,1405,813
3236,2888,1555
3237,1935,1485
3238,2910,250
3239,3084,2970
3240,3226,3192
3241,3211,969
3242,3229,561
3243,3124,882
3244,3222,1958
3245,1912,1762
3246,3208,3140
3247,3176,3021
3248,3144,844
3249,2962,615
3250,3205,3117
3251,3180,2622
3252,1448,1235
3253,2941,1733
3254,3242,3170
3255,3240,730
3256,3255,3063
3257,3232,670
3258,2899,8
3259,1261,630
3260,1765,1726
3261,3256,511
3262,3022,1618
3263,3243,1092
3264,3097,2994
3265,1514,276
3266,3254,3219
3267,1922,1520
3268,3266,3080
3269,3239,1640
3270,3241,3227
3271,1003,649
3272,3036,2791
3273,3263,3188
3274,2956,2904
3275,3268,857
3276,3244,1880
3277,3146,3101
3278,1996,678
3279,3275,3224
3280,3261,520
3281,3218,1847
3282,1344,90
3283,3077,3059
3284,3257,1490
3285,2663,399
3286,3246,1227
3287,1621,707
3288,3023,723
3289,3280,1899
3290,3200,1240
3291,3145,724
3292,3289,3233
3293,3284,868
3294,3209,2961
3295,3292,2996
3296,364,315
3297,3086,1271
3298,3099,608
3299,3286,799
3300,3295,3070
3301,3300,3293
3302,3182,3138
3303,3276,1482
3304,2810,1918
3305,3231,3041
3306,3172,431
3307,1001,514
3308,3073,188
3309,3291,646
3310,3301,829
3311,405,338
3312,3270,1597
3313,3092,1723
3314,3310,905
3315,2638,1121
3316,3035,2886
3317,3303,45
3318,3314,1727
3319,3318,894
3320,3302,699
3321,1475,222
3322,3279,926
3323,3319,3225
3324,3113,1512
3325,3171,3163
3326,3299,637
3327,3158,747
3328,2884,757
3329,3230,595
3330,3014,3
3331,1339,40
3332,1077,228
3333,3215,1178
3334,3234,3027
3335,3253,1124
3336,3323,1738
3337,3058,981
3338,3312,1975
3339,3102,867
3340,1593,1205
3341,3272,19
3342,1699,965
3343,3294,960
3344,3322,3320
3345,3250,671
3346,356,35
3347,2988,1731
3348,340,181
3349,3258,105
3350,3326,3298
3351,3338,3204
3352,3343,3281
3353,1879,374
3354,3197,1929
3355,3259,3061
3356,1807,703
3357,3306,3247
3358,1978,1153
3359,3344,1469
3360,3088,485
3361,3336,875
3362,3297,3251
3363,3210,264
3364,1902,5
3365,3327,737
3366,3238,484
3367,3277,3127
3368,2829,648
3369,3359,634
3370,3345,773
3371,3143,3141
3372,3309,914
3373,3361,3351
3374,3273,618
3375,3369,3342
3376,2639,27
3377,472,206
3378,1049,1015
3379,3167,617
3380,3375,3307
3381,3024,1664
3382,1688,1081
3383,3380,1770
3384,3325,1801
3385,1882,797
3386,3383,551
3387,1866,1284
3388,3174,1270
3389,3129,1045
3390,3386,769
3391,3390,974
3392,3212,1849
3393,3329,2872
3394,3223,1680
3395,3391,3339
3396,483,26
3397,1043,515
3398,3305,1629
3399,3160,1303
3400,1955,1381
3401,3269,3189
3402,1110,664
3403,3148,945
3404,3154,384
3405,537,536
3406,863,675
3407,3398,3395
3408,1491,1486
3409,311,244
3410,3308,95
3411,2437,265
3412,3315,939
3413,3081,1148
3414,120,100
3415,3015,684
3416,3105,855
3417,2574,329
3418,3356,3350
3419,3235,1915
3420,3220,1673
3421,3341,1843
3422,3191,1112
3423,3071,1988
3424,3304,1458
3425,1277,645
3426,488,198
3427,3407,580
3428,3382,3373
3429,3427,1960
3430,3372,3260
3431,3217,1874
3432,3393,3165
3433,3429,3317
3434,3283,552
3435,3285,378
3436,3060,999
3437,3120,922
3438,391,323
3439,3328,1506
3440,3401,3384
3441,3371,526
3442,3362,1896
3443,771,284
3444,3296,1659
3445,3237,1799
3446,3433,3264
3447,3249,3116
3448,2937,921
3449,3368,885
3450,3434,3428
3451,1089,1000
3452,861,522
3453,3349,447
3454,2859,1254
3455,3352,3173
3456,3196,2883
3457,1501,445
3458,3448,666
3459,3446,810
3460,908,385
3461,3404,2978
3462,3353,1663
3463,3340,3282
3464,3363,1962
3465,3450,557
3466,3430,3262
3467,3236,1725
3468,3365,1228
3469,3271,1139
3470,3377,230
3471,3248,1905
3472,3412,3370
3473,3459,163
3474,3330,366
3475,3473,533
3476,1977,1392
3477,3436,1956
3478,3465,1135
3479,3333,3228
3480,3478,3287
3481,3442,1873
3482,3480,809
3483,1836,1483
3484,3153,2993
3485,3475,1057
3486,3418,1900
3487,3134,1273
3488,3485,3374
3489,1010,638
3490,3288,3265
3491,689,131
3492,3313,1332
3493,3321,3072
3494,3481,3405
3495,3488,3335
3496,1583,1063
3497,976,727
3498,3267,3186
3499,3402,720
3500,3482,509
3501,3495,713
3502,3501,1138
3503,1771,1687
3504,3502,1861
3505,3441,3403
3506,3316,1554
3507,3422,573
3508,3347,1732
3509,3504,1650
3510,3509,931
3511,3500,478
3512,3511,786
3513,3510,3445
3514,971,823
3515,1987,853
3516,3513,1259
3517,3410,3397
3518,3461,3455
3519,2924,653
3520,3494,3472
3521,3512,531
3522,3396,3069
3523,3516,3471
3524,3357,3290
3525,359,235
3526,3521,951
3527,3523,780
3528,3526,3394
3529,3528,3378
3530,3486,964
3531,3529,3447
3532,903,891
3533,3432,625
3534,3413,3207
3535,3367,652
3536,3531,521
3537,3527,1712
3538,3537,3424
3539,3278,1767
3540,3098,967
3541,3381,1970
3542,3498,3149
3543,959,956
3544,3453,1056
3545,3536,642
3546,3366,1848
3547,3530,1419
3548,816,174
3549,3458,3360
3550,3449,597
3551,3538,1517
3552,3545,535
3553,3551,3522
3554,3534,1397
3555,3507,1465
3556,1887,1846
3557,3553,3440
3558,794,487
3559,3466,1713
3560,1432,560
3561,221,82
3562,3552,1208
3563,3562,884
3564,3354,1954
3565,3563,591
3566,3524,3505
3567,1495,1301
3568,3559,3520
3569,3496,3379
3570,3469,3415
3571,3547,3533
3572,3544,3519
3573,1162,574
3574,3557,1632
3575,3462,116
3576,3535,3416
3577,3408,946
3578,3549,376
3579,1751,798
3580,1550,811
3581,3550,3518
3582,3565,3417
3583,968,681
3584,3582,3576
3585,3388,674
3586,3456,3136
3587,3574,3451
3588,3587,3490
3589,3435,1851
3590,3468,3274
3591,3437,3348
3592,3324,911
3593,1933,919
3594,3439,1524
3595,3555,3337
3596,3588,854
3597,3517,3492
3598,3596,3499
3599,3571,1416
3600,3598,1157
3601,3331,1444
3602,3457,242
3603,182,11
3604,3584,3420
3605,3464,3216
3606,3506,3358
3607,3600,696
3608,1630,362
3609,3581,3479
3610,3467,1198
3611,3607,641
3612,3392,1948
3613,3604,693
3614,3609,1812
3615,1931,826
3616,3613,697
3617,1865,1102
3618,3611,3568
3619,486,379
3620,1683,890
3621,1212,633
3622,3616,3543
3623,3376,158
3624,3578,1418
3625,2950,388
3626,3540,3126
3627,3556,1911
3628,3355,98
3629,3532,575
3630,3399,725
3631,3577,1791
3632,3622,1792
3633,3514,996
3634,3618,3560
3635,3425,1296
3636,3421,1867
3637,3452,755
3638,3597,530
3639,3592,1930
3640,3632,807
3641,3640,3585
3642,3641,3515
3643,3566,1753
3644,3634,3406
3645,3638,519
3646,1025,14
3647,3644,1090
3648,1447,1036
3649,3643,3590
3650,3647,3621
3651,3642,570
3652,3651,663
3653,3650,3645
3654,3575,57
3655,3605,3454
3656,3652,1947
3657,3389,1286
3658,3332,1401
3659,3497,1608
3660,3656,3594
3661,3426,2763
3662,3602,3484
3663,3364,1893
3664,3595,1937
3665,1553,1172
3666,1717,154
3667,1252,654
3668,3653,774
3669,3668,3539
3670,3660,3554
3671,3670,1443
3672,3649,3569
3673,3580,3477
3674,1573,1533
3675,3671,3583
3676,3669,616
3677,2989,1213
3678,3675,961
3679,1944,1276
3680,3676,1202
3681,3680,1837
3682,3648,3483
3683,3489,827
3684,3463,1378
3685,3678,1604
3686,1730,245
3687,3685,3631
3688,3487,3419
3689,3681,3639
3690,3687,583
3691,3690,369
3692,3689,817
3693,3630,1406
3694,3599,834
3695,3614,3508
3696,3664,998
3697,3692,505
3698,3694,3615
3699,3627,1290
3700,3346,3118
3701,3697,1910
3702,3691,910
3703,3701,3624
3704,3548,869
3705,3503,726
3706,3589,569
3707,3702,3617
3708,3637,611
3709,3707,3629
3710,3703,3699
3711,832,568
3712,1990,489
3713,3710,1413
3714,3633,556
3715,458,404
3716,3713,3636
3717,3414,3311
3718,3695,636
3719,3558,3411
3720,3716,600
3721,3628,1940
3722,3698,883
3723,3718,682
3724,3720,3646
3725,3252,60
3726,3564,3493
3727,3724,1754
3728,3727,676
3729,3546,18
3730,3709,3460
3731,3722,3245
3732,512,65
3733,3728,3712
3734,3733,835
3735,1773,1366
3736,3735,1262
3737,3730,3672
3738,3620,1652
3739,3610,3542
3740,1223,1165
3741,3734,1293
3742,3606,1794
3743,3741,1467
3744,1617,1105
3745,3743,756
3746,3737,3682
3747,437,50
3748,3745,3696
3749,3693,1828
3750,3593,3444
3751,3626,1246
3752,3431,3400
3753,3723,3714
3754,3684,3608
3755,3746,1140
3756,3704,753
3757,3385,1755
3758,3748,3721
3759,3758,3657
3760,3688,3665
3761,3755,695
3762,3706,3673
3763,3753,3579
3764,3759,3749
3765,3761,733
3766,3708,294
3767,1992,1143
3768,3742,3476
3769,3731,0
3770,1869,1635
3771,3764,770
3772,3771,3763
3773,3765,543
3774,3773,582
3775,3769,3760
3776,1229,897
3777,1949,1399
3778,947,687
3779,3729,3561
3780,577,507
3781,3666,1813
3782,3655,3334
3783,3754,3541
3784,3612,1534
3785,3774,1696
3786,3785,3586
3787,950,612
3788,1103,661
3789,1720,1565
3790,3775,3711
3791,3768,239
3792,3700,3625
3793,3744,3491
3794,3786,1027
3795,3794,3784
3796,3772,732
3797,3796,3790
3798,3726,1070
3799,3572,609
3800,3573,628
3801,3795,3732
3802,3661,870
3803,1858,1377
3804,3635,647
3805,1888,525
3806,3801,349
3807,3762,48
3808,3798,450
3809,3806,3438
3810,3797,3659
3811,3677,1158
3812,3739,1961
3813,3809,833
3814,3750,417
3815,3776,3751
3816,3812,986
3817,3474,3470
3818,3813,3740
3819,3818,1764
3820,1946,1487
3821,3816,3654
3822,3819,321
3823,3822,3808
3824,3810,632
3825,3789,1222
3826,3824,3591
3827,3826,644
3828,3778,840
3829,3827,787
3830,3719,3409
3831,3823,1574
3832,3814,3802
3833,3829,555
3834,973,566
3835,1389,738
3836,3828,3787
3837,3833,1179
3838,3831,1480
3839,3838,3705
3840,3662,121
3841,3777,3738
3842,3837,3807
3843,3839,677
3844,3717,3715
3845,3842,621
3846,3799,3663
3847,3843,3840
3848,3725,2388
3849,3845,3803
3850,3847,3830
3851,550,290
3852,3849,3825
3853,3850,1698
3854,3853,1060
3855,3852,3674
3856,3855,3800
3857,3854,665
3858,3791,785
3859,3857,3567
3860,3846,277
3861,852,589
3862,3859,690
3863,3862,584
3864,3856,1288
3865,3863,1086
3866,3864,1115
3867,3866,516
3868,3867,941
3869,991,592
3870,3570,962
3871,3199,1123
3872,3868,3841
3873,3872,3804
3874,3873,3793
3875,1519,980
3876,3757,782
3877,3874,1735
3878,3877,3821
3879,3767,1383
3880,3878,847
3881,3865,3836
3882,3881,3601
3883,3882,953
3884,3880,3766
3885,3884,394
3886,3815,3788
3887,3658,3443
3888,3858,3834
3889,3756,44
3890,3883,821
3891,3817,3619
3892,3885,858
3893,1705,421
3894,3890,3871
3895,3387,1511
3896,3894,386
3897,3860,864
3898,3892,3876
3899,3898,3896
3900,3770,1518
3901,3835,1769
3902,3888,3783
3903,3844,3832
3904,3851,1542
3905,3886,3879
3906,3623,3423
3907,3897,462
3908,3683,668
3909,3907,978
3910,871,788
3911,3667,1438
3912,3899,3889
3913,3782,3752
3914,3912,1607
3915,3891,3747
3916,3909,3792
3917,3870,1302
3918,3736,289
3919,3914,3911
3920,3917,1256
3921,3919,3915
3922,3895,3781
3923,3603,393
3924,3903,954
3925,3525,1969
3926,3905,3811
3927,3910,3861
3928,3921,938
3929,3928,3893
3930,3920,1898
3931,3679,1330
3932,3924,3902
3933,3916,3780
3934,3887,578
3935,3875,308
3936,1522,718
3937,3929,3820
3938,1678,1436
3939,3937,563
3940,3939,1455
3941,3940,1023
3942,3941,3930
3943,3925,502
3944,3913,3686
3945,3944,101
3946,3942,596
3947,3926,3908
3948,3931,1845
3949,728,22
3950,3945,3869
3951,3901,3805
3952,930,754
3953,3946,1462
3954,3953,3943
3955,3954,3904
3956,3955,3932
3957,3956,402
3958,3950,3900
3959,3957,513
3960,3922,1809
3961,3848,3779
3962,247,64
3963,3934,3927
3964,3959,3938
3965,3964,267
3966,3965,3962
3967,3966,1236
3968,3967,3947
3969,3968,3951
3970,3933,3906
3971,3969,132
3972,1953,1464
3973,3971,3960
3974,3973,3935
3975,3974,3923
3976,3975,1906
3977,3958,34
3978,3977,997
3979,3976,3952
3980,3979,3972
3981,3963,917
3982,3970,3948
3983,3982,3980
3984,3949,3936
3985,3983,1046
3986,1830,71
3987,3985,156
3988,3987,3981
3989,3988,3918
3990,3989,3984
3991,3978,160
3992,3991,3986
3993,3990,534
3994,3993,380
3995,3994,3961
3996,3992,1842
3997,3996,651
3998,3997,3995
