6000,2338,1598
6001,6000,4167
6002,4103,2145
6003,5418,4091
6004,5141,2403
6005,3885,3643
6006,4488,2309
6007,6001,5098
6008,6005,5243
6009,5411,3234
6010,6007,5342
6011,5290,3977
6012,4361,2030
6013,6006,3069
6014,4183,1281
6015,6008,6002
6016,4080,3755
6017,5156,5070
6018,5134,5128
6019,4479,4297
6020,4797,3526
6021,2340,2138
6022,6010,3261
6023,5388,4266
6024,3686,2860
6025,6003,5361
6026,6004,5695
6027,6011,3920
6028,5827,1219
6029,6014,2133
6030,6013,5364
6031,6015,4264
6032,5907,2395
6033,5545,5343
6034,4489,4426
6035,6030,2374
6036,6032,6022
6037,6012,5480
6038,6031,6027
6039,6018,6017
6040,6036,4073
6041,5461,47
6042,6029,4116
6043,4364,4355
6044,3827,3712
6045,6038,6034
6046,6035,4291
6047,6020,4134
6048,6042,2559
6049,2243,477
6050,6025,3108
6051,6040,1315
6052,1242,433
6053,6021,96
6054,6051,5439
6055,6033,6026
6056,6039,5115
6057,6037,2383
6058,4429,3928
6059,4339,2387
6060,5767,3292
6061,4387,4204
6062,6016,2746
6063,6049,2661
6064,3950,1201
6065,6054,5011
6066,6019,4450
6067,4189,2051
6068,5226,4185
6069,6057,4233
6070,6047,3539
6071,6053,1951
6072,6067,6048
6073,3650,2070
6074,6046,4378
6075,6023,4197
6076,6069,2279
6077,4170,4047
6078,6045,2497
6079,4270,94
6080,6050,3298
6081,6063,2306
6082,6028,4181
6083,6076,6052
6084,4036,3427
6085,4159,4154
6086,6064,3763
6087,6078,4369
6088,6073,1013
6089,6055,2222
6090,6085,6074
6091,3768,3346
6092,1926,1857
6093,6009,5919
6094,3068,3036
6095,6077,6059
6096,6041,4165
6097,6058,4035
6098,5878,3707
6099,4457,4070
6100,4380,4012
6101,1096,390
6102,5491,4007
6103,4280,3860
6104,3290,150
6105,6089,6082
6106,6083,5136
6107,6060,3377
6108,6072,5241
6109,6081,4599
6110,4362,4327
6111,6062,4087
6112,6056,3899
6113,6087,5024
6114,6108,4584
6115,6098,6090
6116,6094,6075
6117,5175,3023
6118,6113,5806
6119,6096,3019
6120,6084,6065
6121,6044,4368
6122,6080,3530
6123,6043,5288
6124,6070,117
6125,6114,33
6126,5203,5077
6127,6120,3689
6128,6106,4539
6129,6079,6071
6130,6102,4083
6131,6128,5834
6132,2430,2287
6133,6097,3666
6134,3153,1177
6135,6127,3600
6136,6107,2464
6137,6111,3088
6138,6125,2074
6139,6117,4180
6140,5453,4113
6141,6118,3734
6142,4754,53
6143,6137,3260
6144,6088,74
6145,4470,4317
6146,4436,4230
6147,409,207
6148,6119,5020
6149,6092,6066
6150,6109,5325
6151,6091,5240
6152,6141,6105
6153,6131,1098
6154,6116,4354
6155,6135,1357
6156,6153,6061
6157,6143,6103
6158,6149,6133
6159,6104,3033
6160,6152,6086
6161,6144,6095
6162,6154,6130
6163,4344,4111
6164,5787,2477
6165,3095,2259
6166,2331,2302
6167,6136,2118
6168,6068,6024
6169,6122,1984
6170,6138,6115
6171,6155,3208
6172,4818,3998
6173,2582,220
6174,6150,6124
6175,6123,3203
6176,6169,6167
6177,6110,5090
6178,6171,4120
6179,5298,3908
6180,3970,79
6181,5369,3171
6182,6175,41
6183,6178,4302
6184,6093,3856
6185,6148,5333
6186,4492,4125
6187,3279,3015
6188,5747,5580
6189,389,20
6190,5148,2339
6191,3711,3691
6192,5386,4284
6193,5525,2099
6194,6156,6101
6195,6160,3146
6196,4077,4020
6197,6183,5180
6198,6170,5715
6199,6161,4138
6200,5285,2680
6201,4866,4173
6202,3982,2264
6203,2057,1649
6204,6162,6159
6205,4051,1838
6206,6195,1073
6207,4260,3047
6208,6100,3753
6209,5222,5062
6210,6197,3300
6211,6198,6134
6212,3698,3555
6213,6206,1742
6214,6184,43
6215,6112,3919
6216,6204,6129
6217,6213,4308
6218,4890,4525
6219,5182,3319
6220,6174,1084
6221,6099,1347
6222,6210,4192
6223,6185,4353
6224,6217,3438
6225,3429,3276
6226,6194,815
6227,5478,5375
6228,6157,3606
6229,6224,6186
6230,4373,2108
6231,6121,5043
6232,5762,4137
6233,6146,4013
6234,6180,4326
6235,6190,2104
6236,5445,3550
6237,6220,3110
6238,6140,4210
6239,6222,6145
6240,6223,3610
6241,4720,2273
6242,6158,4262
6243,5492,5261
6244,6151,5936
6245,6176,6164
6246,6202,1137
6247,5059,3670
6248,5584,1342
6249,6229,6192
6250,3770,3391
6251,4200,2071
6252,4236,465
6253,6228,4175
6254,6168,168
6255,398,367
6256,6177,3083
6257,3695,1523
6258,5374,1536
6259,6226,1131
6260,6214,4011
6261,6235,4033
6262,6234,5764
6263,4131,1349
6264,6240,5360
6265,4050,3708
6266,6242,6139
6267,6163,4481
6268,6259,2164
6269,5376,3185
6270,6249,1188
6271,4784,4628
6272,6245,5811
6273,6216,5918
6274,3805,3022
6275,5042,4039
6276,6215,4228
6277,6179,3057
6278,6268,714
6279,6270,2466
6280,6221,1544
6281,6239,6207
6282,6165,1657
6283,6172,5373
6284,6173,490
6285,215,77
6286,6277,6264
6287,6132,2816
6288,6279,6231
6289,3633,135
6290,4250,4060
6291,6241,4314
6292,2662,1093
6293,6254,5125
6294,6193,2035
6295,6253,5697
6296,6199,2317
6297,6273,5559
6298,6166,1881
6299,6211,2232
6300,4476,3403
6301,6266,6182
6302,6281,5278
6303,6272,5652
6304,4897,2008
6305,6299,3799
6306,6244,3681
6307,2120,497
6308,6288,4960
6309,6191,4269
6310,6205,5948
6311,2580,429
6312,4392,4360
6313,6201,4498
6314,6284,6237
6315,3456,3173
6316,6302,4696
6317,6296,4157
6318,6305,6261
6319,6219,4044
6320,1446,1018
6321,6250,3447
6322,6260,1747
6323,4094,3506
6324,6262,3064
6325,6316,6297
6326,6188,5625
6327,6256,3909
6328,1892,1154
6329,6295,2729
6330,6308,2438
6331,2679,1439
6332,4298,4040
6333,6225,5199
6334,5794,3246
6335,1778,1133
6336,6304,6278
6337,5876,5565
6338,6332,3496
6339,3205,1968
6340,6330,5473
6341,6257,4147
6342,3629,3244
6343,5474,204
6344,253,112
6345,6283,2443
6346,6303,5383
6347,6271,4529
6348,6196,2193
6349,6267,5262
6350,5304,5172
6351,4438,1777
6352,6317,5884
6353,3359,3187
6354,6289,6287
6355,6203,2378
6356,5027,4370
6357,6326,4752
6358,4705,4536
6359,4877,2917
6360,6238,6232
6361,6328,2849
6362,6340,4056
6363,410,138
6364,6251,5181
6365,6218,4315
6366,3183,3004
6367,151,86
6368,6293,3495
6369,6306,4671
6370,6300,1566
6371,285,75
6372,401,368
6373,6147,5100
6374,4484,4231
6375,5357,2328
6376,6329,6327
6377,1834,251
6378,2536,1195
6379,6362,6263
6380,6318,6142
6381,6282,5657
6382,6346,4382
6383,6342,4146
6384,6325,2199
6385,3189,2294
6386,6276,4142
6387,4612,4158
6388,5591,4058
6389,3365,3310
6390,2244,2233
6391,3769,3683
6392,6291,3961
6393,6274,2391
6394,5470,5412
6395,6319,4715
6396,6379,6309
6397,5899,1567
6398,6352,4123
6399,1489,1478
6400,3441,246
6401,5995,2181
6402,6324,5683
6403,6243,2368
6404,6398,6233
6405,6361,6336
6406,4480,3356
6407,4108,1292
6408,6294,3561
6409,2522,1631
6410,6310,3954
6411,6208,3826
6412,1481,353
6413,5147,243
6414,6382,5722
6415,5554,1647
6416,6380,6354
6417,1150,1052
6418,6369,6209
6419,6396,3098
6420,6349,4286
6421,6384,6343
6422,6355,6292
6423,5785,1295
6424,5403,4793
6425,6298,3137
6426,4066,1425
6427,6286,3717
6428,5648,4184
6429,3448,1144
6430,6255,72
6431,5050,3184
6432,5468,1646
6433,2685,1890
6434,6345,4272
6435,3131,89
6436,6248,2085
6437,6357,3846
6438,6409,6275
6439,6280,3051
6440,6405,6246
6441,6258,1283
6442,6410,124
6443,6314,4917
6444,6320,1321
6445,6301,1928
6446,6339,3220
6447,5143,1675
6448,4679,281
6449,4670,371
6450,4830,4439
6451,5097,4444
6452,449,152
6453,6408,6312
6454,6419,6402
6455,6414,4182
6456,5874,5253
6457,6392,3229
6458,6333,6315
6459,4009,2332
6460,4190,2380
6461,4435,3259
6462,4654,4106
6463,6442,6421
6464,4112,1239
6465,3449,3029
6466,6440,4986
6467,6351,6322
6468,6463,3459
6469,231,107
6470,6427,5679
6471,6455,6454
6472,6416,3100
6473,3905,3902
6474,6252,4256
6475,6370,1265
6476,6395,6368
6477,6443,170
6478,6418,4072
6479,5799,4067
6480,2832,1423
6481,6377,1039
6482,6439,6381
6483,6411,6373
6484,6445,4105
6485,6360,1220
6486,6478,6334
6487,6376,5197
6488,6472,5099
6489,1661,501
6490,6470,6126
6491,62,12
6492,5981,5512
6493,6435,237
6494,6468,6426
6495,6466,5170
6496,6321,3374
6497,6433,6341
6498,6212,5248
6499,6364,4318
6500,6488,1504
6501,6247,1107
6502,6457,4422
6503,6487,6446
6504,3761,97
6505,6404,1338
6506,6313,4188
6507,3596,2886
6508,6434,3400
6509,5014,3273
6510,5165,4335
6511,453,261
6512,1275,1082
6513,6494,2149
6514,6495,4537
6515,6285,73
6516,4490,2015
6517,1513,880
6518,6372,392
6519,6338,5629
6520,6458,3674
6521,5469,5230
6522,6471,6366
6523,4710,1676
6524,6386,4420
6525,6348,2192
6526,6189,4288
6527,6485,2412
6528,6484,6441
6529,6514,2632
6530,5205,2511
6531,6477,4893
6532,6492,5883
6533,6422,1840
6534,6363,354
6535,6480,3814
6536,6393,2523
6537,6403,1603
6538,1772,1589
6539,6500,901
6540,6503,6467
6541,257,59
6542,5780,3529
6543,6227,5176
6544,6486,3819
6545,6399,1815
6546,4014,1308
6547,6335,4143
6548,6529,3469
6549,3967,2352
6550,6513,6425
6551,6522,6508
6552,6378,5398
6553,6505,2308
6554,6460,3372
6555,1334,1272
6556,6499,6387
6557,6358,4697
6558,4945,4473
6559,6390,6347
6560,5813,4349
6561,6528,1020
6562,4408,4100
6563,6539,2487
6564,6323,4101
6565,6415,6365
6566,3781,252
6567,6407,5420
6568,6530,3943
6569,1433,357
6570,3369,413
6571,6420,3601
6572,2183,2129
6573,4604,3366
6574,6551,6501
6575,6383,3742
6576,3294,1615
6577,6563,3164
6578,4734,218
6579,6436,5651
6580,4969,2301
6581,6459,6375
6582,6476,3959
6583,5447,3590
6584,6550,4462
6585,6524,4150
6586,6200,3457
6587,6423,5502
6588,4399,3836
6589,4316,2375
6590,5852,4372
6591,6577,6553
6592,5313,4293
6593,6584,6538
6594,146,37
6595,6374,4088
6596,4591,3395
6597,6491,171
6598,6540,5153
6599,6544,6497
6600,2393,2337
6601,5171,1141
6602,6571,6265
6603,6337,5727
6604,6593,5838
6605,5422,4367
6606,6490,3440
6607,6307,5802
6608,2343,1040
6609,6518,119
6610,3043,103
6611,6533,5856
6612,6574,2256
6613,6483,6448
6614,5384,2792
6615,4474,403
6616,6482,6413
6617,6561,1708
6618,6464,1825
6619,6181,2103
6620,4964,4117
6621,6187,1979
6622,6612,5209
6623,6605,1924
6624,6531,1991
6625,6532,6502
6626,2255,2174
6627,4252,3626
6628,4972,4757
6629,6618,6438
6630,6391,4076
6631,4508,3018
6632,4375,4244
6633,3307,3041
6634,6622,3269
6635,6311,9
6636,3254,1886
6637,4485,3413
6638,6437,1372
6639,6504,3958
6640,5133,270
6641,6604,6562
6642,3085,2546
6643,6585,6558
6644,6579,5696
6645,6548,6371
6646,4015,3492
6647,3470,1941
6648,6429,4440
6649,6606,6350
6650,6552,4246
6651,6451,1126
6652,6527,5553
6653,6634,6565
6654,5913,5708
6655,6617,3212
6656,6580,4433
6657,5983,2344
6658,6591,6523
6659,1577,1035
6660,6489,722
6661,5270,4118
6662,6641,6581
6663,2314,762
6664,6610,5631
6665,6616,1734
6666,3904,3079
6667,6397,3944
6668,6394,5518
6669,4041,3285
6670,3966,3922
6671,6475,5886
6672,6535,5472
6673,6520,4166
6674,6449,5359
6675,1180,527
6676,6572,6506
6677,3360,3094
6678,3907,1457
6679,4826,1345
6680,6269,4630
6681,6599,2564
6682,4371,2910
6683,5939,4093
6684,5078,4237
6685,6598,5166
6686,6645,793
6687,5930,5321
6688,5489,4226
6689,6655,1311
6690,6662,1692
6691,4300,4025
6692,4141,2844
6693,6624,987
6694,6653,5779
6695,6406,4023
6696,6498,6461
6697,5452,5001
6698,6545,6493
6699,5415,5324
6700,6597,1329
6701,3869,3210
6702,6431,5214
6703,6629,4471
6704,6643,4151
6705,6658,3971
6706,6694,5740
6707,3332,2176
6708,6582,5421
6709,3540,1400
6710,6689,4031
6711,6642,2329
6712,6519,5576
6713,6693,658
6714,5146,4350
6715,5851,1497
6716,6660,6417
6717,440,343
6718,6515,1375
6719,6588,4126
6720,6690,6625
6721,3384,287
6722,6536,5401
6723,6705,115
6724,6521,5466
6725,6534,2565
6726,4891,4441
6727,3900,2007
6728,6631,3286
6729,6611,5934
6730,6638,5931
6731,6230,4910
6732,6713,742
6733,3373,2584
6734,6542,200
6735,6453,3588
6736,1835,1605
6737,6649,3243
6738,6686,6672
6739,6517,1087
6740,6681,2550
6741,5555,4010
6742,4282,3258
6743,2507,2202
6744,6692,6637
6745,4187,3547
6746,6589,2432
6747,4074,2929
6748,5956,5596
6749,6720,3820
6750,2514,1746
6751,6564,3648
6752,6636,2047
6753,3385,1994
6754,6652,6516
6755,6749,6549
6756,6708,5318
6757,6627,3510
6758,6479,1498
6759,6644,963
6760,6706,6687
6761,6723,3299
6762,3103,2455
6763,6496,4021
6764,260,255
6765,6656,4034
6766,3375,3222
6767,6712,6567
6768,5434,2751
6769,6432,3221
6770,6556,2353
6771,6710,3960
6772,6428,3046
6773,5212,5104
6774,6755,6632
6775,6737,6447
6776,2276,17
6777,3136,491
6778,1877,1320
6779,6465,370
6780,4004,1415
6781,6547,4843
6782,1193,1006
6783,5888,5710
6784,6729,1337
6785,3721,4
6786,6709,5121
6787,6481,2010
6788,5624,3986
6789,4571,495
6790,6774,6569
6791,5019,3387
6792,5699,2988
6793,6756,6586
6794,5994,1707
6795,6685,4613
6796,6668,1450
6797,6771,5292
6798,6704,4191
6799,6512,4301
6800,1814,508
6801,3213,1266
6802,6738,4950
6803,6602,4263
6804,3910,1660
6805,6761,6726
6806,6359,4590
6807,5265,4915
6808,5677,1585
6809,3831,3225
6810,6665,4216
6811,3306,929
6812,6696,3918
6813,6805,4115
6814,6651,1693
6815,6677,5618
6816,6388,4906
6817,5817,219
6818,6802,6650
6819,6790,6734
6820,1967,1856
6821,6674,3382
6822,6732,4509
6823,6813,6784
6824,6730,6401
6825,6767,3743
6826,6795,5009
6827,3211,3209
6828,6787,6715
6829,6633,6575
6830,1299,1282
6831,6613,442
6832,6600,2282
6833,6797,2911
6834,1757,460
6835,6769,6587
6836,2472,1251
6837,3314,317
6838,6456,5144
6839,6595,4397
6840,6673,6573
6841,5385,3345
6842,6718,4581
6843,4733,4008
6844,6620,1503
6845,6635,184
6846,6702,5511
6847,4487,4285
6848,6740,5254
6849,6717,6675
6850,6546,4055
6851,4224,3817
6852,6779,3675
6853,6818,1114
6854,4393,1091
6855,6566,307
6856,6583,4442
6857,6826,4119
6858,6798,5202
6859,3554,3090
6860,5929,3172
6861,6353,279
6862,6848,6543
6863,6663,2081
6864,6760,6754
6865,4901,2130
6866,6812,3309
6867,6751,4674
6868,6630,5289
6869,6525,1224
6870,4929,4878
6871,4749,3132
6872,3123,2878
6873,3160,3087
6874,6819,6739
6875,6601,2218
6876,6810,5636
6877,6759,5717
6878,6735,3802
6879,4168,1068
6880,6537,4089
6881,4739,4394
6882,6716,6703
6883,6853,6822
6884,5306,5127
6885,6748,6664
6886,4668,2240
6887,3671,1230
6888,4939,3101
6889,6874,6752
6890,6695,4351
6891,3399,2759
6892,1125,626
6893,4941,2366
6894,5911,2480
6895,6507,3297
6896,1398,1037
6897,6462,3442
6898,5869,4875
6899,6823,5564
6900,6444,1463
6901,5083,2955
6902,6707,6385
6903,6509,3825
6904,6824,5820
6905,6889,6733
6906,6596,3197
6907,6669,1821
6908,439,108
6909,6829,4845
6910,3394,3257
6911,6803,6775
6912,6724,4122
6913,6899,6786
6914,6570,1424
6915,6833,5345
6916,6864,6791
6917,6736,339
6918,6684,202
6919,3921,1552
6920,6905,1883
6921,2494,192
6922,6700,310
6923,6920,3504
6924,6916,6770
6925,6828,6727
6926,6913,6863
6927,3283,3193
6928,5750,2962
6929,6788,6728
6930,5534,500
6931,6621,4954
6932,6876,4391
6933,6858,3929
6934,6356,2687
6935,6578,300
6936,6757,2621
6937,6639,1758
6938,4418,4006
6939,6722,6671
6940,6923,1557
6941,6603,5606
6942,6862,6857
6943,6557,5210
6944,2928,314
6945,6698,1737
6946,5237,1186
6947,6895,6831
6948,6915,1382
6949,438,259
6950,5096,5012
6951,4063,3619
6952,5664,3169
6953,6883,6367
6954,3228,2367
6955,6940,5149
6956,6890,4565
6957,5909,2019
6958,4743,2778
6959,6725,3854
6960,6657,906
6961,4059,3238
6962,6389,3488
6963,6903,2938
6964,6474,4347
6965,6948,935
6966,6667,3574
6967,5719,4496
6968,6924,5322
6969,5586,2361
6970,6926,6817
6971,6768,5808
6972,6838,6424
6973,6842,298
6974,6745,2335
6975,6878,6816
6976,6721,6608
6977,6942,2877
6978,3634,3312
6979,6965,344
6980,6846,5943
6981,5354,167
6982,3313,1831
6983,6615,6541
6984,6680,2185
6985,5272,1643
6986,6955,2360
6987,5821,5599
6988,6932,5331
6989,6970,2420
6990,6780,6555
6991,5858,3630
6992,6968,4245
6993,4454,545
6994,6986,6867
6995,6904,2388
6996,5004,2416
6997,6825,6777
6998,4377,1079
6999,6814,4464
7000,6731,4666
7001,6839,6623
7002,5988,5504
7003,6931,4738
7004,6793,3694
7005,6773,3672
7006,470,51
7007,3340,2423
7008,5830,1051
7009,4983,2686
7010,6992,6688
7011,6628,4611
7012,6929,5535
7013,587,118
7014,6808,5540
7015,6869,3192
7016,3002,1384
7017,7010,5739
7018,5548,1537
7019,6840,872
7020,5067,3003
7021,6979,6947
7022,6849,1367
7023,6763,1083
7024,6989,6896
7025,6994,1306
7026,5991,2742
7027,6988,876
7028,6933,189
7029,6925,860
7030,6927,6648
7031,6559,5368
7032,6866,6661
7033,6953,4835
7034,6943,1132
7035,7025,4588
7036,4310,2534
7037,5500,1168
7038,7017,6880
7039,6901,6882
7040,6526,6430
7041,6331,286
7042,4689,1819
7043,5350,3056
7044,7024,1606
7045,4979,4383
7046,6654,5925
7047,5281,4881
7048,6778,1017
7049,7027,6640
7050,7022,5242
7051,3198,1917
7052,6977,3785
7053,6966,4078
7054,3517,3472
7055,6844,6804
7056,6850,6799
7057,7039,1393
7058,292,238
7059,6554,1619
7060,7012,5818
7061,6510,5109
7062,6809,3527
7063,425,337
7064,7038,2105
7065,6911,2297
7066,6590,1253
7067,1876,360
7068,5032,3989
7069,7065,2056
7070,6473,3945
7071,2234,210
7072,7028,2454
7073,5493,4413
7074,6892,6845
7075,6619,4846
7076,6741,4099
7077,7035,5661
7078,6990,6450
7079,6888,1386
7080,6765,6746
7081,7033,6946
7082,498,275
7083,6697,1868
7084,6997,1894
7085,7019,3996
7086,6792,1959
7087,6679,2547
7088,6975,2638
7089,6666,3479
7090,7029,1529
7091,6854,4135
7092,7044,2170
7093,3514,1390
7094,5395,5358
7095,7064,6887
7096,7071,5746
7097,5678,5029
7098,6851,2143
7099,6820,1430
7100,4029,312
7101,5949,1187
7102,6714,4097
7103,7092,1505
7104,7000,6806
7105,6885,2676
7106,1530,1379
7107,6935,3407
7108,5889,5810
7109,7095,7047
7110,6758,3581
7111,4796,3236
7112,7052,6909
7113,7004,6987
7114,5036,4475
7115,7077,5006
7116,7081,6789
7117,5456,736
7118,6941,5906
7119,2450,68
7120,6897,3329
7121,7045,6744
7122,5647,4914
7123,6938,3487
7124,6877,6800
7125,2567,838
7126,6594,1601
7127,7115,7015
7128,6995,278
7129,5448,5438
7130,6939,1218
7131,7072,6452
7132,6914,199
7133,6886,3549
7134,6830,1333
7135,7085,5600
7136,6719,3378
7137,4968,3380
7138,7043,6782
7139,5441,2296
7140,6614,2861
7141,6576,4273
7142,6894,1095
7143,7103,7090
7144,6856,1029
7145,7109,6647
7146,420,318
7147,7020,3061
7148,106,42
7149,7112,1101
7150,3914,3868
7151,7036,879
7152,7116,2097
7153,7127,7018
7154,6907,4379
7155,7049,6821
7156,3773,3740
7157,4542,4313
7158,7021,1368
7159,6984,6659
7160,6999,46
7161,2060,1591
7162,7152,7087
7163,7032,4043
7164,5680,3435
7165,7153,3255
7166,5974,5569
7167,7145,6912
7168,6982,4057
7169,7134,1297
7170,1710,1216
7171,6910,5391
7172,6762,4329
7173,6951,4054
7174,7069,5723
7175,3178,778
7176,5769,397
7177,7165,1034
7178,7149,6859
7179,7076,6835
7180,7008,2064
7181,7162,6879
7182,7058,6609
7183,4130,2897
7184,3940,3722
7185,5297,1919
7186,179,61
7187,6971,6796
7188,6412,892
7189,7167,2508
7190,1204,88
7191,6978,229
7192,5751,5703
7193,5718,2461
7194,7177,1434
7195,6785,291
7196,2326,1041
7197,7113,1304
7198,7083,6815
7199,7181,1291
7200,7189,5686
7201,7143,7057
7202,6980,4430
7203,4857,4763
7204,6959,6743
7205,7124,7014
7206,6766,3084
7207,805,635
7208,7194,3972
7209,7158,1579
7210,4406,2678
7211,7002,1586
7212,299,186
7213,334,258
7214,4295,4279
7215,5475,705
7216,4898,416
7217,7088,3995
7218,5617,5074
7219,6881,6772
7220,3669,1206
7221,2943,2836
7222,5601,1787
7223,7050,1602
7224,4343,4305
7225,6742,4553
7226,7034,4597
7227,5577,3832
7228,7009,629
7229,6945,6922
7230,6711,5793
7231,6783,5689
7232,7041,6568
7233,3402,3322
7234,3803,3024
7235,5145,2743
7236,7200,7001
7237,4337,3876
7238,4813,4677
7239,5849,5602
7240,6678,4259
7241,7168,3775
7242,7209,5425
7243,5900,5797
7244,1923,1648
7245,6983,423
7246,7208,2160
7247,4899,2324
7248,7150,7121
7249,6956,6841
7250,2637,2088
7251,7178,5508
7252,7080,2112
7253,5194,3818
7254,7201,6919
7255,7136,6400
7256,7246,7055
7257,3021,129
7258,6969,2880
7259,7256,7130
7260,6750,2150
7261,7219,2866
7262,6875,1417
7263,7053,4482
7264,7084,2485
7265,6646,3638
7266,7236,7197
7267,6906,400
7268,7254,2978
7269,5895,1932
7270,6832,2096
7271,7042,3128
7272,4030,2197
7273,6936,4127
7274,7169,15
7275,7111,7031
7276,7163,4225
7277,7079,5224
7278,5637,1532
7279,3653,476
7280,7175,7135
7281,6937,5809
7282,6676,4767
7283,1435,1028
7284,4160,3231
7285,5910,1466
7286,7138,7091
7287,4499,3821
7288,4691,3311
7289,7251,7195
7290,5365,2078
7291,7060,3622
7292,6776,1350
7293,5387,3642
7294,7233,2827
7295,7266,6781
7296,6972,593
7297,5233,4219
7298,7264,2646
7299,7204,28
7300,7174,6699
7301,6801,784
7302,2602,1044
7303,7074,5279
7304,6976,1422
7305,5692,1358
7306,5691,1827
7307,5533,1149
7308,6930,3347
7309,1348,350
7310,7073,2608
7311,5848,4235
7312,6836,1645
7313,7046,4468
7314,7268,7101
7315,3165,2760
7316,4675,3532
7317,6855,280
7318,7242,2798
7319,4600,1408
7320,7011,1824
7321,7205,7142
7322,7211,5777
7323,7110,5706
7324,3824,2993
7325,6921,6898
7326,7223,7107
7327,7180,6670
7328,7318,739
7329,3170,1656
7330,6928,1127
7331,6985,1860
7332,6868,6607
7333,7280,3859
7334,7289,5407
7335,4543,2881
7336,7231,7128
7337,5065,4253
7338,7199,1560
7339,3155,2372
7340,6981,862
7341,7258,7078
7342,7146,272
7343,7155,3049
7344,5731,1748
7345,4985,4583
7346,2757,1108
7347,7295,7122
7348,4911,1624
7349,7140,2812
7350,7003,6973
7351,6950,1473
7352,7259,7037
7353,7089,3232
7354,7170,1761
7355,7273,1885
7356,7105,5286
7357,7338,4703
7358,7328,4345
7359,7312,2408
7360,7245,7006
7361,6682,4973
7362,7126,6944
7363,7062,3778
7364,6960,1164
7365,6963,452
7366,6949,3835
7367,7314,1904
7368,4932,4294
7369,7291,5803
7370,5961,4839
7371,7248,3624
7372,5877,1429
7373,7296,4037
7374,7352,5488
7375,7075,6884
7376,7358,3984
7377,6860,6837
7378,7282,4641
7379,7067,6794
7380,7367,3009
7381,7129,4239
7382,7347,7086
7383,3397,3161
7384,6934,2493
7385,5008,4437
7386,7125,791
7387,6974,2509
7388,7059,6811
7389,7172,4768
7390,3895,1613
7391,5945,5778
7392,7357,6747
7393,5563,331
7394,7380,3348
7395,7308,4292
7396,6961,5397
7397,7355,7334
7398,7173,4461
7399,3705,468
7400,7374,7333
7401,7104,1062
7402,7250,2300
7403,7394,4410
7404,6872,4261
7405,7300,7263
7406,4258,3751
7407,7232,1237
7408,6954,837
7409,7252,5980
7410,6891,5155
7411,7343,5712
7412,7023,3073
7413,7160,5195
7414,7382,7179
7415,7376,7171
7416,7159,7123
7417,7132,3892
7418,7131,4416
7419,7298,1925
7420,5590,395
7421,7403,1510
7422,4400,4026
7423,7277,6993
7424,6917,2136
7425,3735,2635
7426,4726,3052
7427,7040,7030
7428,4504,4325
7429,7141,6753
7430,7392,1214
7431,7118,6560
7432,6290,2837
7433,7241,3499
7434,7411,7369
7435,6852,1454
7436,1274,1067
7437,7225,3728
7438,7421,7274
7439,1376,923
7440,7271,3887
7441,7302,6701
7442,7229,7148
7443,7066,1679
7444,7299,122
7445,5294,916
7446,5670,975
7447,7154,5266
7448,3618,1891
7449,6865,2458
7450,7056,4467
7451,7400,5958
7452,6952,2738
7453,5356,5124
7454,7414,2781
7455,3764,1209
7456,2152,1580
7457,7438,7371
7458,4560,565
7459,984,70
7460,6962,4572
7461,6344,143
7462,3354,3122
7463,7240,7226
7464,6511,223
7465,7454,6683
7466,5268,3006
7467,7397,5378
7468,7415,3665
7469,7401,5429
7470,4695,3702
7471,4133,3812
7472,7202,5957
7473,7151,1156
7474,7119,4984
7475,5162,4587
7476,5432,5234
7477,7378,7007
7478,7467,5056
7479,6908,6
7480,6843,4251
7481,7465,7391
7482,5002,3978
7483,7106,2310
7484,2248,1452
7485,7451,662
7486,7005,5390
7487,7261,6871
7488,7434,7356
7489,7320,4577
7490,7187,7051
7491,7102,5315
7492,7305,346
7493,7418,473
7494,7099,1217
7495,7419,1111
7496,7468,1976
7497,7284,4699
7498,5566,2258
7499,4095,4079
7500,7198,4535
7501,7485,7196
7502,7469,4686
7503,7260,6902
7504,6964,4221
7505,1551,1002
7506,7332,7061
7507,7478,7301
7508,7026,2895
7509,5211,2996
7510,7218,5660
7511,5538,1362
7512,7227,3797
7513,7216,4376
7514,7276,5340
7515,7234,3657
7516,7120,2405
7517,5975,1279
7518,5487,5192
7519,7501,7293
7520,7412,6873
7521,7349,2926
7522,7082,196
7523,7322,7321
7524,7496,3631
7525,7483,776
7526,7457,7389
7527,7424,1507
7528,7139,572
7529,7354,6834
7530,7430,789
7531,7519,5771
7532,7481,5594
7533,5164,4497
7534,7524,7188
7535,1870,1562
7536,7364,7326
7537,7336,1353
7538,7117,972
7539,7475,6870
7540,7407,1471
7541,7531,7262
7542,7507,6861
7543,3932,435
7544,7214,2530
7545,3331,383
7546,7315,579
7547,3913,2006
7548,7222,424
7549,3858,3251
7550,4735,2677
7551,7526,7390
7552,5965,4330
7553,7309,3432
7554,5759,4451
7555,7409,7372
7556,7048,1104
7557,7534,5450
7558,7215,2594
7559,6893,2643
7560,3615,1914
7561,7444,7190
7562,2311,95
7563,7203,4766
7564,5903,1128
7565,5815,4213
7566,7541,7495
7567,5118,716
7568,4412,1955
7569,4923,4874
7570,7013,2711
7571,5016,446
7572,7417,7133
7573,7494,7303
7574,5589,610
7575,7439,5455
7576,7530,7093
7577,5201,249
7578,7489,4174
7579,7359,5517
7580,7097,5000
7581,7431,7235
7582,3917,266
7583,7323,5927
7584,5028,3877
7585,7342,161
7586,7286,2260
7587,7551,1681
7588,7385,7275
7589,5720,3202
7590,4443,2535
7591,7471,7221
7592,7353,5843
7593,7294,3875
7594,7330,1033
7595,7557,7341
7596,7319,529
7597,7384,4728
7598,1729,191
7599,1402,365
7600,7217,4727
7601,3376,3016
7602,7387,1878
7603,7566,5066
7604,7587,5267
7605,7377,358
7606,4177,1543
7607,7405,7114
7608,7287,2207
7609,7542,7278
7610,7555,7257
7611,7576,7459
7612,7604,915
7613,7532,7249
7614,7515,6847
7615,7544,4212
7616,7547,5196
7617,2825,2593
7618,7609,7509
7619,7612,7570
7620,4455,4092
7621,149,10
7622,7423,3730
7623,1614,1269
7624,1913,1085
7625,2379,2286
7626,7603,5327
7627,7373,3082
7628,3594,412
7629,3985,3218
7630,7447,639
7631,7281,7100
7632,7563,7502
7633,3182,2641
7634,7448,5047
7635,7626,1322
7636,4858,3613
7637,7339,2098
7638,3339,1739
7639,5283,1826
7640,7220,4278
7641,6626,5711
7642,4352,4065
7643,7350,7304
7644,7619,5531
7645,5868,3792
7646,7094,547
7647,4448,2459
7648,7635,2148
7649,1370,407
7650,7600,7440
7651,4922,933
7652,3162,1460
7653,7648,7488
7654,7325,2590
7655,5964,5860
7656,7166,3044
7657,7503,7270
7658,316,306
7659,7267,7210
7660,3651,256
7661,7279,2467
7662,7413,4693
7663,4179,1378
7664,7644,5235
7665,7643,7442
7666,7182,273
7667,4085,1912
7668,7618,5449
7669,7613,7450
7670,1686,363
7671,7559,1076
7672,7472,2572
7673,7212,351
7674,7460,1548
7675,993,765
7676,5622,4022
7677,7445,7386
7678,7611,7540
7679,7656,4606
7680,7446,5367
7681,5442,2634
7682,5933,5440
7683,7573,979
7684,4203,3078
7685,7346,7144
7686,7664,7340
7687,6918,236
7688,7435,7206
7689,7324,475
7690,7607,7493
7691,7463,5773
7692,5280,5058
7693,7561,7473
7694,7508,2691
7695,7668,1590
7696,5026,3505
7697,7578,4803
7698,7500,7054
7699,4936,3275
7700,7539,1116
7701,7307,7269
7702,7238,4458
7703,7669,7610
7704,1247,790
7705,7703,7672
7706,7230,5873
7707,7164,5971
7708,4836,3483
7709,7477,1113
7710,466,313
7711,5276,2921
7712,5524,2069
7713,7193,2470
7714,4994,1634
7715,7098,268
7716,7228,3127
7717,5861,2139
7718,7686,2854
7719,7520,1651
7720,1394,434
7721,7224,5316
7722,7161,7096
7723,7527,7517
7724,1359,843
7725,7063,133
7726,7213,7186
7727,7523,5894
7728,7470,7360
7729,7255,848
7730,5701,2714
7731,7363,25
7732,7311,2034
7733,6991,5864
7734,7631,91
7735,3409,2947
7736,5126,2995
7737,5190,3289
7738,7361,1983
7739,5833,1257
7740,7678,7677
7741,7548,2141
7742,7698,7695
7743,4761,1568
7744,7366,694
7745,1437,1210
7746,7521,2829
7747,7443,1170
7748,7605,949
7749,7427,263
7750,7288,7265
7751,7606,5317
7752,7348,6807
7753,5311,1118
7754,7456,7437
7755,4271,3948
7756,7705,5872
7757,5960,5688
7758,2557,2510
7759,3750,3428
7760,7584,943
7761,3020,2075
7762,7756,5404
7763,7718,7368
7764,3074,849
7765,4178,2885
7766,7653,1859
7767,7685,2615
7768,7595,1818
7769,7556,1319
7770,7766,1666
7771,2079,1414
7772,7740,940
7773,7536,1032
7774,7763,4681
7775,185,67
7776,7762,5076
7777,6996,4519
7778,7550,4019
7779,7768,796
7780,7388,2673
7781,7772,3104
7782,7297,2213
7783,4882,1250
7784,4957,4217
7785,7781,1211
7786,4576,1811
7787,7598,1839
7788,7474,2414
7789,7779,7774
7790,7185,4801
7791,4018,361
7792,4220,1312
7793,4744,203
7794,7379,1340
7795,1494,175
7796,7290,4534
7797,7770,2495
7798,7785,7665
7799,7497,803
7800,4395,248
7801,7016,3873
7802,7727,1559
7803,4792,1395
7804,7588,7449
7805,7402,601
7806,7728,7316
7807,5482,2411
7808,7583,5523
7809,7070,3632
7810,7797,7560
7811,176,31
7812,3964,2313
7813,7441,3462
7814,6900,2251
7815,7416,1122
7816,4403,781
7817,2465,2215
7818,7670,7630
7819,7733,1701
7820,7514,4241
7821,7650,7487
7822,274,205
7823,7498,686
7824,7674,7429
7825,7632,2945
7826,7742,3884
7827,7362,2228
7828,7810,7535
7829,7453,3515
7830,3404,1571
7831,7637,7627
7832,5185,3224
7833,5363,1456
7834,457,56
7835,7581,134
7836,7776,7625
7837,7828,2371
7838,2671,1927
7839,2278,1709
7840,7709,2712
7841,7657,2091
7842,7837,1022
7843,3536,1611
7844,7683,7628
7845,4283,3500
7846,3762,137
7847,7589,5844
7848,7723,7579
7849,5800,3168
7850,5922,2961
7851,7662,5274
7852,3822,3661
7853,5085,213
7854,4764,3386
7855,7842,7655
7856,7693,1768
7857,2788,2543
7858,3729,232
7859,4933,1339
7860,7773,1965
7861,7761,7554
7862,5168,598
7863,7622,7375
7864,7855,2107
7865,7572,2970
7866,7327,2220
7867,1622,1075
7868,7614,7351
7869,7659,1313
7870,1587,496
7871,7365,254
7872,7836,7680
7873,7176,4658
7874,7821,3544
7875,7804,6998
7876,7864,4578
7877,7335,4517
7878,7654,3791
7879,7789,7331
7880,7147,3248
7881,3991,2189
7882,7826,7755
7883,5954,5867
7884,7525,7404
7885,4682,1556
7886,7506,7486
7887,5007,750
7888,3925,1388
7889,7719,7702
7890,4086,3896
7891,7283,1285
7892,7537,104
7893,7820,5151
7894,7433,6236
7895,7552,2456
7896,4716,3847
7897,3392,3158
7898,7504,7420
7899,7708,13
7900,7529,7306
7901,7713,7432
7902,7398,7381
7903,5807,4549
7904,7751,2542
7905,7729,1697
7906,5558,3342
7907,7716,7638
7908,7882,194
7909,7794,1410
7910,7597,2354
7911,5583,426
7912,7860,4777
7913,7802,2436
7914,7884,7856
7915,7247,1365
7916,7874,7815
7917,3389,304
7918,7901,541
7919,7847,7691
7920,7586,5423
7921,7617,4717
7922,7808,7452
7923,7908,4736
7924,7410,3270
7925,4000,3501
7926,7798,517
7927,4424,1441
7928,2551,1119
7929,5782,1175
7930,7769,1129
7931,7749,109
7932,4540,2665
7933,7748,3865
7934,7746,7399
7935,7848,7624
7936,7903,4163
7937,7923,5054
7938,7818,1327
7939,7881,7788
7940,4275,1409
7941,7841,7722
7942,5963,5587
7943,7937,7876
7944,7688,7395
7945,7137,2210
7946,178,84
7947,7840,7575
7948,4148,303
7949,1810,283
7950,7813,5349
7951,5428,2476
7952,7569,3437
7953,7479,493
7954,2188,1324
7955,1691,1030
7956,5976,2633
7957,7879,2847
7958,5902,1061
7959,481,87
7960,451,130
7961,7591,3682
7962,7640,6592
7963,7741,7484
7964,504,319
7965,7183,2266
7966,5822,3017
7967,3215,2529
7968,7931,3744
7969,5068,415
7970,7721,4005
7971,5075,3795
7972,7717,7546
7973,4320,3316
7974,7706,3480
7975,5669,3318
7976,7846,3709
7977,4332,836
7978,7651,7574
7979,7715,2720
7980,7426,4199
7981,7615,7253
7982,7593,4992
7983,7476,4098
7984,7825,746
7985,4411,2965
7986,7867,7787
7987,7814,7608
7988,5049,1134
7989,5770,4495
7990,7671,7602
7991,7700,4531
7992,3774,1973
7993,7892,7872
7994,7957,4608
7995,7492,1795
7996,7935,7641
7997,4114,2237
7998,5875,2376
7999,7863,7851
8000,7930,1677
8001,3396,3007
8002,7994,7912
8003,7734,5419
8004,3039,1872
8005,7666,1655
8006,7699,3035
8007,7807,155
8008,7594,5700
8009,7673,1950
8010,1952,1625
8011,5890,5537
8012,7875,7645
8013,7831,7730
8014,7553,1181
8015,7568,7337
8016,7943,659
8017,7941,1120
8018,7926,4709
8019,7865,7512
8020,7370,114
8021,7313,5091
8022,7801,7191
8023,7393,5052
8024,7344,1740
8025,7827,1323
8026,7835,5685
8027,4988,4977
8028,7993,2082
8029,7780,2050
8030,944,800
8031,7184,5291
8032,5743,4769
8033,8018,540
8034,7938,7905
8035,7767,6764
8036,5163,1704
8037,3663,624
8038,7984,7914
8039,7844,510
8040,7971,7868
8041,7422,4107
8042,7689,2848
8043,7921,655
8044,7823,7285
8045,7902,7690
8046,7900,2348
8047,7978,7580
8048,2072,772
8049,7585,1572
8050,7963,7739
8051,4756,4110
8052,7731,5757
8053,2785,227
8054,8028,5106
8055,480,233
8056,5675,1502
8057,3256,3062
8058,7861,3230
8059,8034,7480
8060,7738,2327
8061,8045,7707
8062,7720,3806
8063,7765,2303
8064,7976,1833
8065,7947,7920
8066,7991,7918
8067,4432,878
8068,5634,3325
8069,7649,1346
8070,1875,296
8071,7687,4016
8072,8002,1184
8073,7829,4935
8074,4718,3277
8075,3625,2753
8076,7904,7406
8077,7675,7292
8078,5665,4574
8079,5607,3947
8080,4324,1066
8081,4616,1453
8082,7676,3383
8083,7436,7239
8084,4500,2597
8085,8033,7558
8086,8017,2023
8087,8039,7909
8088,3855,3811
8089,1749,411
8090,7793,5105
8091,467,322
8092,7621,348
8093,7661,7528
8094,7745,1167
8095,5330,139
8096,7513,7491
8097,7968,3050
8098,7505,5277
8099,8016,2385
8100,8054,7620
8101,6469,4062
8102,8099,7759
8103,7999,7843
8104,8072,444
8105,7750,7694
8106,7889,7592
8107,8008,7878
8108,7913,1146
8109,7754,3852
8110,8104,4706
8111,7461,1
8112,7970,928
8113,2896,2254
8114,7747,5972
8115,7599,7510
8116,7944,4692
8117,7982,7907
8118,8014,2867
8119,7816,865
8120,2883,297
8121,5870,2457
8122,7681,3464
8123,7764,4124
8124,7744,3509
8125,8110,909
8126,7886,3727
8127,8085,606
8128,5733,966
8129,8100,3293
8130,5855,4513
8131,461,406
8132,7924,2771
8133,8129,7243
8134,8047,7819
8135,717,528
8136,2907,1016
8137,7697,4802
8138,8127,7726
8139,5444,110
8140,7895,5023
8141,8108,5592
8142,8125,7996
8143,5246,995
8144,5859,2169
8145,7849,7428
8146,7652,3054
8147,7629,2688
8148,4365,3086
8149,7778,2761
8150,8097,7893
8151,7877,4798
8152,3837,2656
8153,8026,7948
8154,8046,1714
8155,8020,4336
8156,8133,4856
8157,7917,1776
8158,3725,3081
8159,3952,2252
8160,7980,7458
8161,7499,3578
8162,8065,2705
8163,1361,1238
8164,7871,7156
8165,7108,5754
8166,8019,604
8167,8138,1396
8168,6958,1380
8169,7933,7736
8170,4825,3048
8171,5471,4883
8172,5955,2745
8173,3350,3305
8174,8142,7972
8175,7939,7919
8176,7887,5405
8177,8102,1461
8178,8141,1897
8179,7696,5823
8180,8177,7998
8181,8174,2462
8182,7956,1508
8183,441,341
8184,8140,5528
8185,5499,1014
8186,8180,8093
8187,7965,7490
8188,2486,1563
8189,387,144
8190,7786,3575
8191,8005,7858
8192,8061,8021
8193,7549,5437
8194,8181,3953
8195,3494,1499
8196,3418,1600
8197,3296,1832
8198,7516,4896
8199,8052,524
8200,5738,1194
8201,2446,2009
8202,2990,1391
8203,7799,4477
8204,7869,5130
8205,7796,1516
8206,8186,4814
8207,7068,586
8208,7852,5323
8209,7425,1939
8210,8194,8136
8211,8206,7922
8212,2478,1354
8213,5154,2390
8214,3898,751
8215,8066,4511
8216,7701,1665
8217,3058,234
8218,3767,1793
8219,1638,602
8220,3235,7
8221,8167,3801
8222,8156,1626
8223,8043,1445
8224,7310,1381
8225,8222,8114
8226,7660,7317
8227,5937,5893
8228,3336,2810
8229,8210,8087
8230,7803,1160
8231,8211,8124
8232,7981,3417
8233,211,111
8234,7990,7616
8235,7934,7533
8236,5850,5571
8237,8040,1403
8238,7812,5305
8239,8231,904
8240,7329,5970
8241,4319,3591
8242,7987,1159
8243,8060,7596
8244,7543,5494
8245,8086,8029
8246,7974,7455
8247,7545,1515
8248,8134,8012
8249,7704,2933
8250,8221,38
8251,8178,7511
8252,8192,8041
8253,8115,7916
8254,7833,1263
8255,8154,8024
8256,8003,2625
8257,8250,990
8258,7679,4419
8259,8239,190
8260,8107,7955
8261,8082,3931
8262,8259,8056
8263,3433,3154
8264,8151,7408
8265,6967,4038
8266,8257,1050
8267,8103,605
8268,7682,4061
8269,8147,1472
8270,3710,1763
8271,2489,1642
8272,8059,7482
8273,8105,2726
8274,8023,2889
8275,1721,1183
8276,7989,3621
8277,4664,3115
8278,7806,7805
8279,7714,5013
8280,7396,4104
8281,7862,7538
8282,8216,8044
8283,7995,7932
8284,1008,58
8285,4634,3126
8286,8073,7885
8287,7800,1936
8288,8038,4737
8289,4214,157
8290,8267,8262
8291,8258,8175
8292,7562,4952
8293,8248,8225
8294,8109,1351
8295,5836,5063
8296,3227,93
8297,8266,1694
8298,8030,5985
8299,8232,3431
8300,7979,7857
8301,8166,3452
8302,8249,8119
8303,506,436
8304,5920,4725
8305,8013,5716
8306,8122,7464
8307,7898,3787
8308,7157,2716
8309,8290,8076
8310,8035,4342
8311,7737,2125
8312,3697,1796
8313,3303,142
8314,8169,187
8315,7951,5245
8316,8137,8112
8317,8077,5336
8318,7771,4816
8319,8116,5092
8320,8297,4907
8321,8253,2750
8322,7929,692
8323,5057,2739
8324,7522,24
8325,3616,1863
8326,8309,3611
8327,8198,7633
8328,7915,2295
8329,8025,1314
8330,8320,743
8331,7962,5501
8332,8123,4243
8333,7795,7345
8334,8179,3602
8335,8260,8229
8336,8294,2033
8337,8106,8088
8338,8027,982
8339,8069,2068
8340,165,30
8341,7927,4069
8342,8330,1305
8343,1191,588
8344,3419,2767
8345,8338,8288
8346,5724,5426
8347,8193,7782
8348,7634,3639
8349,5698,288
8350,8301,2707
8351,5790,5257
8352,4149,1355
8353,8326,734
8354,7910,328
8355,2146,2127
8356,8150,8022
8357,8223,8162
8358,8215,7758
8359,5435,2856
8360,7928,4781
8361,2165,1569
8362,7880,3011
8363,8199,3531
8364,8243,710
8365,2406,1706
8366,8335,1426
8367,8000,1493
8368,4483,373
8369,1670,1561
8370,3055,2853
8371,8255,8251
8372,8366,8163
8373,4573,454
8374,8321,824
8375,8293,8203
8376,4779,1155
8377,8152,4778
8378,8353,8160
8379,8372,2247
8380,8204,448
8381,1316,325
8382,8342,874
8383,3756,1802
8384,5392,1244
8385,7977,1862
8386,347,327
8387,5039,3788
8388,8336,8117
8389,5107,4759
8390,418,63
8391,7866,4238
8392,5053,4268
8393,7809,3736
8394,1942,419
8395,8345,685
8396,8277,5022
8397,8010,5138
8398,2417,1841
8399,8378,562
8400,8319,8237
8401,8379,4632
8402,2503,1581
8403,7639,5446
8404,8273,7911
8405,5129,5037
8406,8176,7985
8407,8252,7571
8408,8375,712
8409,5626,1233
8410,4712,4533
8411,8042,377
8412,8080,166
8413,8230,8062
8414,3974,3063
8415,8408,8182
8416,7986,7850
8417,8322,4194
8418,7873,4049
8419,8399,5575
8420,4075,3992
8421,1385,1189
8422,8419,1152
8423,8350,8036
8424,8357,8094
8425,8374,1658
8426,8245,8075
8427,8053,3882
8428,5863,302
8429,5776,5753
8430,8314,7582
8431,5905,5862
8432,7966,2226
8433,8171,2644
8434,8187,1741
8435,8261,8121
8436,4254,3951
8437,8415,2116
8438,8422,8316
8439,8190,8067
8440,7896,7760
8441,8437,8096
8442,8401,8282
8443,5547,4423
8444,8358,8218
8445,3699,2835
8446,3874,1784
8447,7839,1599
8448,3204,2110
8449,8209,3649
8450,1641,672
8451,7752,4794
8452,4586,3038
8453,8157,2863
8454,8425,8048
8455,2657,1728
8456,8407,4389
8457,7790,2
8458,3871,3580
8459,8441,5379
8460,5623,924
8461,8397,7950
8462,7894,2570
8463,5300,3880
8464,2167,39
8465,3471,3351
8466,5912,3949
8467,2156,1774
8468,4385,1852
8469,8146,1451
8470,4139,2345
8471,8272,7845
8472,2346,2020
8473,4384,3849
8474,8139,4943
8475,7777,3667
8476,8406,1317
8477,4934,3367
8478,8265,8058
8479,8126,5302
8480,8438,7936
8481,5944,5644
8482,5402,3983
8483,3851,8
8484,8339,856
8485,8395,1766
8486,7383,3151
8487,5010,3278
8488,8300,4622
8489,5666,3579
8490,8442,936
8491,8424,8382
8492,5561,217
8493,8490,846
8494,5609,2386
8495,8459,4421
8496,8329,7906
8497,7946,499
8498,8057,5103
8499,7577,2864
8500,5598,4002
8501,8327,8051
8502,7969,148
8503,8493,2094
8504,1431,701
8505,8333,3481
8506,7983,5348
8507,8503,1995
8508,8480,8063
8509,7988,3460
8510,4657,2773
8511,5495,4928
8512,8356,5112
8513,8507,1786
8514,8234,2084
8515,8214,4919
8516,8302,2599
8517,8238,2652
8518,8291,1064
8519,8461,7817
8520,8508,8227
8521,2357,2245
8522,8495,3071
8523,8513,761
8524,8281,983
8525,5319,1182
8526,8523,669
8527,7244,4618
8528,8520,8299
8529,4940,2087
8530,8310,3130
8531,7732,2219
8532,8418,8153
8533,8434,1682
8534,8242,2157
8535,8254,8185
8536,8083,8050
8537,5229,5069
8538,8524,8522
8539,7953,92
8540,8004,7783
8541,4493,269
8542,8200,6957
8543,8462,4274
8544,2973,1855
8545,8526,7940
8546,8528,7647
8547,2872,1963
8548,7945,2040
8549,7824,4602
8550,8111,8049
8551,5645,3808
8552,8479,8101
8553,8363,4333
8554,5854,3981
8555,8380,8184
8556,3829,336
8557,8164,4524
8558,8529,1019
8559,8546,8404
8560,1986,779
8561,4673,1689
8562,2960,1145
8563,8391,2039
8564,5921,2298
8565,7992,7883
8566,8426,2669
8567,5353,240
8568,8364,7784
8569,4032,2131
8570,4623,989
8571,5238,209
8572,8423,8235
8573,8447,1221
8574,7724,2046
8575,7667,4140
8576,7711,3771
8577,8224,5072
8578,8466,5516
8579,8165,1094
8580,5915,4017
8581,5527,2042
8582,5663,2782
8583,8545,553
8584,2787,1521
8585,7775,1700
8586,8454,5514
8587,1690,1267
8588,8413,1117
8589,8388,2319
8590,5608,1009
8591,8006,4548
8592,4965,4959
8593,8485,988
8594,8278,4700
8595,8583,8444
8596,4887,1054
8597,8207,3976
8598,8559,8484
8599,8360,2090
8600,4997,4570
8601,3291,3206
8602,8538,3645
8603,5400,4961
8604,5826,5671
8605,8367,8284
8606,8471,7743
8607,3102,2496
8608,8593,977
8609,7949,3813
8610,7646,5132
8611,8098,691
8612,3393,3226
8613,3014,2045
8614,7564,4701
8615,8533,1442
8616,8228,4425
8617,8602,1328
8618,1957,1459
8619,8595,8535
8620,8256,8118
8621,7565,2701
8622,2577,2223
8623,4924,4650
8624,5749,1310
8625,8491,4751
8626,8354,768
8627,8512,8377
8628,7960,1934
8629,8456,5479
8630,8385,1594
8631,5814,1895
8632,8135,859
8633,8540,8315
8634,7684,1173
8635,8514,571
8636,8619,8416
8637,8392,4198
8638,7272,3508
8639,8092,422
8640,8120,201
8641,5506,484
8642,8337,1980
8643,8089,2983
8644,8629,8161
8645,8188,1780
8646,4958,4869
8647,8598,740
8648,1628,1151
8649,214,164
8650,8606,8439
8651,5332,3930
8652,4366,1059
8653,8586,8144
8654,2891,2036
8655,8400,3923
8656,1535,1243
8657,1972,576
8658,8625,8608
8659,5015,55
8660,3475,3150
8661,2979,2802
8662,7891,4762
8663,8427,7854
8664,8381,2561
8665,2682,2429
8666,8113,1136
8667,8521,5756
8668,2095,1756
8669,8617,8172
8670,5198,729
8671,8589,8332
8672,8450,1492
8673,4390,4128
8674,5828,1779
8675,8412,2552
8676,8430,1903
8677,7888,1582
8678,8341,8130
8679,8390,52
8680,8323,1549
8681,8246,5839
8682,8642,8074
8683,3398,3308
8684,8534,1021
8685,8283,1592
8686,8132,7207
8687,8274,3262
8688,5825,1072
8689,7792,3201
8690,8389,8128
8691,5709,1005
8692,4873,4568
8693,8647,1945
8694,8669,78
8695,8636,2629
8696,8572,1671
8697,8574,2093
8698,8594,877
8699,2269,719
8700,8694,8318
8701,8627,8090
8702,1609,1558
8703,8469,3233
8704,4967,4561
8705,2636,1922
8706,8693,814
8707,5748,5585
8708,7838,145
8709,8695,5351
8710,8435,1258
8711,4902,2270
8712,8706,4955
8713,8676,474
8714,4452,4398
8715,5120,212
8716,1545,1166
8717,8241,8155
8718,8553,8468
8719,8202,2690
8720,2505,1596
8721,8191,332
8722,3560,3334
8723,8240,7899
8724,3543,1428
8725,8348,3134
8726,8304,241
8727,3881,2186
8728,8700,2799
8729,2858,1147
8730,8205,8201
8731,8440,2312
8732,8712,3839
8733,5982,886
8734,2280,1470
8735,4551,414
8736,7642,3490
8737,7961,2958
8738,4205,3135
8739,8728,8517
8740,2833,2221
8741,5714,3754
8742,8709,5414
8743,3484,2700
8744,8504,2957
8745,8644,333
8746,8615,8475
8747,342,80
8748,8573,3890
8749,8489,5673
8750,8496,8306
8751,8070,831
8752,2994,1743
8753,7712,1192
8754,5567,1227
8755,4850,4747
8756,8569,7973
8757,8742,3658
8758,8732,1468
8759,8758,8699
8760,3635,2925
8761,8518,2544
8762,3042,2539
8763,8757,8698
8764,3585,1820
8765,8170,4566
8766,8745,2515
8767,8588,3186
8768,3133,3114
8769,8536,8328
8770,8664,4931
8771,8763,3080
8772,5880,4580
8773,5730,5630
8774,8219,3037
8775,5568,4136
8776,8325,5551
8777,8681,8563
8778,5942,622
8779,8759,8739
8780,8684,2168
8781,8761,8467
8782,8460,822
8783,4772,3776
8784,8279,2413
8785,8653,8398
8786,8597,1109
8787,8671,2409
8788,4299,3620
8789,8492,2263
8790,1226,850
8791,8552,3668
8792,8555,748
8793,8781,1048
8794,2483,1916
8795,8212,7636
8796,8771,8519
8797,8055,225
8798,8091,430
8799,8305,2600
8800,8289,5094
8801,8317,8064
8802,8449,3288
8803,8516,2920
8804,7567,3701
8805,8655,8312
8806,8779,8682
8807,464,54
8808,5760,3280
8809,8688,8566
8810,8532,4334
8811,7601,3032
8812,8721,32
8813,8785,866
8814,5582,1620
8815,8361,8295
8816,2404,1901
8817,8264,4512
8818,8463,7753
8819,7822,335
8820,5765,3143
8821,8611,3703
8822,5853,5729
8823,8701,8584
8824,7897,5515
8825,3924,643
8826,8543,4206
8827,8549,5604
8828,4617,698
8829,8417,8371
8830,8183,1484
8831,8796,715
8832,8788,2941
8833,8831,1964
8834,5061,2216
8835,8458,4688
8836,5174,2241
8837,8499,1788
8838,8411,2871
8839,8833,8539
8840,7952,5653
8841,8565,3247
8842,3685,2323
8843,8557,8474
8844,4582,2524
8845,1371,459
8846,8362,3364
8847,8448,5572
8848,3889,745
8849,8494,8365
8850,4346,3556
8851,8650,7954
8852,3264,2651
8853,8806,4585
8854,8787,5161
8855,7834,5252
8856,1669,1249
8857,8630,8570
8858,2162,808
8859,5763,4592
8860,8839,8159
8861,5186,1576
8862,8813,4865
8863,4741,1298
8864,8457,3844
8865,8810,7964
8866,8658,523
8867,8766,4082
8868,5796,4780
8869,8860,1363
8870,5219,4746
8871,5805,594
8872,8478,5352
8873,4201,3804
8874,8851,8515
8875,8869,3405
8876,2658,2463
8877,8498,5208
8878,8168,5542
8879,8635,548
8880,3147,2537
8881,8862,2727
8882,8854,657
8883,8149,2953
8884,8875,8579
8885,1309,1215
8886,8298,5060
8887,3274,1762
8888,5597,2969
8889,5055,3716
8890,8548,8011
8891,8197,4453
8892,8748,8373
8893,8884,1966
8894,8568,8511
8895,5741,4694
8896,8710,5399
8897,5947,4404
8898,8799,8007
8899,1933,428
8900,8334,197
8901,8893,888
8902,8582,8311
8903,8446,4624
8904,8501,3423
8905,650,544
8906,8901,8476
8907,8236,5973
8908,8803,1752
8909,8809,1325
8910,8867,8725
8911,8531,5783
8912,8853,4974
8913,4640,1234
8914,8547,8344
8915,1823,1407
8916,8805,8287
8917,8881,8500
8918,8812,8567
8919,8656,4466
8920,5560,3903
8921,8912,2011
8922,8347,1026
8923,8746,8654
8924,5427,4724
8925,4563,2175
8926,8213,5503
8927,8247,7590
8928,8502,3747
8929,8687,5812
8930,8696,2369
8931,8405,4646
8932,8726,4447
8933,8620,81
8934,8906,839
8935,8482,1616
8936,3263,1011
8937,8639,66
8938,8866,2555
8939,8692,4331
8940,8628,8009
8941,3841,1716
8942,8079,2086
8943,8823,8429
8944,8784,5908
8945,1449,381
8946,8827,7735
8947,3850,3335
8948,8488,1785
8949,8793,8777
8950,8909,8879
8951,8934,1546
8952,8409,2439
8953,8662,8037
8954,2187,2080
8955,8792,8668
8956,8685,3582
8957,8618,8275
8958,7832,4895
8959,2533,1531
8960,3993,1003
8961,8896,8816
8962,8393,3863
8963,5529,2265
8964,8938,4556
8965,8921,8677
8966,8930,8767
8967,8874,3706
8968,2349,1854
8969,5832,3287
8970,2253,1287
8971,8750,8675
8972,7959,408
8973,8951,8672
8974,8965,8581
8975,4930,2980
8976,2935,2874
8977,5646,2271
8978,8891,8280
8979,1982,1185
8980,8892,4912
8981,5603,4908
8982,8845,8829
8983,3646,3129
8984,8263,5635
8985,8828,8592
8986,8719,2583
8987,8331,5789
8988,8505,4486
8989,8683,3446
8990,4338,1745
8991,8477,1163
8992,8686,8657
8993,8432,503
8994,8933,5684
8995,955,567
8996,2595,704
8997,3557,224
8998,8001,3476
8999,8957,8550
9000,8226,4510
9001,8974,8916
9002,4669,2693
9003,559,558
9004,8666,8269
9005,3190,76
9006,8711,1654
9007,8882,2206
9008,8964,741
9009,9008,8605
9010,8610,614
9011,8973,1477
9012,8858,1908
9013,9011,1496
9014,5189,5031
9015,985,913
9016,8702,1783
9017,8843,8713
9018,8982,2654
9019,8032,2616
9020,8918,8885
9021,8244,7925
9022,8678,801
9023,9004,8917
9024,1804,1790
9025,8963,8780
9026,5693,4635
9027,7518,2902
9028,8383,8143
9029,3458,902
9030,8217,2513
9031,8956,2318
9032,1993,1099
9033,1588,208
9034,8883,4655
9035,8431,5520
9036,9018,8753
9037,8908,1207
9038,5217,141
9039,8542,8307
9040,8708,1004
9041,3140,2948
9042,9015,9013
9043,4257,1971
9044,8737,613
9045,8704,4970
9046,1369,1280
9047,7663,5271
9048,8285,2601
9049,3121,1889
9050,8396,3700
9051,5200,1711
9052,8961,7757
9053,8910,382
9054,8530,8196
9055,3524,1759
9056,3533,708
9057,8410,4340
9058,8436,3662
9059,8276,7942
9060,8296,1672
9061,4927,1806
9062,8894,8633
9063,8268,4045
9064,9009,136
9065,9001,8835
9066,8308,5804
9067,8717,5562
9068,5490,226
9069,8971,8470
9070,9042,8632
9071,8714,8622
9072,8394,5064
9073,8718,3424
9074,8949,8847
9075,5847,5045
9076,8402,2997
9077,1907,1789
9078,8690,1540
9079,8898,3911
9080,8955,5775
9081,9053,5329
9082,5081,623
9083,9064,2155
9084,7967,1225
9085,8765,8303
9086,8859,4903
9087,8900,8801
9088,8770,8541
9089,9070,1816
9090,9089,8776
9091,147,126
9092,4871,4723
9093,8849,3077
9094,9036,1668
9095,8864,8015
9096,8641,8071
9097,8877,7890
9098,9083,8421
9099,8946,1069
9100,9090,590
9101,8078,3338
9102,7623,3679
9103,9100,2022
9104,7237,2724
9105,8865,8815
9106,8791,4396
9107,8922,8794
9108,8544,2811
9109,1420,427
9110,5167,3117
9111,8292,3266
9112,9007,8979
9113,8614,1803
9114,8351,5632
9115,9103,8903
9116,9069,8703
9117,8433,2227
9118,8724,1097
9119,8081,2851
9120,5835,1715
9121,4804,4267
9122,1352,599
9123,8804,5117
9124,5917,2932
9125,8443,3738
9126,9115,8993
9127,8697,2992
9128,8913,2083
9129,8950,777
9130,5734,1199
9131,8967,942
9132,4248,2801
9133,8994,4215
9134,8943,3956
9135,5633,309
9136,4414,1042
9137,8764,3617
9138,5034,3317
9139,9126,9085
9140,4807,4805
9141,8966,4667
9142,8782,8734
9143,8271,2605
9144,8576,305
9145,9065,8941
9146,8643,180
9147,9094,957
9148,9108,8720
9149,8904,2721
9150,8729,2426
9151,9028,1024
9152,2868,2604
9153,8551,2134
9154,8948,4603
9155,8778,1989
9156,8453,2501
9157,9074,8789
9158,8585,443
9159,4208,378
9160,8741,8616
9161,9145,8580
9162,8871,5752
9163,8872,8428
9164,2422,375
9165,9147,8587
9166,9031,8624
9167,8452,1071
9168,8612,3075
9169,5463,4755
9170,8840,4704
9171,9134,8368
9172,8414,3436
9173,7859,1539
9174,4053,228
9175,8651,5616
9176,1674,177
9177,8689,3962
9178,8802,5301
9179,9080,889
9180,9081,8506
9181,8868,2250
9182,8556,7853
9183,9139,1007
9184,9101,4687
9185,8749,8646
9186,4359,3569
9187,4196,21
9188,8730,2964
9189,8148,1805
9190,3379,102
9191,8769,1798
9192,9183,4812
9193,9131,4880
9194,2106,29
9195,3878,1520
9196,8751,2102
9197,8846,4863
9198,9079,5882
9199,9192,1639
9200,9012,1575
9201,8817,554
9202,9161,2620
9203,8992,8571
9204,8359,2976
9205,8754,8621
9206,8715,3324
9207,9199,5263
9208,9141,8762
9209,9202,825
9210,9207,1427
9211,5507,4409
9212,9210,8952
9213,9209,9024
9214,7192,2717
9215,9035,8844
9216,8486,3752
9217,9212,8837
9218,9180,9014
9219,8911,5742
9220,4809,3239
9221,8727,3493
9222,8558,640
9223,9098,8663
9224,4642,2304
9225,9213,8836
9226,9020,9006
9227,9023,8674
9228,9193,8928
9229,2642,1880
9230,9112,3415
9231,8483,4990
9232,1474,16
9233,9165,1527
9234,9025,1722
9235,9217,1938
9236,9227,5187
9237,8084,2003
9238,2449,2166
9239,9116,9052
9240,5046,324
9241,8376,2153
9242,9106,3941
9243,9235,9037
9244,123,23
9245,8561,8355
9246,9225,812
9247,8755,5213
9248,8821,8680
9249,5135,952
9250,8738,5389
9251,2190,763
9252,4528,4218
9253,9054,8623
9254,8600,1808
9255,8820,4771
9256,9133,8509
9257,9149,7975
9258,9223,4676
9259,4775,3726
9260,9171,8591
9261,2123,1318
9262,9154,546
9263,8095,2776
9264,9105,8233
9265,9127,9048
9266,8752,7958
9267,7870,4982
9268,2908,1684
9269,8472,1331
9270,8403,3512
9271,5979,649
9272,8626,4889
9273,5977,1997
9274,1817,1623
9275,8220,4909
9276,9067,8786
9277,8795,5256
9278,5713,1421
9279,1479,538
9280,9258,8976
9281,9243,8924
9282,1848,169
9283,9246,9022
9284,9218,8637
9285,9140,4773
9286,9280,5465
9287,3842,3408
9288,5996,2740
9289,9253,9099
9290,9160,9073
9291,8527,2447
9292,8987,8772
9293,7710,2460
9294,8939,8208
9295,9281,1781
9296,9236,8923
9297,9228,5362
9298,9283,3572
9299,9295,8985
9300,4463,2177
9301,4844,827
9302,9093,3636
9303,9298,9264
9304,2899,2796
9305,8811,293
9306,9129,8691
9307,4966,1929
9308,2289,1483
9309,9299,8857
9310,9226,5227
9311,9049,735
9312,8890,5522
9313,2364,1231
9314,8886,802
9315,8863,5232
9316,9200,9128
9317,9230,4894
9318,9286,8661
9319,9107,2394
9320,9188,3194
9321,9051,3521
9322,3466,3076
9323,8343,2857
9324,9233,8564
9325,4828,3454
9326,9306,702
9327,9208,8760
9328,2805,326
9329,4620,3987
9330,9309,5443
9331,8958,8596
9332,9330,3593
9333,9332,1667
9334,3327,83
9335,8451,3242
9336,8889,8723
9337,9318,5417
9338,8991,2184
9339,9234,8838
9340,9333,4841
9341,8733,2285
9342,4938,3388
9343,9303,8800
9344,4289,4202
9345,9340,8986
9346,9076,2027
9347,8905,542
9348,5087,1853
9349,9284,5089
9350,5220,925
9351,8929,3576
9352,5676,3853
9353,9148,900
9354,9058,820
9355,3341,2623
9356,9343,1078
9357,8919,8648
9358,9044,970
9359,1241,1088
9360,5095,1998
9361,9157,5335
9362,9345,1161
9363,5621,3414
9364,2901,2525
9365,4795,4745
9366,2695,2384
9367,8638,1475
9368,9362,9310
9369,8978,1695
9370,9158,8980
9371,9166,2171
9372,9260,1864
9373,8953,4152
9374,9191,8667
9375,8740,8599
9376,8861,1190
9377,9198,620
9378,5702,5642
9379,9061,8927
9380,8942,8914
9381,479,195
9382,9262,1528
9383,8464,5299
9384,8601,3328
9385,1921,764
9386,9224,5310
9387,8340,99
9388,9349,8731
9389,8744,5110
9390,9059,8145
9391,9296,9038
9392,5071,3823
9393,8195,1058
9394,9368,706
9395,9304,2299
9396,3426,2203
9397,4121,2655
9398,549,518
9399,920,700
9400,3109,2021
9401,9356,2115
9402,9005,8790
9403,5755,2410
9404,9401,9086
9405,9136,2018
9406,9000,2708
9407,1476,1065
9408,9185,9142
9409,9302,1633
9410,9290,752
9411,9270,5005
9412,9324,8915
9413,4341,2342
9414,3195,3149
9415,992,680
9416,2398,1974
9417,9026,8670
9418,9404,2479
9419,8826,3696
9420,9066,1106
9421,9394,2954
9422,1750,1637
9423,9317,3656
9424,9418,749
9425,5410,2109
9426,9071,8996
9427,1850,1578
9428,9118,1782
9429,9377,3676
9430,9040,8774
9431,216,172
9432,1797,494
9433,9421,1584
9434,9326,1829
9435,9434,8968
9436,9424,9075
9437,8997,1844
9438,9062,3845
9439,8999,8369
9440,9433,683
9441,8716,1525
9442,5641,4211
9443,3640,2950
9444,8420,3570
9445,5690,3223
9446,9361,9156
9447,9393,9297
9448,9436,8895
9449,1685,1595
9450,3368,2563
9451,1412,585
9452,9440,783
9453,8960,2900
9454,9337,9146
9455,9452,1264
9456,4307,2224
9457,8945,2931
9458,9289,8603
9459,9263,564
9460,9220,1985
9461,5269,664
9462,9203,758
9463,5573,2355
9464,9423,8609
9465,9276,2859
9466,9201,4848
9467,5249,4503
9468,4545,2475
9469,2481,1636
9470,8834,5416
9471,9219,5539
9472,9454,9371
9473,7692,3295
9474,9327,5131
9475,9446,1232
9476,6827,1360
9477,8818,8798
9478,9124,8649
9479,9447,9360
9480,9104,5273
9481,9470,5239
9482,8562,396
9483,9178,532
9484,9034,8855
9485,9455,1610
9486,9485,9078
9487,9197,8842
9488,9380,9365
9489,3848,1943
9490,8346,960
9491,8722,1294
9492,5735,2689
9493,9464,8848
9494,9017,492
9495,198,125
9496,9275,2500
9497,9257,3647
9498,9374,1012
9499,8936,8645
9500,9486,627
9501,9163,9055
9502,9196,2828
9503,9087,2322
9504,9372,9206
9505,7466,830
9506,9429,3216
9507,9448,9181
9508,3489,153
9509,9500,9430
9510,9182,3522
9511,9355,3177
9512,9320,8510
9513,9222,539
9514,9382,5093
9515,4407,4276
9516,4644,2968
9517,5866,2049
9518,8822,2612
9519,8907,887
9520,8634,4472
9521,9097,8031
9522,9265,7830
9523,8445,399
9524,8926,526
9525,2440,2293
9526,9312,113
9527,9179,660
9528,9408,9088
9529,9388,8575
9530,8352,3272
9531,9237,262
9532,9389,2972
9533,9507,1374
9534,9533,1411
9535,9249,3834
9536,9256,4552
9537,9534,9379
9538,9509,9428
9539,9426,9412
9540,9539,5513
9541,9072,1356
9542,5578,3583
9543,9047,1344
9544,9122,1564
9545,5725,2445
9546,9537,9465
9547,9113,9045
9548,9268,3421
9549,9472,4627
9550,5619,3105
9551,9376,9238
9552,9474,3637
9553,9546,3148
9554,9538,1736
9555,9347,5424
9556,9549,8830
9557,9435,8969
9558,8131,49
9559,9110,9033
9560,9553,2967
9561,9254,276
9562,9560,9248
9563,9305,1800
9564,5829,5654
9565,9311,842
9566,8954,2124
9567,4643,271
9568,9391,9016
9569,8455,2052
9570,9504,3592
9571,9239,2946
9572,9552,9527
9573,9102,9082
9574,9351,9132
9575,1307,667
9576,8937,1719
9577,9562,8783
9578,8959,2627
9579,5986,3571
9580,3265,3112
9581,9109,873
9582,3605,3552
9583,9247,193
9584,8944,8387
9585,9232,1174
9586,9170,4851
9587,9556,5339
9588,9554,4730
9589,9577,2649
9590,9300,8370
9591,9353,3607
9592,9438,709
9593,9251,1373
9594,2370,1612
9595,9292,9029
9596,4242,3713
9597,9587,2842
9598,9135,2028
9599,8880,1077
9600,766,731
9601,5370,3381
9602,9339,1148
9603,9589,4876
9604,9123,5308
9605,3267,2585
9606,9056,3912
9607,9571,9544
9608,9336,8473
9609,9588,2589
9610,9597,8856
9611,5459,3704
9612,8604,1775
9613,9609,899
9614,4595,4207
9615,9125,8775
9616,9155,744
9617,9370,345
9618,4949,320
9619,9603,9405
9620,4852,2927
9621,8560,711
9622,9488,9316
9623,9117,3330
9624,5116,2728
9625,9272,3443
9626,9493,896
9627,9592,9557
9628,8975,8577
9629,5543,4707
9630,9613,2807
9631,9479,3519
9632,9494,2609
9633,9573,581
9634,9456,1702
9635,9630,8870
9636,5544,1726
9637,9255,5924
9638,9526,9498
9639,9619,4541
9640,9540,2912
9641,9635,9516
9642,9610,9503
9643,8983,5216
9644,9267,3664
9645,5662,2076
9646,9572,9528
9647,9471,4169
9648,9639,9143
9649,3444,3271
9650,9319,5526
9651,8931,4621
9652,5992,5990
9653,2850,2024
9654,9406,9152
9655,4815,128
9656,9535,2249
9657,9121,656
9658,9641,1644
9659,8324,1197
9660,9570,631
9661,9660,5431
9662,9648,8578
9663,9420,8814
9664,1100,352
9665,9242,9240
9666,9665,469
9667,9457,4358
9668,9278,1405
9669,8962,3612
9670,9640,1981
9671,9658,5467
9672,9039,8590
9673,2290,607
9674,8902,372
9675,9662,3687
9676,9285,795
9677,9529,5640
9678,9626,2268
9679,9444,9369
9680,9484,8988
9681,1130,841
9682,8984,678
9683,8640,3478
9684,2736,2663
9685,9384,2588
9686,9119,8313
9687,9497,8920
9688,9063,2441
9689,9568,8981
9690,9675,9250
9691,9409,9150
9692,9670,4639
9693,9407,8487
9694,9671,9398
9695,8940,8797
9696,9622,845
9697,9167,8286
9698,9175,2172
9699,9273,5865
9700,9367,9216
9701,9458,9417
9702,2211,828
9703,9690,9661
9704,9050,338
9705,4987,1703
9706,9631,893
9707,9642,1278
9708,2755,811
9709,9694,5259
9710,9602,9314
9711,9459,9269
9712,9511,8465
9713,3240,3181
9714,9354,1074
9715,9003,4879
9716,9293,5638
9717,5140,4790
9718,932,183
9719,9060,4833
9720,8773,8270
9721,8990,3439
9722,9659,3249
9723,9321,8878
9724,9692,9130
9725,9709,4660
9726,8743,4494
9727,9706,9483
9728,4449,3138
9729,9689,5887
9730,9475,1538
9731,8977,8841
9732,9725,2424
9733,3467,3139
9734,9732,895
9735,9583,2893
9736,3684,819
9737,9505,9084
9738,5320,3988
9739,4567,4042
9740,9482,5959
9741,9415,9399
9742,9506,3450
9743,9466,1142
9744,9654,3749
9745,9169,3891
9746,9707,9502
9747,2820,918
9748,3116,2421
9749,9729,2723
9750,9734,1203
9751,2101,1000
9752,9730,5846
9753,9261,3008
9754,9607,3843
9755,9687,9341
9756,9637,9277
9757,4417,3498
9758,8899,3434
9759,9625,9189
9760,9750,759
9761,9698,315
9762,9002,2576
9763,9331,630
9764,9760,730
9765,9375,8537
9766,9703,5341
9767,9746,775
9768,5681,5674
9769,2952,2764
9770,8705,8384
9771,9752,5658
9772,2065,1847
9773,9764,4171
9774,2013,1080
9775,3355,3059
9776,9766,637
9777,3410,3337
9778,9754,9449
9779,9442,1915
9780,9773,511
9781,3026,2660
9782,3883,1799
9783,9767,5123
9784,9514,8807
9785,3879,3587
9786,9162,5627
9787,8525,1047
9788,9581,9357
9789,9114,2209
9790,9627,747
9791,8932,3028
9792,9749,9522
9793,2949,2538
9794,9501,2431
9795,9783,5188
9796,9646,9043
9797,9204,2037
9798,9565,9386
9799,9413,3118
9800,9678,9561
9801,5744,3344
9802,159,36
9803,9335,9177
9804,3237,3107
9805,4656,3012
9806,9569,2236
9807,282,127
9808,9796,9532
9809,9724,804
9810,9727,9437
9811,9780,1092
9812,9811,2433
9813,9667,1500
9814,9536,2389
9815,5728,356
9816,9812,5792
9817,9816,1364
9818,9030,1081
9819,4721,2939
9820,9617,8947
9821,4708,4445
9822,9809,9032
9823,9742,9221
9824,9288,9245
9825,9795,688
9826,9151,9046
9827,5758,1343
9828,9817,9315
9829,9776,1920
9830,9829,5033
9831,9677,9608
9832,5656,1286
9833,9828,2235
9834,2117,673
9835,9510,8888
9836,9373,4615
9837,5408,374
9838,9833,4516
9839,9520,9410
9840,9792,9481
9841,5745,2763
9842,9826,5819
9843,9838,792
9844,9680,2453
9845,9019,2882
9846,9215,1807
9847,9701,5774
9848,6691,4491
9849,9778,9153
9850,9843,670
9851,9850,9638
9852,295,69
9853,1727,330
9854,9650,2490
9855,9830,4636
9856,9585,619
9857,3973,3551
9858,9643,4748
9859,9855,9653
9860,9663,2569
9861,9616,1918
9862,9723,9021
9863,9859,1822
9864,9144,1440
9865,9863,724
9866,9771,1541
9867,9790,9525
9868,9825,851
9869,5574,1495
9870,9822,9774
9871,9390,8897
9872,9800,9747
9873,9865,9849
9874,9591,1570
9875,9259,2830
9876,9478,2904
9877,9346,4770
9878,9576,9558
9879,9873,9798
9880,4991,2631
9881,2770,1958
9882,3906,3584
9883,9563,8756
9884,9716,9672
9885,9491,5295
9886,9559,3096
9887,9770,9195
9888,9666,4102
9889,9810,679
9890,8736,5923
9891,9851,2200
9892,9392,4161
9893,9866,9594
9894,3157,1760
9895,9595,757
9896,355,173
9897,9467,9462
9898,9868,8679
9899,4523,3589
9900,9879,5997
9901,9814,9755
9902,9891,9867
9903,8970,2809
9904,8935,4386
9905,9551,1336
9906,4357,4109
9907,9889,9676
9908,9870,2884
9909,9092,1387
9910,5051,806
9911,4684,3535
9912,9704,9190
9913,2684,2578
9914,1289,1055
9915,9872,1724
9916,9784,5667
9917,2779,1744
9918,9840,9513
9919,9402,721
9920,9900,9893
9921,9787,8707
9922,9524,2664
9923,3358,2154
9924,4564,3250
9925,9721,2734
9926,9205,188
9927,5396,3523
9928,9844,1268
9929,9492,9241
9930,9915,9861
9931,9547,4645
9932,9847,4144
9933,2055,1169
9934,9487,1931
9935,9469,2540
9936,9385,1053
9937,1038,760
9938,9831,8673
9939,9794,9606
9940,9693,9334
9941,9803,9710
9942,9823,9531
9943,9512,2451
9944,9781,3363
9945,2966,818
9946,9425,826
9947,9916,9422
9948,9586,4791
9949,9599,9041
9950,4760,2239
9951,9699,9615
9952,9836,9682
9953,9378,926
9954,9266,5611
9955,9427,3156
9956,9763,4176
9957,8852,4527
9958,9463,2435
9959,2984,1663
9960,9688,816
9961,432,163
9962,9902,9874
9963,5536,976
9964,2484,26
9965,9962,2358
9966,5668,2000
9967,2201,1102
9968,9628,1874
9969,9965,2373
9970,9856,9439
9971,8497,7725
9972,9908,5966
9973,9897,9808
9974,9358,3253
9975,4971,2744
9976,4885,4629
9977,9898,1975
9978,9977,969
9979,9323,3916
9980,4808,727
9981,9938,3315
9982,9905,9696
9983,3482,3349
9984,9632,9460
9985,9920,5380
9986,9895,5643
9987,1031,937
9988,2277,1110
9989,9172,3486
9990,9674,1488
9991,8659,1680
9992,9985,9186
9993,9981,5841
9994,9731,9691
9995,9969,520
9996,8825,1664
9997,9881,5247
9998,9584,9496
9999,9992,2791
10000,5557,4311
10001,5588,3089
10002,9972,9541
10003,9904,9515
10004,9743,5484
10005,9582,9194
10006,9791,9711
10007,8876,1303
10008,1240,456
10009,9999,9350
10010,9679,4823
10011,10009,914
10012,9978,9818
10013,9786,9634
10014,5314,3867
10015,10011,9229
10016,5556,5021
10017,1935,1485
10018,10015,867
10019,9411,4999
10020,9970,9575
10021,9530,3175
10022,9745,4096
10023,9476,8349
10024,3304,364
10025,4849,3933
10026,3979,3939
10027,9741,882
10028,4626,1326
10029,9673,4405
10030,9618,45
10031,9995,1899
10032,9934,9932
10033,9907,1555
10034,10018,4732
10035,9918,9789
10036,10035,5786
10037,10031,9719
10038,9655,9328
10039,9738,5457
10040,8832,7462
10041,9279,615
10042,9759,1554
10043,1198,140
10044,9839,9519
10045,9929,561
10046,5736,3245
10047,10037,905
10048,1448,1235
10049,9489,844
10050,9664,9555
10051,9184,4431
10052,2730,773
10053,5250,2113
10054,9329,2334
10055,10047,4765
10056,5485,4048
10057,9993,4309
10058,9647,5705
10059,3786,2772
10060,3934,1621
10061,9027,8989
10062,9943,9566
10063,10034,3302
10064,9827,8652
10065,912,595
10066,10002,699
10067,9930,1871
10068,2122,162
10069,9947,9499
10070,10033,2579
10071,10063,1699
10072,9545,2014
10073,3980,533
10074,3430,1717
10075,9824,9683
10076,10012,2333
10077,5142,90
10078,9841,5255
10079,9954,9684
10080,9877,9395
10081,3861,1330
10082,9936,3534
10083,927,922
10084,9624,9543
10085,4859,2012
10086,4046,703
10087,10055,9986
10088,10057,2875
10089,10066,1884
10090,5615,2002
10091,9748,1956
10092,10004,9307
10093,10036,2840
10094,4786,4506
10095,2482,881
10096,4806,603
10097,4546,3362
10098,9785,9490
10099,9928,9656
10100,10087,994
10101,9883,3627
10102,9342,4942
10103,10071,9956
10104,9313,8068
10105,9414,8173
10106,3320,997
10107,10077,9294
10108,9338,4024
10109,9120,1270
10110,9973,3748
10111,10020,9820
10112,5570,2817
10113,10103,1547
10114,9737,3465
10115,2400,2194
10116,4465,4322
10117,10113,1200
10118,10100,3609
10119,5840,3520
10120,9714,3145
10121,9951,9857
10122,10054,9942
10123,10117,4963
10124,9979,9649
10125,10123,9756
10126,9858,9137
10127,8850,5184
10128,4998,485
10129,10089,9681
10130,10118,1245
10131,10076,884
10132,9952,9901
10133,9542,9010
10134,9579,3352
10135,9974,9885
10136,9834,9715
10137,9998,1550
10138,10125,1482
10139,10093,10050
10140,7997,1153
10141,3040,486
10142,9477,2956
10143,10070,9739
10144,10067,9982
10145,10139,608
10146,4886,1712
10147,10138,666
10148,9612,1718
10149,10131,9686
10150,9788,9740
10151,2804,2230
10152,10147,965
10153,9702,907
10154,4605,2624
10155,10152,5550
10156,10044,5672
10157,9636,1593
10158,2198,1341
10159,8613,3282
10160,10155,4381
10161,10129,1001
10162,9931,934
10163,10130,2427
10164,2038,560
10165,9352,648
10166,10163,2971
10167,10088,1196
10168,10166,829
10169,10160,10145
10170,10143,1999
10171,10149,707
10172,5088,3595
10173,9564,9451
10174,9912,9567
10175,9387,3176
10176,3106,362
10177,9600,767
10178,9096,8554
10179,10168,2808
10180,9574,1653
10181,9291,4609
10182,10179,9853
10183,10042,9578
10184,10171,1688
10185,10182,9695
10186,10003,9871
10187,9518,431
10188,9860,4557
10189,5476,1996
10190,10027,9806
10191,10184,4619
10192,9939,5989
10193,9700,908
10194,10167,2725
10195,3603,340
10196,10110,9953
10197,8481,5837
10198,9728,9057
10199,10122,5139
10200,2402,1277
10201,9419,1962
10202,4290,2873
10203,10052,9651
10204,9765,3188
10205,4459,4328
10206,9633,4842
10207,9231,105
10208,1849,85
10209,9620,9461
10210,10196,10161
10211,9091,3968
10212,10185,875
10213,9903,9892
10214,10058,9926
10215,9948,2870
10216,2053,1954
10217,9735,1738
10218,2173,1089
10219,2288,645
10220,9287,1723
10221,8824,2713
10222,9668,813
10223,9657,2179
10224,3142,2196
10225,9697,9685
10226,9645,4819
10227,9593,2834
10228,10212,10144
10229,9301,2553
10230,9550,5204
10231,9925,3893
10232,10170,10039
10233,9601,799
10234,9888,8972
10235,9799,1514
10236,10156,2212
10237,9590,1205
10238,10204,8925
10239,9744,2674
10240,9984,4637
10241,10169,2735
10242,10241,2999
10243,9762,2703
10244,9604,4864
10245,9968,4084
10246,9919,2951
10247,10242,1765
10248,4993,2267
10249,10247,2100
10250,5984,2305
10251,3758,3053
10252,10249,10230
10253,10192,5914
10254,10252,5150
10255,9797,1618
10256,5732,2913
10257,9517,5581
10258,10135,3888
10259,8735,967
10260,9779,2397
10261,9864,1583
10262,10232,10082
10263,9138,35
10264,10215,9344
10265,9416,5935
10266,10096,9909
10267,9878,1597
10268,10236,10180
10269,10254,9997
10270,9960,174
10271,9431,3
10272,10013,2428
10273,9802,8819
10274,10191,487
10275,10274,5497
10276,10275,10158
10277,10269,9846
10278,9845,2915
10279,2261,1882
10280,10188,9910
10281,10199,10181
10282,10245,5282
10283,10272,1640
10284,9990,1178
10285,5687,417
10286,10228,3690
10287,10277,769
10288,10023,447
10289,9854,9508
10290,9383,3092
10291,9994,2715
10292,9884,9252
10293,9875,522
10294,10287,5236
10295,10286,894
10296,10262,10240
10297,10281,9480
10298,9882,9403
10299,10239,9887
10300,10294,2119
10301,10030,4304
10302,10040,8665
10303,10295,2161
10304,10300,1273
10305,9705,2762
10306,10231,10201
10307,9441,5521
10308,10183,2924
10309,10132,10078
10310,3422,2919
10311,10121,1300
10312,5433,2377
10313,10303,1490
10314,9614,4916
10315,7811,265
10316,10029,9753
10317,483,301
10318,9941,552
10319,10313,10025
10320,10045,1112
10321,1260,618
10322,10304,10101
10323,2571,537
10324,10264,1751
10325,9894,264
10326,2653,1465
10327,9876,9308
10328,5605,2381
10329,4356,2407
10330,10280,10010
10331,4888,3938
10332,10258,5344
10333,10022,4028
10334,10289,10092
10335,9164,2316
10336,10322,10210
10337,3371,823
10338,5816,2283
10339,10111,9813
10340,10292,2359
10341,10319,514
10342,10174,9095
10343,10137,9733
10344,10060,1509
10345,3207,3144
10346,10321,10190
10347,9768,9761
10348,9473,3445
10349,10341,9958
10350,9214,1948
10351,10276,1015
10352,9348,2704
10353,4193,2575
10354,10217,10177
10355,9159,5987
10356,10349,868
10357,10098,9921
10358,10153,10099
10359,10007,5215
10360,4662,2089
10361,10290,9980
10362,1902,5
10363,10356,531
10364,10336,857
10365,2325,2225
10366,4740,4532
10367,10363,9842
10368,10364,10209
10369,10291,2292
10370,10206,2839
10371,10255,2748
10372,9837,2838
10373,10284,4502
10374,9782,1629
10375,10120,4948
10376,10261,1063
10377,3784,1404
10378,2959,2940
10379,10148,10079
10380,8386,27
10381,472,206
10382,2591,394
10383,4989,3013
10384,10305,10041
10385,10318,3507
10386,10069,1801
10387,10194,4363
10388,9989,4722
10389,9949,3420
10390,10367,5102
10391,9777,3411
10392,10105,9726
10393,10390,9718
10394,9548,1284
10395,4460,4209
10396,10387,10133
10397,10307,4956
10398,9819,2648
10399,10393,10187
10400,10108,1767
10401,10368,634
10402,9835,9468
10403,10028,4515
10404,10000,5704
10405,5682,1335
10406,2617,1143
10407,10351,10193
10408,10385,10346
10409,9111,2382
10410,3503,646
10411,5639,1397
10412,10399,903
10413,2448,999
10414,1732,1731
10415,9940,2442
10416,10061,9971
10417,10412,509
10418,2987,2814
10419,2159,855
10420,10203,671
10421,9623,4579
10422,10417,9987
10423,10374,10017
10424,10401,5382
10425,10072,5891
10426,10386,10128
10427,10424,3564
10428,384,19
10429,10283,10227
10430,10090,4164
10431,1043,515
10432,10186,2062
10433,1261,1176
10434,10309,4501
10435,9923,2205
10436,10407,10358
10437,10299,9644
10438,2001,713
10439,10150,9621
10440,10422,3513
10441,9722,1506
10442,4713,4680
10443,10142,9886
10444,10320,5707
10445,10440,10073
10446,10373,10095
10447,10427,10157
10448,10214,9211
10449,10102,4810
10450,10447,10091
10451,2586,2498
10452,10308,3553
10453,9173,1444
10454,8887,5892
10455,10396,9274
10456,10434,2784
10457,10327,9325
10458,10445,557
10459,10251,684
10460,10109,2016
10461,10244,1987
10462,10458,1208
10463,10340,5951
10464,10270,3065
10465,863,675
10466,10107,10032
10467,10450,9988
10468,1491,1486
10469,2865,2562
10470,10310,3343
10471,311,244
10472,10301,131
10473,10282,3200
10474,10462,10436
10475,10342,9521
10476,10400,10357
10477,10311,10233
10478,8158,2982
10479,10467,3975
10480,9396,4596
10481,4052,2696
10482,9922,945
10483,10455,10268
10484,9187,3113
10485,10127,653
10486,5073,3001
10487,120,100
10488,10420,10297
10489,10456,9772
10490,10369,9758
10491,10021,9946
10492,10352,9966
10493,10479,2257
10494,10493,3565
10495,10296,2630
10496,9848,9282
10497,10065,4900
10498,10273,9068
10499,10494,5552
10500,2831,2468
10501,10426,10051
10502,8189,329
10503,10446,2491
10504,10495,931
10505,10237,1978
10506,10339,4661
10507,5223,3790
10508,580,536
10509,10397,3870
10510,9862,1893
10511,10444,9935
10512,10314,10116
10513,10008,2813
10514,10499,810
10515,5307,4195
10516,10259,4817
10517,5337,1836
10518,10496,250
10519,10080,10075
10520,3807,1683
10521,10514,1469
10522,2067,1524
10523,10220,2396
10524,9450,2765
10525,10246,9629
10526,9937,1887
10527,10466,10223
10528,10159,9769
10529,9976,2937
10530,2048,958
10531,2229,1988
10532,9945,9821
10533,2824,2769
10534,10333,1254
10535,10038,638
10536,9751,3333
10537,8998,1627
10538,3326,2399
10539,10521,2981
10540,10243,9598
10541,10205,4229
10542,10350,289
10543,10474,10370
10544,9364,2862
10545,10539,974
10546,10371,10253
10547,3997,1553
10548,10506,10006
10549,5952,2063
10550,9815,3451
10551,391,323
10552,9453,1139
10553,10452,2262
10554,9890,3199
10555,2741,573
10556,5111,521
10557,10545,10429
10558,10557,10375
10559,10260,10222
10560,9793,3737
10561,9736,5659
10562,10558,1770
10563,2004,1248
10564,10175,5179
10565,10510,10126
10566,3604,834
10567,771,284
10568,10151,10062
10569,1873,1271
10570,10463,3608
10571,10504,551
10572,10267,2697
10573,10302,3528
10574,10430,5932
10575,1896,1713
10576,3485,919
10577,10536,4287
10578,9757,1049
10579,9950,2737
10580,1501,445
10581,10176,4348
10582,5978,1659
10583,10218,3491
10584,1909,1632
10585,10202,2128
10586,10402,4862
10587,10104,1673
10588,10553,2025
10589,10571,10562
10590,5221,3688
10591,10478,8660
10592,10112,5519
10593,10343,9168
10594,3301,1846
10595,10527,4526
10596,10389,10316
10597,10265,1753
10598,10511,9933
10599,10162,10136
10600,9917,1687
10601,10173,5334
10602,10278,4249
10603,10410,10094
10604,10461,1228
10605,10482,2614
10606,10097,1725
10607,10532,723
10608,5610,647
10609,10332,636
10610,9914,9801
10611,10306,3809
10612,10548,10543
10613,4633,2545
10614,10381,230
10615,10288,4648
10616,2777,737
10617,10414,4247
10618,10490,10425
10619,1733,1124
10620,10271,366
10621,10225,9322
10622,1977,1392
10623,9967,9717
10624,10589,1861
10625,10570,10441
10626,5593,3284
10627,10211,9959
10628,10624,964
10629,4995,2242
10630,10213,3545
10631,9955,3957
10632,10628,3793
10633,10408,10359
10634,10178,221
10635,3166,3005
10636,10442,10415
10637,7791,3546
10638,2914,1057
10639,10064,4981
10640,10489,4522
10641,10256,1526
10642,10612,478
10643,4240,2650
10644,9804,3031
10645,10636,10501
10646,10632,10485
10647,10488,617
10648,3714,3390
10649,10165,798
10650,8995,2140
10651,10443,1843
10652,5381,1406
10653,5926,3733
10654,9495,488
10655,10086,2568
10656,10525,10421
10657,10379,10250
10658,10483,10432
10659,10601,10263
10660,10646,10298
10661,10640,10476
10662,10605,898
10663,9669,3857
10664,10630,10334
10665,10119,9899
10666,4559,2499
10667,10642,1135
10668,10546,1970
10669,10507,10019
10670,10229,2790
10671,10660,2855
10672,10671,9605
10673,9963,1157
10674,10540,10154
10675,10464,869
10676,10541,5901
10677,10074,2437
10678,10667,10486
10679,9924,9432
10680,10572,10005
10681,10481,9775
10682,10114,9580
10683,10085,1462
10684,10460,10326
10685,5044,625
10686,3281,1121
10687,10568,10542
10688,1105,689
10689,9911,4822
10690,10604,5406
10691,2330,2217
10692,2675,2208
10693,9523,3766
10694,9805,4428
10695,5795,3833
10696,10219,4853
10697,10657,10598
10698,10672,10423
10699,10335,2618
10700,10678,10354
10701,10595,10497
10702,10698,1960
10703,10588,10505
10704,5766,5030
10705,9397,385
10706,2916,1650
10707,10449,10338
10708,10234,10198
10709,3840,404
10710,10448,2272
10711,10700,809
10712,10586,5650
10713,10416,3453
10714,10465,9880
10715,10711,786
10716,10647,10376
10717,10508,10323
10718,10457,3463
10719,2869,1255
10720,4868,3693
10721,10702,10317
10722,10721,1900
10723,10221,9359
10724,10473,9596
10725,3477,3124
10726,10633,2754
10727,5831,2975
10728,9712,9174
10729,10602,10516
10730,10569,9720
10731,10599,10573
10732,10722,10049
10733,10658,10534
10734,2336,2121
10735,9176,1533
10736,10668,9983
10737,10533,10141
10738,359,235
10739,4550,1443
10740,2622,1458
10741,10566,3577
10742,10732,1138
10743,10437,2977
10744,10715,951
10745,10388,4799
10746,10535,10451
10747,5946,1036
10748,10537,4980
10749,5885,5620
10750,10742,10509
10751,10238,2274
10752,10477,3677
10753,5798,5532
10754,2598,1447
10755,10618,1517
10756,4153,2520
10757,4232,3927
10758,10438,10384
10759,10115,4649
10760,4145,3673
10761,10750,10189
10762,10480,5791
10763,10664,4401
10764,10761,10752
10765,10755,10582
10766,3732,575
10767,10279,2043
10768,10581,10084
10769,10733,5993
10770,2659,1534
10771,10565,2092
10772,10764,1332
10773,10726,10411
10774,4742,519
10775,10634,82
10776,4652,4562
10777,2320,1162
10778,10772,10736
10779,10235,4832
10780,2892,1937
10781,10404,4162
10782,1930,1512
10783,10419,720
10784,5962,4071
10785,2307,2275
10786,10134,2639
10787,10773,10740
10788,10744,2556
10789,10593,10330
10790,10418,3864
10791,10690,10616
10792,885,597
10793,10716,939
10794,959,956
10795,10778,5496
10796,10615,10503
10797,10769,10710
10798,10344,5177
10799,10682,10524
10800,10708,10689
10801,10257,4265
10802,3152,3060
10803,10731,10575
10804,10701,4665
10805,10512,4593
10806,10645,10610
10807,3473,349
10808,10587,10001
10809,10248,10164
10810,4855,1662
10811,10810,482
10812,3866,971
10813,10788,642
10814,10226,10053
10815,10813,2506
10816,4750,4281
10817,10795,5462
10818,10597,10347
10819,9807,9381
10820,10817,633
10821,10666,3461
10822,10820,10661
10823,10745,9957
10824,4753,2135
10825,9445,8607
10826,10625,9366
10827,10705,8747
10828,3097,1172
10829,2531,1949
10830,10680,9077
10831,10459,4518
10832,10804,10759
10833,10832,3969
10834,5898,4653
10835,10656,981
10836,10815,10718
10837,10822,10544
10838,10836,5157
10839,10838,591
10840,1045,455
10841,10787,10403
10842,10763,948
10843,10585,1432
10844,4698,1171
10845,10398,1246
10846,10579,4222
10847,10837,2795
10848,10847,10706
10849,10839,10556
10850,10848,10492
10851,10140,4685
10852,10762,3120
10853,4569,1940
10854,10491,8768
10855,10651,4925
10856,10849,5355
10857,10637,9443
10858,10552,2549
10859,10850,10324
10860,3370,3091
10861,3518,2026
10862,2341,2151
10863,2794,1879
10864,10798,10519
10865,10751,10024
10866,10361,5772
10867,10146,2548
10868,10859,5486
10869,10765,10435
10870,10868,1812
10871,10870,3757
10872,10484,3623
10873,10639,2005
10874,10743,10560
10875,10855,10216
10876,10871,2195
10877,10876,10665
10878,10695,10366
10879,10818,2887
10880,2158,14
10881,10777,574
10882,10523,3901
10883,10877,530
10884,10856,10224
10885,10378,9611
10886,10883,5312
10887,10730,10059
10888,10886,2667
10889,10439,5481
10890,10266,2073
10891,10623,8631
10892,10577,4456
10893,10703,10475
10894,10522,9964
10895,10584,2822
10896,10559,4711
10897,10713,10561
10898,10468,946
10899,10833,4227
10900,10394,1866
10901,5498,2845
10902,3072,154
10903,10720,10391
10904,10864,9913
10905,10888,10431
10906,10905,854
10907,10906,10609
10908,9244,2528
10909,10607,10293
10910,10796,1056
10911,10649,921
10912,10884,652
10913,2797,98
10914,10912,853
10915,10707,10675
10916,968,681
10917,10771,609
10918,10907,2452
10919,10918,10694
10920,10904,10841
10921,2066,738
10922,10809,10697
10923,10526,2521
10924,2471,998
10925,10619,5207
10926,10195,181
10927,10914,10794
10928,10927,10844
10929,10897,10026
10930,4554,1865
10931,10673,10574
10932,10594,3915
10933,10348,10014
10934,10928,535
10935,10046,2793
10936,10677,10513
10937,10869,5998
10938,10910,10207
10939,10863,10717
10940,10879,10662
10941,10784,1202
10942,10934,3798
10943,9991,65
10944,10655,9363
10945,10793,4521
10946,10538,10377
10947,10699,10674
10948,10835,10413
10949,10889,10687
10950,10942,4714
10951,10875,10806
10952,10627,3558
10953,10549,2281
10954,10899,10353
10955,4872,4374
10956,10840,10453
10957,10919,10603
10958,10957,10774
10959,2519,1252
10960,4296,1828
10961,10580,242
10962,182,11
10963,10958,2610
10964,10950,1947
10965,10964,10502
10966,10954,10776
10967,5079,2560
10968,3789,2698
10969,10963,10789
10970,10638,10629
10971,5287,5113
10972,10758,4920
10973,10124,1630
10974,5509,1419
10975,10409,4782
10976,10969,10547
10977,10867,780
10978,9708,1851
10979,10965,697
10980,10652,10621
10981,10372,2132
10982,10684,10578
10983,10530,2603
10984,10979,10555
10985,10679,2350
10986,10729,10659
10987,10976,817
10988,10893,10528
10989,10984,10739
10990,10800,4446
10991,5264,2526
10992,10600,1771
10993,10989,5193
10994,10993,10972
10995,10945,10799
10996,10923,5137
10997,10987,9961
10998,10997,2114
10999,10998,10641
11000,10880,4064
11001,10802,5338
11002,10797,5879
11003,11002,10454
11004,10924,1905
11005,10469,696
11006,10860,4892
11007,10626,2246
11008,10994,10920
11009,10922,1259
11010,10816,774
11011,10966,10805
11012,10866,10328
11013,10520,3660
11014,5454,4776
11015,10999,1910
11016,10312,2347
11017,4944,1992
11018,10896,5160
11019,11015,5436
11020,11019,1212
11021,10380,158
11022,11020,10944
11023,10596,1401
11024,10670,2692
11025,10874,10564
11026,11022,1608
11027,11026,11014
11028,10741,10563
11029,10315,10208
11030,11027,10583
11031,10631,5048
11032,11030,10941
11033,11032,11018
11034,10937,5251
11035,3241,2178
11036,11033,883
11037,9996,4774
11038,10779,890
11039,9975,3174
11040,3641,1399
11041,2731,40
11042,11036,3027
11043,10851,4223
11044,11042,2419
11045,10754,10747
11046,2291,911
11047,11008,807
11048,11044,1416
11049,2783,463
11050,11048,5326
11051,10685,4824
11052,5510,4555
11053,11047,9944
11054,11050,11034
11055,10643,5549
11056,4953,294
11057,4598,3159
11058,11053,1604
11059,11058,1792
11060,11003,4860
11061,10825,1773
11062,10786,4505
11063,10980,10746
11064,5152,3416
11065,10728,10648
11066,11059,10916
11067,10472,2647
11068,9906,3559
11069,10898,1791
11070,5737,3741
11071,10842,10749
11072,11071,5206
11073,10892,471
11074,3034,2786
11075,10790,3537
11076,11054,5761
11077,5086,4937
11078,10970,10719
11079,10487,405
11080,10938,10692
11081,10803,10622
11082,11066,3830
11083,11082,693
11084,11083,2803
11085,11084,5451
11086,10617,4861
11087,10433,4538
11088,10967,2611
11089,11060,10554
11090,11076,10852
11091,1010,222
11092,10329,2031
11093,10988,3455
11094,10933,10760
11095,10939,10727
11096,11073,11005
11097,11089,11011
11098,11085,10943
11099,10995,10865
11100,10930,2747
11101,1366,1262
11102,10935,10915
11103,11090,10932
11104,2963,2768
11105,11103,11078
11106,1911,1290
11107,10931,1867
11108,11009,10843
11109,10951,10748
11110,11105,4690
11111,2775,1755
11112,10826,10613
11113,11098,961
11114,5950,897
11115,11039,5122
11116,11110,682
11117,11116,11108
11118,4800,2492
11119,5579,1413
11120,11113,663
11121,11037,4837
11122,10814,10200
11123,10986,10917
11124,10792,4918
11125,3644,1383
11126,11120,3525
11127,3406,840
11128,11117,2574
11129,11038,10853
11130,11128,616
11131,10903,3412
11132,10428,379
11133,11130,1837
11134,11126,570
11135,10812,10337
11136,10611,5191
11137,11029,10830
11138,5159,4788
11139,5347,1086
11140,10808,10500
11141,11134,10977
11142,10780,2029
11143,725,641
11144,10949,10068
11145,11141,10952
11146,10948,10654
11147,9400,726
11148,11133,10911
11149,11148,1467
11150,10908,388
11151,1944,1276
11152,11149,2502
11153,10172,10081
11154,11138,11063
11155,10362,10325
11156,10709,458
11157,2918,1025
11158,11145,11069
11159,11152,835
11160,11159,5025
11161,10724,3000
11162,10926,10083
11163,10990,10653
11164,11163,3723
11165,11109,10947
11166,11160,11081
11167,5178,4831
11168,10807,5999
11169,5101,2846
11170,11158,583
11171,11170,3815
11172,11171,2554
11173,1730,245
11174,10712,3563
11175,10854,10781
11176,10365,4978
11177,4068,48
11178,11166,832
11179,9869,1301
11180,2473,2182
11181,11012,3886
11182,11178,2238
11183,11182,11010
11184,11095,10991
11185,11102,3772
11186,4132,1794
11187,10550,2558
11188,11080,2392
11189,11172,10982
11190,11183,1090
11191,11190,1293
11192,11191,11112
11193,10048,5649
11194,10714,10470
11195,10929,10669
11196,10985,10858
11197,10392,1720
11198,11189,11143
11199,11056,4838
11200,10885,10770
11201,2974,1990
11202,11198,369
11203,10801,10737
11204,11065,11023
11205,11192,996
11206,11205,10887
11207,10925,600
11208,5080,2059
11209,11202,2474
11210,11209,891
11211,11210,3946
11212,10981,57
11213,10909,10831
11214,11206,11122
11215,5953,5293
11216,11214,10845
11217,11216,4821
11218,11146,3573
11219,11004,2532
11220,11211,2401
11221,11220,11088
11222,11217,11184
11223,11087,10894
11224,11072,5346
11225,11221,11046
11226,11225,11140
11227,10828,2903
11228,10956,9832
11229,11093,4913
11230,3965,3219
11231,11187,2672
11232,11222,10056
11233,11232,10882
11234,11144,10940
11235,10735,2434
11236,11226,2425
11237,11025,10498
11238,10936,512
11239,5108,3268
11240,10992,10891
11241,10644,4520
11242,10688,1617
11243,11204,11131
11244,10517,2766
11245,11185,753
11246,11236,674
11247,11186,10834
11248,10382,5768
11249,11233,11207
11250,11062,3990
11251,11154,10890
11252,11246,11096
11253,11249,568
11254,11253,5225
11255,10983,676
11256,11123,10873
11257,10861,10783
11258,11203,11197
11259,4820,3541
11260,2365,755
11261,11031,10531
11262,10696,9652
11263,10791,10591
11264,10693,4415
11265,11017,10406
11266,11254,11075
11267,11099,10973
11268,10775,10518
11269,11165,10895
11270,11266,1418
11271,3045,1769
11272,11252,910
11273,11272,10996
11274,10691,5328
11275,10913,290
11276,2774,421
11277,11267,10331
11278,11270,569
11279,11278,5228
11280,11279,10345
11281,11273,794
11282,11281,11000
11283,5530,4081
11284,10823,9713
11285,10738,116
11286,11280,11255
11287,11188,10704
11288,10872,4469
11289,11282,695
11290,11289,4672
11291,11286,11181
11292,11086,4027
11293,11291,11194
11294,5871,4610
11295,10827,10043
11296,1223,1165
11297,3567,611
11298,10756,10016
11299,11224,5038
11300,11299,10723
11301,4478,3872
11302,11290,2418
11303,2719,489
11304,11061,2581
11305,10978,654
11306,11277,566
11307,11304,11234
11308,11119,11067
11309,11293,11219
11310,11051,11028
11311,11245,5017
11312,11302,582
11313,11312,5035
11314,10767,797
11315,11313,2756
11316,10975,10734
11317,11315,1140
11318,5231,4312
11319,11136,11097
11320,11317,733
11321,2054,239
11322,11006,3217
11323,10881,4702
11324,11320,2619
11325,3167,3163
11326,11147,11137
11327,437,50
11328,11309,10782
11329,11243,556
11330,11328,11107
11331,4631,2986
11332,11330,505
11333,11135,10608
11334,11306,11218
11335,11324,1027
11336,10829,3516
11337,11332,732
11338,5309,4827
11339,11024,10846
11340,10383,1518
11341,11229,10725
11342,10959,4854
11343,11337,10824
11344,11343,11287
11345,11256,11150
11346,11118,852
11347,11335,11331
11348,11347,11045
11349,11348,11260
11350,10900,2592
11351,11319,2415
11352,2444,516
11353,10768,2351
11354,11308,2527
11355,11351,11161
11356,10753,10197
11357,10681,3214
11358,2843,2666
11359,10686,3796
11360,11264,11016
11361,11344,0
11362,11361,2732
11363,11362,4589
11364,11363,11223
11365,11235,1573
11366,11349,612
11367,11366,756
11368,10355,2789
11369,11364,2517
11370,11311,11269
11371,4255,3597
11372,11052,687
11373,11369,861
11374,11074,5483
11375,11367,543
11376,11375,2362
11377,11376,11307
11378,10285,2718
11379,11240,10961
11380,11001,1635
11381,11345,11169
11382,10360,1103
11383,3800,2645
11384,11373,5371
11385,4575,847
11386,11338,11175
11387,11342,10529
11388,11384,11370
11389,11238,2315
11390,11274,11049
11391,5003,947
11392,11388,11354
11393,11237,1961
11394,11129,1652
11395,11298,10590
11396,11377,5505
11397,10811,10395
11398,5726,950
11399,5628,4547
11400,11213,11013
11401,577,507
11402,11091,2876
11403,10471,2934
11404,11392,1754
11405,11353,4303
11406,11283,1565
11407,5694,376
11408,11396,2058
11409,11408,5183
11410,11329,5781
11411,11389,11127
11412,10921,2356
11413,11393,11295
11414,11404,5897
11415,2998,2607
11416,3678,3401
11417,11381,3816
11418,11334,10766
11419,11414,644
11420,11174,3111
11421,5458,3425
11422,10819,1480
11423,11355,5394
11424,11423,4975
11425,11383,11201
11426,11419,5784
11427,4946,3724
11428,2815,2518
11429,11300,2694
11430,11418,11378
11431,3838,3739
11432,11409,1696
11433,11167,1438
11434,11179,4758
11435,11426,11262
11436,11435,4787
11437,11436,770
11438,10857,3680
11439,11432,833
11440,11439,11157
11441,11440,11390
11442,3935,2670
11443,11413,10606
11444,11231,10953
11445,11162,5409
11446,11424,11374
11447,11164,5393
11448,11437,5614
11449,11448,4884
11450,11449,11365
11451,11416,10821
11452,11193,60
11453,11310,4847
11454,4234,1256
11455,11341,11259
11456,11064,3760
11457,11450,11394
11458,11441,11379
11459,11228,5040
11460,11244,11241
11461,11357,3066
11462,11457,3566
11463,11196,9271
11464,11462,3252
11465,3321,2137
11466,11200,10592
11467,10650,1158
11468,11180,2180
11469,1858,1377
11470,11464,3568
11471,11258,4921
11472,11380,2733
11473,11208,11115
11474,2894,2668
11475,11470,11106
11476,11346,10946
11477,11458,1070
11478,11268,18
11479,11292,11251
11480,11316,5084
11481,11475,787
11482,10663,3720
11483,11481,1179
11484,11446,11195
11485,1888,525
11486,11483,11411
11487,2898,2722
11488,11410,11155
11489,11325,9852
11490,11477,10551
11491,11356,2922
11492,10960,3586
11493,10955,3614
11494,11486,632
11495,11142,665
11496,4962,4951
11497,11490,1574
11498,11497,1764
11499,11498,11429
11500,11265,2710
11501,11494,11284
11502,11114,2944
11503,11473,11263
11504,11501,2284
11505,4719,2749
11506,11430,5842
11507,11506,10902
11508,11333,788
11509,11499,11257
11510,11227,4129
11511,11509,11296
11512,11230,3119
11513,11092,1809
11514,11447,10106
11515,3783,980
11516,1229,661
11517,11420,11070
11518,11350,1813
11519,11275,5460
11520,10405,5940
11521,11250,1906
11522,11504,11132
11523,11100,11041
11524,10620,10614
11525,11522,986
11526,10878,2321
11527,11525,3357
11528,11212,10901
11529,11527,555
11530,11057,3353
11531,11511,11303
11532,11055,1705
11533,1946,1487
11534,11529,11405
11535,10974,5119
11536,11455,11323
11537,11358,2041
11538,4306,2596
11539,11534,1288
11540,11539,11386
11541,11500,11124
11542,11479,2890
11543,11484,3955
11544,11540,11407
11545,11288,11151
11546,11531,11372
11547,11546,11495
11548,11454,3468
11549,11547,11492
11550,5967,978
11551,11465,4544
11552,11400,11040
11553,11549,11443
11554,11544,11474
11555,11554,11453
11556,11507,11007
11557,11242,589
11558,11536,3598
11559,11489,11326
11560,11555,11412
11561,11560,11508
11562,11514,10676
11563,11543,3099
11564,11215,450
11565,11561,11469
11566,11314,11111
11567,11565,621
11568,11567,11248
11569,11401,11177
11570,11491,2191
11571,11568,1115
11572,2991,2516
11573,3474,3025
11574,11553,2758
11575,11542,11417
11576,11571,11305
11577,11574,4638
11578,11576,1222
11579,11552,628
11580,11578,11125
11581,11199,2985
11582,11563,4834
11583,11340,3759
11584,11580,5158
11585,11461,2606
11586,11395,5928
11587,11577,677
11588,11387,2699
11589,11460,4926
11590,11518,3497
11591,11587,2628
11592,11444,11276
11593,11584,11445
11594,11593,11442
11595,11582,2879
11596,11428,11406
11597,11591,584
11598,4729,2504
11599,11594,11425
11600,11599,2077
11601,11600,11526
11602,11597,11139
11603,11602,11466
11604,2681,2469
11605,11431,821
11606,11601,11294
11607,11606,11471
11608,11603,690
11609,11608,1698
11610,11609,321
11611,5258,4783
11612,2930,1522
11613,11556,11156
11614,11613,11079
11615,2640,247
11616,11607,941
11617,11322,2613
11618,11616,2488
11619,10683,4594
11620,11618,3718
11621,11620,1735
11622,10576,3361
11623,11614,11247
11624,11402,11339
11625,11521,11468
11626,4614,2806
11627,11510,11176
11628,11558,11321
11629,11610,5114
11630,11621,11585
11631,11630,11459
11632,11631,11528
11633,5916,2163
11634,11572,10968
11635,11068,2702
11636,11452,4663
11637,11467,1213
11638,11043,3782
11639,11629,11523
11640,11639,11559
11641,11557,11488
11642,11104,2214
11643,11632,2126
11644,4647,2852
11645,11605,11391
11646,11519,4156
11647,11640,5260
11648,11368,11360
11649,11647,11589
11650,11590,1511
11651,9896,2752
11652,11588,11433
11653,11643,11385
11654,11653,11596
11655,11654,11336
11656,11649,1060
11657,11168,2888
11658,11655,11537
11659,11463,11035
11660,11623,2204
11661,11656,5173
11662,11658,11398
11663,11662,2144
11664,11663,2044
11665,11661,11434
11666,11665,11579
11667,11666,11532
11668,11515,308
11669,11517,5169
11670,11660,11451
11671,11667,121
11672,11664,11541
11673,11672,5284
11674,11644,11422
11675,11595,11094
11676,11675,11077
11677,11673,11628
11678,4905,3779
11679,991,592
11680,11677,11485
11681,11562,3628
11682,11671,11645
11683,11682,11503
11684,11680,11548
11685,10567,3828
11686,11676,11397
11687,11564,11352
11688,11670,11359
11689,11684,11636
11690,11689,871
11691,10785,578
11692,11683,5655
11693,11634,11575
11694,11692,2923
11695,11694,11551
11696,5788,4003
11697,11695,3179
11698,4829,1464
11699,11641,11617
11700,11690,4530
11701,11669,10515
11702,11697,11487
11703,11702,782
11704,11700,2818
11705,11520,864
11706,11704,11569
11707,11706,3963
11708,11480,11478
11709,11581,2936
11710,11703,2709
11711,11516,3659
11712,11707,11493
11713,11712,3780
11714,11710,11538
11715,11513,2142
11716,11714,953
11717,11713,11646
11718,11681,11399
11719,1542,550
11720,11686,11239
11721,11717,11716
11722,11153,462
11723,11476,5430
11724,11723,785
11725,11566,3862
11726,11622,11512
11727,11659,11570
11728,11624,11592
11729,11598,2823
11730,11482,3562
11731,11720,11535
11732,11721,4507
11733,11731,11586
11734,11619,2780
11735,11371,1869
11736,4659,563
11737,870,44
11738,11718,4996
11739,11738,10971
11740,11693,11545
11741,11740,11711
11742,11502,2512
11743,4731,3926
11744,11627,11261
11745,8808,3538
11746,11733,11550
11747,11297,5595
11748,11638,728
11749,3196,1842
11750,11699,11583
11751,11746,11633
11752,11121,2032
11753,3125,973
11754,11732,386
11755,4904,2566
11756,11472,11173
11757,2541,22
11758,3999,858
11759,11728,11674
11760,11648,11285
11761,11760,11652
11762,11754,11524
11763,11762,11687
11764,11709,11678
11765,11763,1607
11766,11626,4558
11767,11705,5541
11768,4811,64
11769,11271,1845
11770,11688,1123
11771,11770,11734
11772,5546,1236
11773,5896,132
11774,11642,3511
11775,10862,1969
11776,3794,3067
11777,11765,3810
11778,11651,502
11779,11771,11573
11780,11779,11777
11781,9927,3070
11782,1898,962
11783,11782,11727
11784,11751,5857
11785,11752,4001
11786,11427,11382
11787,11657,11421
11788,11611,3731
11789,11759,668
11790,11748,954
11791,11769,5218
11792,11780,3994
11793,11792,5275
11794,11758,11530
11795,11742,11741
11796,11784,11750
11797,11625,2017
11798,11797,1302
11799,2061,1830
11800,11793,938
11801,11800,5613
11802,11789,11456
11803,8873,7658
11804,11801,11764
11805,4277,1389
11806,11804,11725
11807,11806,11327
11808,11807,11736
11809,11796,11701
11810,11809,11635
11811,5477,2231
11812,11533,5612
11813,11403,2942
11814,11808,11766
11815,11814,5018
11816,11815,3542
11817,11496,4607
11818,1296,1023
11819,11795,5968
11820,11729,2819
11821,11715,11101
11822,11819,11802
11823,11816,11798
11824,3937,267
11825,11744,11021
11826,11823,4789
11827,11826,3654
11828,11827,11719
11829,11828,1455
11830,11829,11768
11831,11810,4321
11832,11730,10962
11833,11830,3652
11834,11833,11737
11835,5372,2909
11836,11834,11761
11837,11813,11637
11838,5845,3655
11839,11747,4155
11840,11836,3548
11841,11840,11615
11842,3141,2905
11843,11743,11724
11844,5464,2989
11845,11841,2800
11846,11799,4601
11847,11845,5041
11848,11787,1678
11849,11847,11772
11850,11849,11604
11851,11831,11756
11852,4402,2841
11853,11850,11818
11854,11817,4625
11855,11853,2706
11856,11612,718
11857,11855,402
11858,11857,11822
11859,4785,4678
11860,11851,11825
11861,11739,5303
11862,11852,11774
11863,11755,4651
11864,11791,3323
11865,11858,11301
11866,11865,11843
11867,11866,3692
11868,11708,3942
11869,11868,11803
11870,11867,11812
11871,11776,3765
11872,11650,3599
11873,11860,5721
11874,11873,11871
11875,11870,11824
11876,11874,101
11877,11876,5366
11878,11875,596
11879,11668,1519
11880,11877,277
11881,11783,11415
11882,11878,11794
11883,11882,513
11884,4976,4867
11885,11848,11820
11886,11785,11745
11887,11835,930
11888,2826,1436
11889,11735,11679
11890,11881,11811
11891,11883,11839
11892,11891,11805
11893,11892,11778
11894,11893,11862
11895,11880,11854
11896,11895,917
11897,11879,2587
11898,11726,11698
11899,11757,4427
11900,10757,3180
11901,11894,11691
11902,11901,11888
11903,11872,11821
11904,11837,5082
11905,11887,754
11906,11832,380
11907,11749,3030
11908,11896,11889
11909,11773,5824
11910,11908,4090
11911,11902,5969
11912,11899,4947
11913,11912,11790
11914,11911,11890
11915,11914,5244
11916,11915,11781
11917,11916,11864
11918,11838,11505
11919,11910,11861
11920,11886,2363
11921,11722,71
11922,11788,3191
11923,11903,11753
11924,11917,393
11925,11924,11885
11926,11925,11786
11927,11767,2626
11928,11438,156
11929,11685,2906
11930,11926,4186
11931,11863,3897
11932,11930,11909
11933,11932,11898
11934,11933,3719
11935,11934,1953
11936,11918,11775
11937,11935,5296
11938,11937,11904
11939,11938,11905
11940,11939,11842
11941,11869,4434
11942,11940,11897
11943,11844,3936
11944,11913,11856
11945,11941,5801
11946,11696,11318
11947,11919,34
11948,11947,4870
11949,11927,2821
11950,11949,11942
11951,11950,11936
11952,11948,5904
11953,11859,11846
11954,11952,11920
11955,11954,11951
11956,3777,3502
11957,11955,2573
11958,11929,160
11959,4172,3745
11960,11957,11944
11961,11923,11884
11962,11931,4514
11963,11962,11946
11964,11906,2147
11965,11922,3010
11966,11960,11958
11967,11966,1046
11968,11967,11945
11969,11964,4323
11970,11969,11968
11971,11970,2683
11972,11971,11961
11973,11972,4840
11974,11973,11928
11975,11974,5938
11976,11975,11953
11977,4683,3093
11978,11976,11965
11979,11978,534
11980,10635,3746
11981,5413,3715
11982,11979,11943
11983,11982,2111
11984,11983,11900
11985,11984,11956
11986,11963,5377
11987,11985,4388
11988,11977,5881
11989,11987,11986
11990,11989,11980
11991,11981,11907
11992,11991,11959
11993,11992,651
11994,11990,11921
11995,11994,3894
11996,11995,11988
11997,11996,11993
11998,11997,5941
