2000,1598,1013
2001,1242,433
2002,1281,33
2003,1315,1201
2004,1951,96
2005,1926,1857
2006,1096,390
2007,2001,1098
2008,2004,94
2009,2003,2000
2010,2007,53
2011,2002,1177
2012,409,207
2013,1219,1073
2014,2008,150
2015,2009,1357
2016,2005,41
2017,2010,2006
2018,477,117
2019,490,220
2020,389,20
2021,2013,1742
2022,1131,815
2023,2018,1084
2024,398,367
2025,1838,1544
2026,2017,215
2027,2026,77
2028,2011,1039
2029,2015,2014
2030,1567,47
2031,2021,1188
2032,2028,135
2033,2023,2019
2034,2022,1137
2035,1446,1018
2036,1649,1093
2037,1892,1154
2038,2031,1107
2039,1778,1133
2040,1220,79
2041,253,112
2042,1746,74
2043,1984,1349
2044,2029,124
2045,410,138
2046,151,86
2047,2025,1347
2048,285,75
2049,401,368
2050,2034,714
2051,1834,251
2052,1747,43
2053,2032,2016
2054,2044,204
2055,2050,2027
2056,1489,1478
2057,2054,1881
2058,1968,1777
2059,1481,353
2060,1150,1052
2061,2024,72
2062,2055,1195
2063,2035,1321
2064,2053,1676
2065,449,152
2066,1566,1265
2067,2043,2039
2068,237,89
2069,2012,1536
2070,231,107
2071,1734,1657
2072,2036,1840
2073,1661,501
2074,62,12
2075,2030,1675
2076,2040,1647
2077,453,261
2078,1275,1082
2079,2047,2038
2080,1513,880
2081,2049,392
2082,1825,1631
2083,2057,1425
2084,1051,465
2085,2033,170
2086,281,246
2087,1890,1523
2088,2045,354
2089,1342,963
2090,1772,1589
2091,2062,1423
2092,257,59
2093,2064,1504
2094,2056,1815
2095,1334,1272
2096,1433,357
2097,2037,742
2098,1424,413
2099,146,37
2100,2074,171
2101,2081,119
2102,2093,762
2103,2090,2083
2104,2102,901
2105,1959,168
2106,2091,1497
2107,429,403
2108,2094,2068
2109,1577,1035
2110,2073,722
2111,1979,73
2112,1928,115
2113,2097,2085
2114,1180,527
2115,1292,343
2116,2051,1430
2117,1283,1020
2118,2104,1400
2119,2103,2071
2120,2100,1329
2121,440,218
2122,371,243
2123,2110,2060
2124,1068,793
2125,2061,2020
2126,2088,2069
2127,1835,1605
2128,1924,1126
2129,2118,2072
2130,2080,1087
2131,2052,1821
2132,2095,1311
2133,1457,1132
2134,2111,2106
2135,2117,1708
2136,260,255
2137,1758,97
2138,2113,658
2139,2042,1338
2140,2079,2076
2141,2119,103
2142,2089,1814
2143,2123,2082
2144,1877,1320
2145,1193,1006
2146,1886,259
2147,2078,1141
2148,2138,987
2149,2121,2115
2150,1692,1537
2151,2129,1037
2152,2087,1266
2153,200,167
2154,1967,1856
2155,2134,2108
2156,1299,1282
2157,1757,460
2158,2107,2092
2159,2151,2112
2160,2139,1239
2161,2142,508
2162,1994,1615
2163,2058,1868
2164,2148,1991
2165,2075,2067
2166,2141,1306
2167,2086,442
2168,1125,626
2169,2166,1498
2170,219,15
2171,2063,1463
2172,439,108
2173,291,4
2174,2155,1737
2175,2159,1337
2176,2127,339
2177,2169,2150
2178,2120,310
2179,2149,2114
2180,1603,1548
2181,2130,1503
2182,1375,298
2183,1415,1251
2184,2122,270
2185,655,184
2186,2174,1114
2187,2140,1230
2188,2158,423
2189,2152,1885
2190,2177,1883
2191,2164,2046
2192,2175,344
2193,1646,1295
2194,2132,1368
2195,2187,1308
2196,470,51
2197,2126,88
2198,2170,906
2199,2190,2096
2200,2168,2116
2201,587,118
2202,2160,1505
2203,2066,1218
2204,2192,935
2205,2186,2124
2206,2165,1941
2207,2195,1386
2208,1557,192
2209,1471,1439
2210,2208,2179
2211,2204,1398
2212,2135,2059
2213,2143,1552
2214,2144,1017
2215,292,238
2216,307,252
2217,425,337
2218,1224,1168
2219,1876,360
2220,2098,199
2221,2211,1606
2222,2128,46
2223,2199,1434
2224,498,275
2225,2131,1590
2226,2205,2048
2227,370,304
2228,1382,1367
2229,2213,2202
2230,2194,1579
2231,2191,1291
2232,2207,1914
2233,2105,1917
2234,1530,1379
2235,1613,1529
2236,2200,2154
2237,236,202
2238,2099,1601
2239,2156,1333
2240,2161,1586
2241,420,318
2242,2163,1101
2243,106,42
2244,1860,1643
2245,2184,876
2246,2223,2218
2247,2197,1156
2248,2226,1422
2249,2239,1297
2250,1710,1216
2251,495,52
2252,2215,2101
2253,1040,287
2254,179,61
2255,2229,2221
2256,2181,1041
2257,2220,1894
2258,805,635
2259,2196,2188
2260,299,186
2261,334,258
2262,2147,1417
2263,2210,2153
2264,2232,1253
2265,1560,286
2266,1787,1591
2267,2248,1186
2268,1923,1648
2269,2267,838
2270,2146,1660
2271,2249,2198
2272,2193,1651
2273,2236,2230
2274,2182,2178
2275,2256,2246
2276,2255,1187
2277,2084,278
2278,2231,137
2279,2269,916
2280,1435,1028
2281,2125,1144
2282,1127,300
2283,2275,1034
2284,1473,1083
2285,1348,350
2286,1693,400
2287,1350,17
2288,2242,1585
2289,2219,1707
2290,2228,1602
2291,1206,196
2292,2212,892
2293,2233,1450
2294,2279,2278
2295,2241,272
2296,796,739
2297,1384,229
2298,860,776
2299,2250,1761
2300,2276,2273
2301,2225,2173
2302,2137,312
2303,2264,2245
2304,2171,2133
2305,2290,1164
2306,2070,2065
2307,2183,1370
2308,2283,778
2309,2206,1304
2310,2189,1429
2311,1913,1645
2312,2167,415
2313,2145,1091
2314,2266,1257
2315,2176,2109
2316,473,189
2317,879,28
2318,1274,1067
2319,545,500
2320,1376,923
2321,2298,2234
2322,1204,296
2323,2308,2262
2324,1095,476
2325,1919,1826
2326,2303,2222
2327,279,129
2328,984,70
2329,2041,143
2330,2077,223
2331,2209,1076
2332,2247,122
2333,1925,1810
2334,1079,610
2335,2172,6
2336,497,469
2337,1739,1580
2338,2271,1965
2339,1827,314
2340,407,317
2341,2281,263
2342,2294,1214
2343,1551,1002
2344,2162,1108
2345,2323,2270
2346,2305,2263
2347,2310,784
2348,1904,1393
2349,979,9
2350,2342,1390
2351,2261,346
2352,2299,2157
2353,1870,1562
2354,1543,416
2355,2300,2292
2356,2240,1111
2357,2272,2180
2358,397,104
2359,1237,765
2360,2214,1104
2361,491,313
2362,2338,1044
2363,2347,2288
2364,2302,91
2365,2295,161
2366,2350,1345
2367,2277,395
2368,1729,191
2369,1402,365
2370,1681,175
2371,249,210
2372,1572,424
2373,2216,280
2374,2314,2311
2375,1510,629
2376,2345,662
2377,2356,2257
2378,149,10
2379,2265,1211
2380,1614,1269
2381,1619,1516
2382,2309,975
2383,2244,915
2384,2253,493
2385,2376,2307
2386,2366,789
2387,2346,2282
2388,316,306
2389,1279,1085
2390,2355,2348
2391,2252,273
2392,2312,639
2393,2334,2326
2394,1976,1395
2395,972,736
2396,1686,363
2397,2260,351
2398,2385,1859
2399,2315,1507
2400,2332,412
2401,2317,1062
2402,2386,2328
2403,2301,1532
2404,2393,933
2405,2235,1167
2406,1247,790
2407,2398,1322
2408,2400,2390
2409,1394,434
2410,2387,2362
2411,1359,843
2412,2217,133
2413,2402,2274
2414,2344,1029
2415,1795,1358
2416,1748,1674
2417,1437,1210
2418,2203,1075
2419,2324,872
2420,2322,1319
2421,452,254
2422,2407,2353
2423,2403,2363
2424,2351,2254
2425,185,67
2426,2304,1312
2427,2238,1466
2428,2368,1839
2429,2422,1666
2430,2349,2289
2431,2340,438
2432,2389,1932
2433,2429,2419
2434,2404,1441
2435,2420,1768
2436,2293,949
2437,176,31
2438,1209,68
2439,2296,541
2440,2259,1032
2441,274,205
2442,1811,496
2443,2413,2379
2444,2377,1117
2445,457,56
2446,2373,256
2447,134,81
2448,1408,529
2449,1033,862
2450,2401,791
2451,1372,1353
2452,2433,1022
2453,2434,1611
2454,2436,358
2455,2408,2321
2456,2375,849
2457,2359,2331
2458,2313,750
2459,2443,517
2460,2399,686
2461,2319,712
2462,2450,940
2463,1410,1340
2464,1622,1456
2465,2280,1285
2466,2341,109
2467,2360,1129
2468,2432,2374
2469,1327,694
2470,1824,1803
2471,2423,194
2472,2396,2392
2473,2460,2201
2474,2286,1313
2475,2455,1217
2476,2452,1122
2477,2462,2459
2478,2405,1445
2479,426,187
2480,1691,1452
2481,2440,2320
2482,178,84
2483,2406,781
2484,2327,1549
2485,2391,232
2486,1697,1324
2487,2431,266
2488,2354,1502
2489,2333,283
2490,481,87
2491,451,130
2492,504,319
2493,2439,579
2494,2430,1927
2495,2453,2284
2496,2444,2394
2497,2476,2418
2498,1973,1119
2499,468,111
2500,1820,435
2501,2467,1677
2502,2475,1818
2503,2285,1181
2504,2409,475
2505,2494,1950
2506,2382,13
2507,1170,572
2508,2426,1009
2509,2337,1351
2510,2477,540
2511,2502,1184
2512,2251,63
2513,1863,1030
2514,1952,1625
2515,2478,2384
2516,2497,2361
2517,1916,1116
2518,2427,1323
2519,2372,2365
2520,2511,2383
2521,944,800
2522,2352,1714
2523,2493,2473
2524,2456,710
2525,1280,1149
2526,2516,1704
2527,2520,2370
2528,480,233
2529,2485,1655
2530,2243,341
2531,2227,1776
2532,2495,2357
2533,2447,203
2534,2316,333
2535,2481,1113
2536,2395,1414
2537,2466,2297
2538,1833,993
2539,2381,1365
2540,2527,746
2541,2471,659
2542,1749,411
2543,467,322
2544,2378,348
2545,2454,1521
2546,2449,2410
2547,2480,2415
2548,1819,772
2549,2329,1
2550,2532,803
2551,1175,1094
2552,2510,2435
2553,2515,2417
2554,2451,2367
2555,2472,148
2556,461,406
2557,2526,1461
2558,1709,1599
2559,717,528
2560,2457,705
2561,2552,1396
2562,2496,419
2563,2557,2541
2564,1361,1238
2565,1903,1571
2566,2518,1451
2567,1515,383
2568,2524,1784
2569,2540,846
2570,2224,24
2571,2464,2428
2572,2508,1159
2573,2569,2546
2574,387,144
2575,1243,995
2576,2325,2136
2577,2364,1134
2578,2561,2424
2579,2512,418
2580,1642,1624
2581,2484,1346
2582,1388,157
2583,1638,602
2584,1011,268
2585,1409,565
2586,2458,902
2587,604,436
2588,909,444
2589,2568,1061
2590,2573,2505
2591,1109,586
2592,2550,2461
2593,2554,2358
2594,1679,524
2595,2469,751
2596,1354,190
2597,2535,2185
2598,2339,1942
2599,2578,2553
2600,1831,1616
2601,2539,2501
2602,1980,1454
2603,1721,1183
2604,1780,1563
2605,1008,58
2606,2468,2318
2607,2414,1069
2608,2523,1016
2609,2590,2335
2610,2562,2504
2611,1569,1194
2612,2522,1740
2613,2537,1936
2614,2592,1626
2615,2503,1852
2616,2563,2488
2617,990,606
2618,2421,361
2619,2572,325
2620,2438,1064
2621,165,30
2622,1191,588
2623,2589,2474
2624,2599,1050
2625,2616,904
2626,1594,836
2627,1066,166
2628,1983,1250
2629,982,741
2630,1484,441
2631,1878,716
2632,2397,139
2633,2483,865
2634,1670,1561
2635,2624,2617
2636,2506,598
2637,2609,1263
2638,2268,1244
2639,347,327
2640,2637,1426
2641,2507,928
2642,2640,2608
2643,1665,1215
2644,2560,38
2645,1493,1189
2646,2517,2369
2647,1986,929
2648,1472,1136
2649,2635,874
2650,1535,1014
2651,2625,2566
2652,2620,1403
2653,2597,2521
2654,1897,1527
2655,2595,1862
2656,2636,2545
2657,2529,2487
2658,2559,1391
2659,2614,2596
2660,1641,672
2661,2463,510
2662,297,201
2663,2258,1832
2664,2610,1146
2665,2651,856
2666,2619,924
2667,1568,1499
2668,2564,622
2669,2587,748
2670,2536,1634
2671,2558,1221
2672,1850,331
2673,2291,1197
2674,2343,691
2675,2482,499
2676,1431,701
2677,2665,1793
2678,2565,248
2679,2499,211
2680,2448,1872
2681,2649,1305
2682,2677,562
2683,2642,2571
2684,2446,2442
2685,1058,848
2686,2644,743
2687,2519,454
2688,1362,692
2689,2577,2531
2690,2681,1694
2691,2612,2416
2692,1559,1371
2693,2683,2588
2694,2682,734
2695,2659,1701
2696,2486,878
2697,2598,1934
2698,2586,503
2699,2425,1700
2700,1690,1267
2701,2530,147
2702,2695,1716
2703,2694,1945
2704,2538,2287
2705,2513,601
2706,1639,1155
2707,2606,1072
2708,2703,740
2709,2655,2555
2710,2693,936
2711,2710,1786
2712,1957,1459
2713,2465,1508
2714,685,214
2715,2600,1891
2716,446,408
2717,2544,422
2718,2664,1470
2719,2711,1995
2720,2547,1592
2721,2709,332
2722,2708,2582
2723,2702,605
2724,2719,2661
2725,1628,1151
2726,1972,576
2727,1783,1442
2728,2724,553
2729,988,977
2730,2660,1492
2731,2690,2686
2732,2722,1706
2733,2594,25
2734,2628,1128
2735,2728,669
2736,1120,593
2737,2633,234
2738,2732,2581
2739,2626,2380
2740,2718,2585
2741,2509,657
2742,2498,428
2743,2723,624
2744,2336,2306
2745,1609,1558
2746,2548,866
2747,2653,802
2748,1142,837
2749,2738,2330
2750,2735,761
2751,2514,719
2752,2657,2479
2753,1741,824
2754,1316,1160
2755,2411,1908
2756,2670,983
2757,2658,859
2758,1545,1166
2759,2492,303
2760,2720,2687
2761,2666,269
2762,342,80
2763,729,656
2764,966,698
2765,1494,1317
2766,2601,1325
2767,2747,1669
2768,2749,1152
2769,1233,745
2770,2707,2371
2771,1596,32
2772,2656,78
2773,2646,1024
2774,2768,2643
2775,2731,2605
2776,2740,2669
2777,2613,212
2778,2668,2623
2779,2692,459
2780,373,177
2781,1226,850
2782,1004,145
2783,2774,1901
2784,2679,1314
2785,1841,1658
2786,2528,225
2787,2543,430
2788,2750,715
2789,2783,1963
2790,2743,2652
2791,464,54
2792,2534,382
2793,2691,2654
2794,2713,1796
2795,2441,335
2796,2789,2730
2797,2603,2549
2798,2775,2645
2799,1774,594
2800,2696,532
2801,2788,2770
2802,2767,1021
2803,2776,2489
2804,2798,2542
2805,2760,2737
2806,2778,2751
2807,1889,1468
2808,2796,808
2809,2801,1966
2810,471,448
2811,2804,2629
2812,2556,164
2813,1407,1192
2814,2752,240
2815,2650,2575
2816,2808,814
2817,1939,650
2818,1460,1309
2819,1672,93
2820,2525,1420
2821,2721,913
2822,2607,1600
2823,2753,1790
2824,2790,825
2825,2671,443
2826,2729,1766
2827,2766,2647
2828,2717,66
2829,2809,2551
2830,1182,1047
2831,2698,2680
2832,1449,381
2833,2641,1800
2834,2733,2615
2835,2772,2756
2836,2811,2704
2837,2816,2799
2838,1453,197
2839,2824,1328
2840,1854,1145
2841,2829,1964
2842,2678,1804
2843,1823,1118
2844,2839,2837
2845,1428,1097
2846,777,55
2847,1982,1185
2848,2632,2491
2849,2803,2754
2850,2821,957
2851,2689,2533
2852,2841,2826
2853,955,567
2854,336,213
2855,2745,2727
2856,1779,114
2857,1048,217
2858,2802,1785
2859,559,558
2860,614,547
2861,1581,92
2862,2819,1788
2863,2797,193
2864,1993,1234
2865,1576,896
2866,1989,888
2867,2779,1671
2868,2835,2567
2869,2852,1496
2870,1588,208
2871,2847,2741
2872,2630,2583
2873,2761,377
2874,1196,943
2875,2833,1582
2876,2631,571
2877,2793,2700
2878,2705,546
2879,2869,2858
2880,2850,2814
2881,2576,2
2882,2715,1745
2883,1907,1789
2884,2673,2570
2885,2602,1287
2886,768,328
2887,224,140
2888,2757,877
2889,2701,126
2890,2879,2831
2891,2611,2593
2892,1743,1715
2893,2805,1752
2894,2785,1636
2895,142,29
2896,2836,523
2897,2825,2699
2898,2500,1488
2899,2842,2755
2900,1352,599
2901,1668,1427
2902,427,345
2903,2771,1938
2904,2890,2888
2905,2844,812
2906,1019,539
2907,2896,136
2908,2849,985
2909,2237,169
2910,2818,99
2911,2806,2769
2912,1258,506
2913,492,110
2914,2905,2807
2915,2817,544
2916,2827,1174
2917,2877,1038
2918,2634,180
2919,1163,927
2920,1684,548
2921,1369,352
2922,2854,1656
2923,2684,2618
2924,2908,2867
2925,2685,758
2926,2861,2676
2927,2873,822
2928,2773,1575
2929,1620,7
2930,2904,1363
2931,2911,2871
2932,141,102
2933,2813,1078
2934,958,302
2935,2930,1816
2936,2907,2714
2937,2935,2878
2938,2937,839
2939,1685,1298
2940,2843,764
2941,2880,1654
2942,1875,85
2943,2674,2470
2944,2697,1627
2945,1474,16
2946,2784,1232
2947,2584,1909
2948,2893,1310
2949,123,23
2950,2936,2846
2951,2917,2688
2952,2938,1477
2953,2742,155
2954,1808,1476
2955,305,162
2956,2862,2781
2957,1817,1623
2958,2823,2746
2959,1360,886
2960,1479,538
2961,2815,1802
2962,2777,1864
2963,2952,1546
2964,2927,1722
2965,2863,2712
2966,2764,1540
2967,2800,942
2968,2916,1005
2969,2726,795
2970,1147,1065
2971,2445,952
2972,2920,2876
2973,2914,2875
2974,2963,1007
2975,2834,1054
2976,432,21
2977,2950,831
2978,2977,2579
2979,2591,640
2980,2974,1161
2981,2736,898
2982,2925,209
2983,1326,554
2984,2980,590
2985,2973,2627
2986,1711,1071
2987,1241,1088
2988,2924,918
2989,2985,735
2990,2984,2845
2991,479,195
2992,1587,1199
2993,2885,970
2994,2786,2662
2995,2978,1385
2996,2961,2820
2997,549,518
2998,2989,2899
2999,920,700
3000,2990,1667
3001,2856,1805
3002,992,680
3003,1570,900
3004,2968,2725
3005,2648,1974
3006,2739,1855
3007,3000,1610
3008,1750,1637
3009,2948,2945
3010,2868,1806
3011,2794,1074
3012,2931,2866
3013,216,172
3014,1797,494
3015,1373,763
3016,2758,1525
3017,3007,1264
3018,1412,1318
3019,3017,1781
3020,2734,125
3021,293,262
3022,1556,623
3023,1759,643
3024,2928,2864
3025,1695,1682
3026,2716,2490
3027,1829,709
3028,2782,330
3029,3009,2848
3030,1207,766
3031,2967,2941
3032,2972,711
3033,3019,2903
3034,2958,542
3035,1763,934
3036,2787,2621
3037,2975,752
3038,2780,1294
3039,1130,1099
3040,3033,706
3041,2857,1055
3042,2944,1528
3043,2744,324
3044,3040,783
3045,2667,1724
3046,2988,660
3047,3006,989
3048,2998,1374
3049,2956,2706
3050,3044,3012
3051,2822,912
3052,2962,631
3053,2894,1531
3054,3048,3046
3055,2900,1564
3056,3010,2932
3057,2964,2765
3058,721,76
3059,3004,2897
3060,2929,806
3061,1421,1176
3062,2838,227
3063,2966,1341
3064,2812,49
3065,1307,667
3066,2946,1541
3067,2828,1719
3068,3050,683
3069,301,288
3070,2971,1268
3071,1331,564
3072,2672,1578
3073,326,128
3074,2891,466
3075,1999,1998
3076,3062,2995
3077,2933,1411
3078,2996,873
3079,3031,2915
3080,1921,1053
3081,1387,1249
3082,3024,841
3083,3030,731
3084,3068,1782
3085,2759,83
3086,2921,1100
3087,3077,3054
3088,1026,153
3089,2993,2940
3090,3084,2901
3091,1702,372
3092,3056,1997
3093,1042,704
3094,3055,1595
3095,2953,396
3096,3076,1278
3097,3090,1584
3098,2870,320
3099,1289,414
3100,3001,2979
3101,1775,241
3102,3079,1844
3103,1200,820
3104,3097,1736
3105,3087,2954
3106,3041,2604
3107,3104,627
3108,463,113
3109,2943,1404
3110,3029,1798
3111,2851,1380
3112,3057,744
3113,3037,607
3114,1703,818
3115,3107,1644
3116,3096,775
3117,932,183
3118,1336,1190
3119,282,127
3120,3082,759
3121,3115,2872
3122,2919,1355
3123,3116,1689
3124,3052,1760
3125,3123,2895
3126,3002,2999
3127,1343,1059
3128,3034,845
3129,1539,455
3130,3105,842
3131,2913,474
3132,3121,2926
3133,2997,994
3134,3047,3003
3135,1335,801
3136,295,69
3137,2881,819
3138,1981,1718
3139,3025,271
3140,3130,3093
3141,2832,1500
3142,1943,1106
3143,3042,1356
3144,3125,688
3145,3092,1653
3146,1633,1012
3147,3140,3066
3148,3131,1985
3149,1756,889
3150,3102,1364
3151,3147,749
3152,3038,613
3153,3011,708
3154,3032,779
3155,3045,2969
3156,1971,1255
3157,3132,895
3158,3112,828
3159,3144,851
3160,1248,1173
3161,3157,899
3162,1225,830
3163,3151,1538
3164,3051,2763
3165,3015,2912
3166,3106,1612
3167,2981,1169
3168,1526,925
3169,1728,1509
3170,3159,2889
3171,3110,2965
3172,3163,3094
3173,3005,620
3174,3161,1203
3175,3155,2982
3176,3174,3028
3177,2910,2892
3178,3172,1822
3179,3158,603
3180,2795,36
3181,3178,804
3182,3059,702
3183,3124,1853
3184,2865,1260
3185,375,309
3186,3150,3120
3187,3182,3027
3188,3134,581
3189,3181,3149
3190,3128,2855
3191,2951,760
3192,3145,2906
3193,3067,3064
3194,2748,948
3195,355,173
3196,3049,39
3197,3188,3176
3198,1440,456
3199,3190,3053
3200,3197,3063
3201,3189,1884
3202,3065,619
3203,3186,679
3204,2859,673
3205,2947,2791
3206,3078,2902
3207,3187,3170
3208,2983,2853
3209,3192,1300
3210,3200,511
3211,3113,887
3212,2957,2882
3213,3210,1092
3214,1895,1744
3215,3201,1920
3216,2580,881
3217,3213,792
3218,2675,2412
3219,1662,482
3220,3153,3111
3221,3203,3075
3222,3089,893
3223,3043,2792
3224,1231,1171
3225,3215,3175
3226,3183,3016
3227,1031,937
3228,3083,767
3229,2942,2918
3230,3018,585
3231,3225,1547
3232,3217,3179
3233,2923,1922
3234,3191,1080
3235,3133,1245
3236,1405,813
3237,2887,1555
3238,1935,1485
3239,2909,250
3240,3085,2970
3241,3207,969
3242,3231,561
3243,159,26
3244,3126,882
3245,3226,1958
3246,1912,1762
3247,3209,3139
3248,3173,3020
3249,3232,670
3250,3142,844
3251,2960,615
3252,3204,3118
3253,3249,3235
3254,1448,1235
3255,3242,3165
3256,2898,8
3257,1261,630
3258,1765,1726
3259,3021,1618
3260,3109,646
3261,3171,1597
3262,3098,2992
3263,3253,730
3264,1514,276
3265,3255,3222
3266,3263,1899
3267,3137,2874
3268,2840,526
3269,2939,1124
3270,3265,3080
3271,3240,1640
3272,3266,520
3273,3244,3184
3274,3199,2622
3275,3272,829
3276,3241,3229
3277,1003,649
3278,3270,857
3279,3261,3202
3280,3245,1880
3281,3143,3101
3282,1996,678
3283,3275,905
3284,3278,3221
3285,3220,1847
3286,1344,90
3287,2663,399
3288,3247,1227
3289,1621,707
3290,3022,723
3291,3205,3008
3292,3198,1240
3293,3095,364
3294,3211,2959
3295,3267,3164
3296,3283,2994
3297,3260,724
3298,3086,1271
3299,3100,608
3300,3288,799
3301,3070,1738
3302,1871,868
3303,3177,3138
3304,3280,1482
3305,2810,1918
3306,3296,1727
3307,3279,226
3308,3234,3039
3309,3167,431
3310,3306,894
3311,1001,514
3312,3310,3228
3313,3074,188
3314,3206,3141
3315,405,338
3316,3091,1723
3317,3312,3071
3318,2638,1121
3319,3035,2886
3320,3304,45
3321,3303,699
3322,1475,222
3323,3284,926
3324,3114,1512
3325,3269,1733
3326,3317,1490
3327,3300,637
3328,3154,747
3329,2884,757
3330,3013,3
3331,3276,1975
3332,1339,40
3333,1077,228
3334,3216,1178
3335,3326,875
3336,3223,3026
3337,3058,981
3338,3335,3314
3339,3103,867
3340,1593,1205
3341,1699,965
3342,3323,3321
3343,3294,960
3344,3252,671
3345,356,35
3346,2437,265
3347,2986,1731
3348,340,181
3349,3256,105
3350,3327,3299
3351,3166,3099
3352,3298,3274
3353,3343,3285
3354,1879,374
3355,3036,19
3356,3194,1929
3357,3257,3061
3358,1807,703
3359,3309,3248
3360,1978,1153
3361,3342,1469
3362,3338,557
3363,3088,485
3364,3362,531
3365,3301,552
3366,3233,3148
3367,3331,3307
3368,3212,264
3369,1902,5
3370,3297,914
3371,3328,737
3372,3239,484
3373,3295,595
3374,2830,648
3375,3361,634
3376,3364,3117
3377,3344,773
3378,3273,618
3379,3376,3227
3380,3375,3341
3381,2639,27
3382,472,206
3383,1049,1015
3384,3380,3311
3385,1688,907
3386,3162,617
3387,3023,1664
3388,3379,3367
3389,3291,1801
3390,3384,551
3391,3390,1770
3392,1882,797
3393,1866,1284
3394,3169,1270
3395,3129,1045
3396,3391,769
3397,3396,974
3398,3180,1954
3399,3214,1849
3400,3397,3339
3401,1043,515
3402,3308,1629
3403,3156,1303
3404,1955,1381
3405,3271,3185
3406,1110,664
3407,3146,945
3408,3302,1680
3409,3152,384
3410,537,536
3411,3402,3400
3412,863,675
3413,1491,1486
3414,311,244
3415,3313,95
3416,3318,939
3417,3081,1148
3418,120,100
3419,3014,684
3420,3108,855
3421,2574,329
3422,3385,1081
3423,3358,3350
3424,3236,1915
3425,3224,1673
3426,3196,1112
3427,3072,1988
3428,3305,1458
3429,3389,1843
3430,1277,645
3431,3410,580
3432,488,198
3433,3363,3351
3434,3411,1960
3435,3219,1874
3436,3373,3160
3437,3434,3320
3438,3060,999
3439,3370,3258
3440,3122,922
3441,391,323
3442,3329,1506
3443,3429,3405
3444,3388,3365
3445,3352,1896
3446,771,284
3447,3238,1799
3448,3437,3262
3449,3069,483
3450,2934,921
3451,3374,885
3452,1089,1000
3453,861,522
3454,3349,447
3455,2860,1254
3456,3287,378
3457,3353,3168
3458,3193,2883
3459,1501,445
3460,3371,3268
3461,3448,810
3462,3450,666
3463,908,385
3464,3409,2976
3465,3354,1663
3466,3340,3286
3467,3368,1962
3468,3237,1725
3469,3277,1139
3470,3382,230
3471,3347,3230
3472,3461,163
3473,3250,1905
3474,3416,3377
3475,3330,366
3476,3472,533
3477,1977,1392
3478,3439,3259
3479,3438,1956
3480,3476,1057
3481,3408,681
3482,1836,1483
3483,3444,1135
3484,3423,1900
3485,3135,1273
3486,3483,809
3487,1010,638
3488,3480,1861
3489,919,315
3490,3445,1873
3491,3488,713
3492,3290,3264
3493,689,131
3494,3316,1332
3495,3491,1138
3496,3322,3073
3497,3495,3378
3498,3497,3325
3499,3486,3289
3500,1583,1063
3501,976,727
3502,3406,720
3503,3293,1933
3504,3499,3422
3505,1771,1687
3506,3490,3474
3507,3324,3251
3508,3319,1554
3509,3504,509
3510,3426,573
3511,3398,3281
3512,3498,1650
3513,3512,931
3514,3513,3447
3515,971,823
3516,1987,853
3517,3509,478
3518,3514,1259
3519,3415,3401
3520,3464,3457
3521,2922,653
3522,3517,786
3523,3518,3473
3524,3460,1228
3525,3359,3292
3526,359,235
3527,3522,3383
3528,3523,780
3529,3366,3355
3530,3481,3442
3531,3484,964
3532,903,891
3533,3436,625
3534,3417,3208
3535,3527,951
3536,3528,1712
3537,3536,3428
3538,3433,3282
3539,3535,521
3540,3539,652
3541,3387,1970
3542,959,956
3543,3454,1056
3544,3372,1848
3545,3531,1419
3546,816,174
3547,3451,597
3548,3127,967
3549,3540,642
3550,3119,2991
3551,3537,1517
3552,3478,1713
3553,3534,1397
3554,3510,1465
3555,3503,3407
3556,3551,3538
3557,1887,1846
3558,794,487
3559,1432,560
3560,221,82
3561,3549,535
3562,3506,3431
3563,3334,1812
3564,3556,3449
3565,3519,1767
3566,3525,3500
3567,1495,1301
3568,3565,3462
3569,3530,1208
3570,3561,591
3571,3570,884
3572,3469,3419
3573,3545,3533
3574,3543,3521
3575,1162,574
3576,3458,3136
3577,3465,116
3578,3413,946
3579,1632,1036
3580,3564,3452
3581,3580,3492
3582,1751,798
3583,1550,811
3584,3524,2955
3585,3562,3552
3586,3547,3520
3587,3394,674
3588,3421,3356
3589,3571,3420
3590,3589,3507
3591,3456,1851
3592,3489,417
3593,3581,854
3594,3440,3348
3595,3593,3502
3596,3554,3337
3597,3573,1416
3598,3494,1157
3599,3595,696
3600,3332,1444
3601,3590,3425
3602,3459,242
3603,3599,3443
3604,182,11
3605,3511,3243
3606,3508,3360
3607,1630,362
3608,3601,693
3609,3596,3566
3610,3471,1732
3611,3468,1198
3612,3555,1659
3613,3336,3218
3614,3399,1948
3615,3569,1524
3616,3608,697
3617,3586,3563
3618,3603,641
3619,1931,826
3620,3616,3542
3621,1865,1102
3622,3597,3467
3623,3618,3598
3624,486,379
3625,1212,633
3626,3623,3585
3627,3381,158
3628,3357,98
3629,2949,388
3630,3568,519
3631,3620,3516
3632,3557,1911
3633,3631,1792
3634,3532,575
3635,3403,725
3636,3578,1791
3637,1683,1652
3638,3515,996
3639,1418,1246
3640,3430,1296
3641,3453,755
3642,3633,663
3643,3642,3615
3644,1025,14
3645,3643,3587
3646,3645,807
3647,3626,3412
3648,3386,1511
3649,3647,3559
3650,3646,1947
3651,3577,57
3652,3482,1447
3653,3649,1090
3654,3650,570
3655,3395,1286
3656,1366,1262
3657,3333,1401
3658,3654,1443
3659,3501,1608
3660,3617,3610
3661,3653,3630
3662,3661,3625
3663,3369,1893
3664,3612,1753
3665,1553,774
3666,3463,2762
3667,3658,3605
3668,1940,890
3669,1717,154
3670,3648,3584
3671,3583,3479
3672,1573,1533
3673,3667,3588
3674,1252,654
3675,2987,1213
3676,1944,1276
3677,3673,961
3678,3662,530
3679,3677,3553
3680,3678,616
3681,3487,827
3682,3680,1202
3683,3682,1837
3684,1730,245
3685,3679,3636
3686,3485,3424
3687,3683,3665
3688,3687,1930
3689,3685,583
3690,3609,1937
3691,3688,817
3692,3635,1406
3693,3689,1604
3694,3693,369
3695,3664,1520
3696,1828,911
3697,3632,1290
3698,3652,3579
3699,3576,3346
3700,3622,3246
3701,3691,1910
3702,3546,869
3703,3505,726
3704,3591,569
3705,3694,968
3706,3701,1413
3707,3706,505
3708,3700,3619
3709,3641,611
3710,3611,3529
3711,3705,910
3712,832,568
3713,3707,3697
3714,1990,489
3715,3711,3634
3716,3638,556
3717,3713,600
3718,458,404
3719,3660,636
3720,3717,3644
3721,3720,676
3722,3715,3621
3723,3719,682
3724,3721,1754
3725,3254,60
3726,3724,3628
3727,3726,835
3728,3544,18
3729,3477,239
3730,3708,834
3731,512,65
3732,3727,3714
3733,3722,3698
3734,3639,3548
3735,1223,1165
3736,3732,1293
3737,3736,1467
3738,3737,3723
3739,1949,1378
3740,3681,3496
3741,3607,3466
3742,3733,1140
3743,437,50
3744,3671,998
3745,3742,3666
3746,3594,376
3747,3435,3404
3748,3674,1867
3749,3695,1565
3750,3745,695
3751,3702,753
3752,3493,1105
3753,3392,1755
3754,3744,883
3755,3656,1773
3756,3686,1172
3757,3668,3637
3758,3750,3558
3759,3758,3690
3760,3418,3315
3761,1103,661
3762,3738,3692
3763,3759,733
3764,3709,294
3765,1992,1143
3766,3763,582
3767,1869,1635
3768,1229,897
3769,3756,394
3770,3766,543
3771,3762,3582
3772,3629,3550
3773,3729,3606
3774,3773,1794
3775,3771,756
3776,3704,290
3777,577,507
3778,3775,3696
3779,3778,3655
3780,3728,3560
3781,3699,3614
3782,3741,3541
3783,3779,3712
3784,3393,1813
3785,947,687
3786,3730,3455
3787,3770,1027
3788,950,612
3789,3787,1696
3790,1617,589
3791,3783,632
3792,3791,732
3793,3792,770
3794,3749,3651
3795,3793,1720
3796,3754,3659
3797,3786,0
3798,3789,3670
3799,3574,609
3800,3798,3731
3801,3769,3427
3802,3575,628
3803,3675,1158
3804,3710,1961
3805,3781,3602
3806,1858,1377
3807,3796,3795
3808,3640,647
3809,1888,525
3810,3800,1534
3811,3739,3592
3812,3810,349
3813,3812,3441
3814,3807,644
3815,3813,833
3816,3815,3805
3817,3797,3716
3818,3814,986
3819,3776,48
3820,3818,3806
3821,3820,787
3822,3475,3470
3823,3821,3804
3824,3817,3801
3825,1946,1487
3826,3823,621
3827,3816,3735
3828,3826,3746
3829,3827,1764
3830,3772,3345
3831,3829,1070
3832,3831,3794
3833,3676,1399
3834,3785,840
3835,3828,555
3836,3835,1179
3837,973,566
3838,1389,738
3839,3832,321
3840,3839,1574
3841,3768,3734
3842,3432,870
3843,3834,3788
3844,3836,3752
3845,3844,3824
3846,3799,3663
3847,3725,2388
3848,3760,3718
3849,3840,1480
3850,3830,450
3851,3849,677
3852,3851,3703
3853,3852,1698
3854,3853,665
3855,3845,3672
3856,3774,785
3857,3854,3567
3858,3857,1060
3859,3855,3802
3860,3858,690
3861,3860,121
3862,3846,277
3863,3842,44
3864,3861,584
3865,3859,1288
3866,991,592
3867,3572,962
3868,852,788
3869,3865,3819
3870,3790,3657
3871,3864,1086
3872,3871,3600
3873,3869,1115
3874,3873,516
3875,1519,980
3876,3874,1222
3877,3876,3757
3878,3753,782
3879,3877,3808
3880,3872,953
3881,3765,1383
3882,3880,3195
3883,3879,941
3884,3883,1735
3885,3882,3669
3886,3885,3843
3887,1542,550
3888,3856,3837
3889,847,596
3890,3884,3764
3891,3886,821
3892,3841,3761
3893,3890,858
3894,3822,3624
3895,3891,3751
3896,3895,3414
3897,3862,978
3898,1705,421
3899,3740,668
3900,3896,386
3901,3767,1518
3902,3838,1769
3903,3900,1438
3904,3893,3878
3905,3904,871
3906,3905,3809
3907,3748,1969
3908,3899,3850
3909,3811,1436
3910,3906,3777
3911,3888,3782
3912,3897,864
3913,3910,3903
3914,3867,1898
3915,3892,3881
3916,3912,462
3917,3911,3848
3918,3913,3863
3919,3803,1302
3920,3918,1607
3921,3894,3743
3922,3755,289
3923,3917,3909
3924,3907,3898
3925,3870,3446
3926,3914,3825
3927,3920,3889
3928,3747,3613
3929,3604,393
3930,1123,22
3931,3927,3921
3932,3931,3924
3933,3932,938
3934,3933,3908
3935,3915,1845
3936,3902,3868
3937,1256,1046
3938,3526,502
3939,3928,3866
3940,3925,578
3941,3934,1023
3942,3941,1455
3943,3935,3919
3944,3942,3926
3945,3944,563
3946,3875,308
3947,3945,3938
3948,3887,1236
3949,3948,3947
3950,3949,402
3951,3901,3684
3952,3939,101
3953,3950,513
3954,3953,1462
3955,3954,1678
3956,3923,1809
3957,3956,728
3958,3847,3780
3959,247,64
3960,930,754
3961,3952,997
3962,3959,3955
3963,3962,267
3964,1522,718
3965,3943,3833
3966,3957,3930
3967,3966,3963
3968,3967,3936
3969,3968,3965
3970,1953,1464
3971,3969,132
3972,3916,1330
3973,3972,71
3974,3961,34
3975,3974,3951
3976,3971,3946
3977,3976,3929
3978,3973,1830
3979,3977,1906
3980,3979,3937
3981,3980,3970
3982,3981,3960
3983,3922,954
3984,3940,3627
3985,3982,156
3986,3985,3784
3987,3978,534
3988,3987,3986
3989,3984,917
3990,3988,3983
3991,3990,3989
3992,3991,380
3993,3992,3958
3994,3993,160
3995,3975,651
3996,3995,3964
3997,3996,1842
3998,3997,3994
