1000,433,53
1001,96,94
1002,409,207
1003,1001,150
1004,477,117
1005,490,220
1006,389,20
1007,1000,390
1008,41,33
1009,1007,215
1010,398,367
1011,1009,77
1012,1005,1004
1013,251,135
1014,815,714
1015,253,112
1016,1003,43
1017,410,138
1018,151,86
1019,285,75
1020,401,368
1021,339,74
1022,1010,72
1023,1014,1011
1024,1008,219
1025,449,152
1026,124,103
1027,237,89
1028,231,107
1029,204,146
1030,1002,354
1031,62,12
1032,1012,170
1033,453,261
1034,1020,392
1035,281,246
1036,257,59
1037,243,79
1038,1013,115
1039,1031,171
1040,1034,119
1041,1029,37
1042,1023,901
1043,413,371
1044,1030,429
1045,1016,963
1046,465,278
1047,495,403
1048,722,501
1049,1038,1017
1050,1024,440
1051,1022,1006
1052,279,168
1053,1050,527
1054,1042,73
1055,1032,658
1056,260,255
1057,1045,508
1058,1044,88
1059,1039,310
1060,1055,987
1061,1060,742
1062,1053,343
1063,200,167
1064,1026,880
1065,353,344
1066,1037,270
1067,1048,1021
1068,1035,442
1069,300,218
1070,1054,1027
1071,439,108
1072,291,4
1073,1061,1018
1074,1049,762
1075,438,259
1076,655,184
1077,1062,192
1078,1070,793
1079,1057,199
1080,189,47
1081,906,15
1082,1043,1041
1083,470,51
1084,587,118
1085,1066,876
1086,1036,423
1087,395,357
1088,1074,1067
1089,292,238
1090,307,252
1091,425,337
1092,1073,1019
1093,1077,935
1094,498,275
1095,370,304
1096,1088,1065
1097,1093,1069
1098,236,202
1099,1078,916
1100,420,318
1101,97,91
1102,106,42
1103,1089,1040
1104,626,412
1105,287,28
1106,179,61
1107,1079,491
1108,1099,298
1109,805,635
1110,299,186
1111,334,258
1112,1108,860
1113,1052,129
1114,1086,1083
1115,1097,1081
1116,1112,286
1117,1087,1064
1118,1116,838
1119,1100,272
1120,1101,312
1121,796,739
1122,1047,418
1123,1063,313
1124,1028,1025
1125,1092,70
1126,1082,778
1127,1085,416
1128,1068,415
1129,1118,1059
1130,1126,1107
1131,1051,263
1132,545,500
1133,1015,143
1134,1033,223
1135,1071,6
1136,497,469
1137,1104,9
1138,1072,194
1139,407,317
1140,1125,137
1141,1096,122
1142,1103,360
1143,1094,196
1144,1111,346
1145,1137,979
1146,1141,776
1147,1115,923
1148,397,104
1149,1129,1105
1150,872,476
1151,1127,203
1152,1075,365
1153,1119,161
1154,249,210
1155,1058,879
1156,1090,280
1157,149,10
1158,316,306
1159,1120,350
1160,1128,639
1161,790,424
1162,972,736
1163,1110,351
1164,993,765
1165,1142,273
1166,784,629
1167,1149,789
1168,1151,46
1169,1130,314
1170,1167,540
1171,1091,133
1172,1140,1106
1173,1146,915
1174,1117,1046
1175,1170,940
1176,933,610
1177,452,254
1178,1160,363
1179,1147,1114
1180,185,67
1181,1173,1084
1182,1155,1122
1183,1138,1131
1184,176,31
1185,1121,541
1186,949,358
1187,274,205
1188,1152,1139
1189,457,56
1190,1156,256
1191,134,81
1192,1175,1172
1193,1132,712
1194,1179,175
1195,1166,892
1196,1145,510
1197,1181,529
1198,1080,473
1199,1183,1113
1200,426,187
1201,178,84
1202,1135,493
1203,849,710
1204,1192,984
1205,481,87
1206,451,130
1207,1197,1185
1208,504,319
1209,1204,517
1210,468,111
1211,865,781
1212,1095,283
1213,434,269
1214,1186,266
1215,1198,333
1216,944,800
1217,1169,1123
1218,1178,148
1219,1161,1153
1220,1195,694
1221,1165,232
1222,480,233
1223,1102,341
1224,1194,862
1225,496,100
1226,1168,1150
1227,1209,791
1228,229,25
1229,467,322
1230,1157,348
1231,975,524
1232,1207,579
1233,1174,662
1234,1196,1076
1235,1133,1
1236,461,406
1237,717,528
1238,686,436
1239,387,144
1240,1182,411
1241,705,38
1242,831,296
1243,1212,475
1244,1164,17
1245,909,444
1246,1217,248
1247,1226,1176
1248,1233,734
1249,1224,325
1250,1227,606
1251,995,692
1252,1232,746
1253,1193,605
1254,448,68
1255,1249,750
1256,268,54
1257,1250,874
1258,1177,361
1259,1143,24
1260,659,572
1261,1255,1252
1262,400,241
1263,165,30
1264,1257,1144
1265,1246,1134
1266,1247,190
1267,1238,604
1268,1248,622
1269,982,741
1270,990,136
1271,1163,139
1272,1234,1216
1273,1199,109
1274,1219,454
1275,347,327
1276,1260,928
1277,1261,1245
1278,1221,1188
1279,601,191
1280,1223,441
1281,1218,751
1282,1273,1214
1283,297,201
1284,1220,565
1285,846,685
1286,878,843
1287,1215,382
1288,1201,499
1289,924,672
1290,1210,211
1291,1277,936
1292,383,302
1293,63,52
1294,1241,743
1295,1191,1159
1296,1291,1202
1297,1264,1244
1298,1162,983
1299,1253,803
1300,1265,217
1301,1281,332
1302,866,772
1303,1299,1266
1304,1285,1272
1305,1237,859
1306,1300,459
1307,1268,719
1308,446,408
1309,1230,422
1310,214,164
1311,1297,1294
1312,1296,761
1313,988,977
1314,1235,193
1315,1284,904
1316,1312,1304
1317,1267,748
1318,1136,1124
1319,1274,1180
1320,157,78
1321,1211,16
1322,1154,929
1323,1307,814
1324,1208,303
1325,956,602
1326,1302,824
1327,598,114
1328,1278,1200
1329,1301,1190
1330,342,80
1331,729,656
1332,1306,856
1333,966,698
1334,460,419
1335,1315,740
1336,1332,562
1337,1282,212
1338,373,177
1339,1254,1243
1340,1240,1222
1341,1229,430
1342,1316,669
1343,1187,335
1344,1311,1280
1345,1336,1317
1346,609,435
1347,1342,715
1348,1251,836
1349,456,32
1350,1231,943
1351,1319,1271
1352,1347,553
1353,848,758
1354,1056,228
1355,464,83
1356,1344,1270
1357,650,544
1358,1298,1276
1359,1203,503
1360,1328,240
1361,1309,66
1362,1335,745
1363,1352,1279
1364,1345,1323
1365,1356,1269
1366,1363,877
1367,777,55
1368,1303,624
1369,1286,795
1370,1364,599
1371,955,567
1372,336,213
1373,1366,1313
1374,898,593
1375,1295,432
1376,559,558
1377,614,547
1378,1373,1340
1379,1365,1242
1380,985,913
1381,640,586
1382,1368,1337
1383,1362,808
1384,850,93
1385,331,102
1386,1289,822
1387,768,328
1388,147,126
1389,716,571
1390,1370,594
1391,224,140
1392,1378,1305
1393,1379,197
1394,142,29
1395,1228,752
1396,1320,708
1397,1351,1206
1398,1393,58
1399,1339,1213
1400,1369,576
1401,427,345
1402,837,554
1403,1310,234
1404,1098,169
1405,492,110
1406,145,92
1407,1358,1327
1408,1360,1329
1409,1392,1321
1410,428,155
1411,1390,1383
1412,957,679
1413,1283,802
1414,1398,523
1415,839,590
1416,123,23
1417,305,162
1418,1148,825
1419,1353,209
1420,1189,952
1421,1411,888
1422,1375,1338
1423,1409,1380
1424,1421,735
1425,1324,1292
1426,1355,1256
1427,1414,1367
1428,1357,542
1429,1333,688
1430,1407,1326
1431,1397,1314
1432,701,225
1433,1400,942
1434,1322,381
1435,320,208
1436,1424,763
1437,479,195
1438,1263,99
1439,1423,1415
1440,1359,657
1441,549,518
1442,920,700
1443,166,7
1444,1436,812
1445,992,680
1446,1427,1293
1447,216,172
1448,1385,141
1449,1444,1386
1450,1389,711
1451,709,443
1452,293,262
1453,1399,918
1454,1308,1205
1455,1430,539
1456,1403,895
1457,198,125
1458,1439,783
1459,1418,1290
1460,1449,744
1461,1318,324
1462,1395,1350
1463,721,76
1464,1455,1382
1465,1450,548
1466,1236,49
1467,1458,627
1468,1460,842
1469,1467,546
1470,623,581
1471,1469,902
1472,301,288
1473,1468,660
1474,265,227
1475,326,128
1476,766,731
1477,1406,1239
1478,1184,180
1479,466,282
1480,538,506
1481,1473,896
1482,1412,1348
1483,827,377
1484,1481,889
1485,1471,900
1486,1485,706
1487,845,532
1488,463,113
1489,1446,1394
1490,1486,851
1491,1490,683
1492,1441,1440
1493,932,183
1494,1464,1433
1495,1445,1442
1496,828,818
1497,1405,474
1498,1484,704
1499,1491,330
1500,1419,1109
1501,1465,779
1502,1425,13
1503,1459,749
1504,159,36
1505,1499,1413
1506,970,613
1507,1489,775
1508,691,646
1509,1505,1476
1510,893,764
1511,1434,396
1512,1498,804
1513,1507,1478
1514,667,619
1515,1431,226
1516,1448,271
1517,1482,1408
1518,1401,873
1519,375,309
1520,414,21
1521,1512,561
1522,1509,899
1523,1426,1341
1524,1494,631
1525,355,173
1526,1428,841
1527,801,637
1528,1331,595
1529,1522,767
1530,1422,1396
1531,1513,85
1532,1517,759
1533,1529,1429
1534,1376,673
1535,1508,886
1536,1515,564
1537,1432,1262
1538,1526,1521
1539,1533,1492
1540,1384,39
1541,1518,1451
1542,1288,1171
1543,1461,1287
1544,1462,887
1545,1470,989
1546,1402,1371
1547,1497,1258
1548,1531,1474
1549,1538,1524
1550,1420,907
1551,295,69
1552,1374,620
1553,1466,1456
1554,1453,882
1555,1544,8
1556,1387,934
1557,1404,250
1558,1539,670
1559,939,352
1560,855,792
1561,1443,806
1562,1381,608
1563,927,922
1564,1558,1537
1565,1534,724
1566,1480,634
1567,1259,329
1568,1511,431
1569,1532,1349
1570,1530,960
1571,881,585
1572,1502,653
1573,1536,1330
1574,1504,1343
1575,1554,1475
1576,867,820
1577,1564,1477
1578,1548,969
1579,1549,925
1580,1578,1553
1581,364,315
1582,1579,1503
1583,1577,1325
1584,1523,1438
1585,1334,760
1586,1541,702
1587,1583,511
1588,1580,1514
1589,1528,912
1590,649,494
1591,405,338
1592,1587,1569
1593,1225,588
1594,1479,127
1595,1487,536
1596,1582,857
1597,1588,487
1598,1447,3
1599,1495,618
1600,1589,1354
1601,1568,478
1602,1463,981
1603,1555,607
1604,1500,844
1605,1483,552
1606,356,35
1607,1592,730
1608,340,181
1609,1391,19
1610,1520,1506
1611,1561,999
1612,485,153
1613,994,696
1614,1496,603
1615,1543,1454
1616,1501,747
1617,1596,914
1618,1557,484
1619,926,580
1620,1565,1452
1621,1601,1586
1622,794,707
1623,666,648
1624,1617,965
1625,830,617
1626,1607,1493
1627,1624,1510
1628,1626,875
1629,1346,378
1630,472,206
1631,1628,829
1632,486,374
1633,1631,1545
1634,723,522
1635,1610,1570
1636,1516,2
1637,1633,905
1638,1625,1552
1639,1637,1560
1640,1275,27
1641,1597,884
1642,1627,769
1643,1641,1550
1644,1576,276
1645,483,26
1646,1575,163
1647,937,520
1648,1603,971
1649,1642,1572
1650,863,675
1651,945,526
1652,311,244
1653,1435,45
1654,1639,894
1655,773,671
1656,1649,1527
1657,1619,1595
1658,1654,514
1659,1457,533
1660,1646,1599
1661,1616,737
1662,1636,1562
1663,1657,1656
1664,1658,557
1665,1663,551
1666,1664,1573
1667,391,323
1668,1604,810
1669,678,5
1670,720,664
1671,1665,1620
1672,771,284
1673,1666,908
1674,1613,1566
1675,1567,868
1676,1671,974
1677,1542,819
1678,1609,1584
1679,1623,921
1680,1416,384
1681,1676,1644
1682,1630,230
1683,1594,1519
1684,1673,1621
1685,1598,366
1686,388,372
1687,447,105
1688,1681,699
1689,1602,1540
1690,1648,1377
1691,689,131
1692,976,727
1693,1661,1638
1694,1647,531
1695,1585,816
1696,813,630
1697,1643,809
1698,1668,98
1699,1688,713
1700,1574,385
1701,1635,1472
1702,1697,1684
1703,1674,515
1704,1488,1388
1705,359,235
1706,1675,757
1707,826,799
1708,1593,1547
1709,903,891
1710,1629,1571
1711,1417,458
1712,1660,1612
1713,1699,1535
1714,1655,1410
1715,885,597
1716,823,556
1717,1437,222
1718,959,560
1719,1713,964
1720,1719,854
1721,786,509
1722,1551,1361
1723,625,482
1724,1662,1556
1725,1720,931
1726,1659,1611
1727,221,82
1728,1725,1703
1729,1698,569
1730,703,188
1731,1559,14
1732,1614,681
1733,1702,521
1734,1701,967
1735,1733,652
1736,1735,1721
1737,1728,633
1738,1634,861
1739,1736,951
1740,1653,645
1741,948,583
1742,1739,1694
1743,1650,958
1744,1737,1712
1745,182,11
1746,1744,780
1747,1706,471
1748,1734,1679
1749,1693,1651
1750,1742,642
1751,455,154
1752,1750,1622
1753,1746,519
1754,445,242
1755,1581,417
1756,1753,1729
1757,1677,1615
1758,1690,1600
1759,1752,535
1760,1726,998
1761,1640,158
1762,1608,1563
1763,1759,853
1764,1709,575
1765,1763,693
1766,1756,1645
1767,1765,591
1768,1731,1714
1769,1605,968
1770,1766,530
1771,869,174
1772,1770,1748
1773,1732,911
1774,1678,1632
1775,1680,1669
1776,919,362
1777,1767,1704
1778,1730,643
1779,95,50
1780,1700,946
1781,1777,697
1782,1738,755
1783,1758,1707
1784,1718,628
1785,1686,1372
1786,1727,1618
1787,725,641
1788,1781,663
1789,774,616
1790,399,57
1791,890,537
1792,1788,615
1793,1760,1689
1794,1772,1740
1795,1743,832
1796,1773,1747
1797,1792,570
1798,1797,1741
1799,1590,684
1800,1716,996
1801,1794,817
1802,1798,573
1803,1708,1591
1804,1801,1789
1805,1804,1795
1806,1802,807
1807,1724,883
1808,1695,543
1809,1769,674
1810,1805,1670
1811,1810,1696
1812,1806,1796
1813,1811,636
1814,1771,753
1815,1782,676
1816,1683,1606
1817,1812,961
1818,1711,116
1819,1817,369
1820,1710,1687
1821,512,65
1822,1813,682
1823,1780,1717
1824,574,568
1825,1822,1787
1826,1825,1774
1827,1783,264
1828,1784,1764
1829,1793,1768
1830,1807,1778
1831,1827,1800
1832,1819,910
1833,1776,1755
1834,1786,18
1835,1815,756
1836,1826,505
1837,1832,1546
1838,1836,600
1839,1838,835
1840,834,525
1841,1837,1809
1842,1839,489
1843,1808,44
1844,1841,695
1845,1824,798
1846,1762,376
1847,577,507
1848,1818,488
1849,1791,239
1850,1835,294
1851,947,687
1852,1754,1722
1853,1842,732
1854,1829,1692
1855,950,612
1856,1785,897
1857,1850,1828
1858,1715,978
1859,1844,582
1860,1854,1853
1861,973,404
1862,1859,1823
1863,1855,797
1864,661,638
1865,611,450
1866,986,770
1867,1856,1820
1868,1691,632
1869,1862,733
1870,1869,1667
1871,1848,1749
1872,1870,1852
1873,1775,379
1874,1860,644
1875,1874,1857
1876,1779,437
1877,811,654
1878,1875,787
1879,1685,1682
1880,1846,90
1881,1878,1866
1882,1803,858
1883,1847,48
1884,1872,349
1885,1843,847
1886,1851,840
1887,1881,555
1888,1887,1845
1889,1830,0
1890,1888,621
1891,1884,321
1892,1891,1821
1893,1158,60
1894,1892,833
1895,1894,121
1896,788,647
1897,1790,1705
1898,1890,1868
1899,1898,1889
1900,1895,1871
1901,550,290
1902,1833,870
1903,726,289
1904,1886,1863
1905,1861,566
1906,1831,1723
1907,1900,1885
1908,1906,1840
1909,852,738
1910,1816,941
1911,1907,677
1912,821,584
1913,1911,665
1914,991,592
1915,1899,516
1916,1873,277
1917,1915,394
1918,980,308
1919,1913,1652
1920,1917,1877
1921,1920,1904
1922,1919,690
1923,1867,864
1924,1921,1849
1925,1799,962
1926,1908,1896
1927,1924,1912
1928,1910,421
1929,1751,120
1930,1922,1814
1931,1930,953
1932,1927,1909
1933,1926,1858
1934,1931,782
1935,1525,502
1936,1933,1932
1937,1936,1880
1938,1934,386
1939,1937,871
1940,1938,1865
1941,1939,1876
1942,1923,1916
1943,1929,1879
1944,1902,1882
1945,1941,1928
1946,1940,1935
1947,1905,22
1948,1945,1883
1949,1948,1942
1950,1946,40
1951,785,578
1952,1757,997
1953,1949,1901
1954,1745,393
1955,1953,1944
1956,1952,1914
1957,1955,402
1958,1950,1903
1959,1958,1943
1960,1959,668
1961,1925,938
1962,1897,930
1963,1961,1960
1964,1963,1957
1965,1956,101
1966,1947,132
1967,1964,563
1968,1951,589
1969,247,64
1970,1967,596
1971,1970,1962
1972,1971,267
1973,1972,513
1974,1968,1672
1975,1973,1969
1976,1893,1834
1977,1966,728
1978,1761,718
1979,462,71
1980,1977,954
1981,1975,1864
1982,1981,1918
1983,1982,1954
1984,1983,1980
1985,1978,1974
1986,917,34
1987,1984,156
1988,1987,754
1989,1965,245
1990,1989,1986
1991,1988,1985
1992,1991,380
1993,1990,651
1994,1992,534
1995,1994,160
1996,1995,1976
1997,1993,1979
1998,1997,1996
