1000,433,53
1001,96,94
1002,409,207
1003,1001,150
1004,477,117
1005,490,220
1006,389,20
1007,1000,390
1008,41,33
1009,1007,215
1010,398,367
1011,1009,77
1012,1005,1004
1013,251,135
1014,815,714
1015,253,112
1016,1003,43
1017,410,138
1018,151,86
1019,285,75
1020,401,368
1021,339,74
1022,1010,72
1023,1014,1011
1024,1008,219
1025,449,152
1026,124,103
1027,237,89
1028,231,107
1029,204,146
1030,1002,354
1031,62,12
1032,1012,170
1033,453,261
1034,1020,392
1035,281,246
1036,257,59
1037,243,79
1038,1013,115
1039,1031,171
1040,1034,119
1041,1029,37
1042,1023,901
1043,413,371
1044,1030,429
1045,1016,963
1046,465,278
1047,495,403
1048,722,501
1049,1038,1017
1050,1024,440
1051,1022,1006
1052,279,168
1053,1050,527
1054,1042,73
1055,1032,658
1056,260,255
1057,1045,508
1058,1044,88
1059,1039,310
1060,1055,987
1061,1060,742
1062,1053,343
1063,200,167
1064,1026,880
1065,353,344
1066,1037,270
1067,1048,1021
1068,1035,442
1069,300,218
1070,1054,1027
1071,439,108
1072,291,4
1073,1061,1018
1074,1049,762
1075,438,259
1076,655,184
1077,1062,192
1078,1070,793
1079,1057,199
1080,189,47
1081,906,15
1082,1043,1041
1083,470,51
1084,587,118
1085,1066,876
1086,1036,423
1087,395,357
1088,1074,1067
1089,292,238
1090,307,252
1091,425,337
1092,1073,1019
1093,1077,935
1094,498,275
1095,370,304
1096,1088,1065
1097,1093,1069
1098,236,202
1099,1078,916
1100,420,318
1101,97,91
1102,106,42
1103,1089,1040
1104,626,412
1105,287,28
1106,179,61
1107,1079,491
1108,1099,298
1109,805,635
1110,299,186
1111,334,258
1112,1108,860
1113,1052,129
1114,1086,1083
1115,1097,1081
1116,1112,286
1117,1087,1064
1118,1116,838
1119,1100,272
1120,1101,312
1121,796,739
1122,1047,418
1123,1063,313
1124,1028,1025
1125,1092,70
1126,1082,778
1127,1085,416
1128,1068,415
1129,1118,1059
1130,1126,1107
1131,1051,263
1132,545,500
1133,1015,143
1134,1033,223
1135,1071,6
1136,497,469
1137,1104,9
1138,1072,194
1139,407,317
1140,1125,137
1141,1096,122
1142,1103,360
1143,1094,196
1144,1111,346
1145,1137,979
1146,1141,776
1147,1115,923
1148,397,104
1149,1129,1105
1150,872,476
1151,1127,203
1152,1075,365
1153,1119,161
1154,249,210
1155,1058,879
1156,1090,280
1157,149,10
1158,316,306
1159,1120,350
1160,1128,639
1161,790,424
1162,972,736
1163,1110,351
1164,993,765
1165,1142,273
1166,784,629
1167,1149,789
1168,1151,46
1169,1130,314
1170,1167,540
1171,1091,133
1172,1140,1106
1173,1146,915
1174,1117,1046
1175,1170,940
1176,933,610
1177,452,254
1178,1160,363
1179,1147,1114
1180,185,67
1181,1173,1084
1182,1155,1122
1183,1138,1131
1184,176,31
1185,1121,541
1186,949,358
1187,274,205
1188,1152,1139
1189,457,56
1190,1156,256
1191,134,81
1192,1175,1172
1193,1132,712
1194,1179,175
1195,1166,892
1196,1145,510
1197,1181,529
1198,1080,473
1199,1183,1113
1200,426,187
1201,178,84
1202,1135,493
1203,849,710
1204,1192,984
1205,481,87
1206,451,130
1207,1197,1185
1208,504,319
1209,1204,517
1210,468,111
1211,865,781
1212,1095,283
1213,434,269
1214,1186,266
1215,1198,333
1216,944,800
1217,1169,1123
1218,1178,148
1219,1161,1153
1220,1195,694
1221,1165,232
1222,480,233
1223,1102,341
1224,1194,862
1225,496,100
1226,1168,1150
1227,1209,791
1228,229,25
1229,467,322
1230,1157,348
1231,975,524
1232,1207,579
1233,1174,662
1234,1196,1076
1235,1133,1
1236,461,406
1237,717,528
1238,686,436
1239,387,144
1240,1182,411
1241,705,38
1242,831,296
1243,1212,475
1244,1164,17
1245,909,444
1246,1217,248
1247,1226,1176
1248,1233,734
1249,1224,325
1250,1227,606
1251,995,692
1252,1232,746
1253,1193,605
1254,448,68
1255,1249,750
1256,268,54
1257,1250,874
1258,1177,361
1259,1143,24
1260,659,572
1261,1255,1252
1262,400,241
1263,165,30
1264,1257,1144
1265,1246,1134
1266,1247,190
1267,1238,604
1268,1248,622
1269,982,741
1270,990,136
1271,1163,139
1272,1234,1216
1273,1199,109
1274,1219,454
1275,347,327
1276,1260,928
1277,1261,1245
1278,1221,1188
1279,601,191
1280,1223,441
1281,1218,751
1282,1273,1214
1283,297,201
1284,1220,565
1285,846,685
1286,878,843
1287,1215,382
1288,1201,499
1289,924,672
1290,1210,211
1291,1277,936
1292,383,302
1293,63,52
1294,1241,743
1295,1191,1159
1296,1291,1202
1297,1264,1244
1298,1162,983
1299,1253,803
1300,1265,217
1301,1281,332
1302,866,772
1303,1299,1266
1304,1285,1272
1305,1237,859
1306,1300,459
1307,1268,719
1308,446,408
1309,1230,422
1310,214,164
1311,1297,1294
1312,1296,761
1313,988,977
1314,1235,193
1315,1284,904
1316,1312,1304
1317,1267,748
1318,1136,1124
1319,1274,1180
1320,157,78
1321,1211,16
1322,1154,929
1323,1307,814
1324,1208,303
1325,956,602
1326,1302,824
1327,598,114
1328,1278,1200
1329,1301,1190
1330,342,80
1331,729,656
1332,1306,856
1333,966,698
1334,460,419
1335,1315,740
1336,1332,562
1337,1282,212
1338,373,177
1339,1254,1243
1340,1240,1222
1341,1316,669
1342,1187,335
1343,1229,430
1344,1311,1280
1345,1336,1317
1346,609,435
1347,1341,715
1348,1251,836
1349,456,32
1350,1231,943
1351,1319,1271
1352,1347,553
1353,848,758
1354,1056,228
1355,464,83
1356,1344,1270
1357,650,544
1358,1298,1276
1359,1203,503
1360,1328,240
1361,1309,66
1362,1335,745
1363,1352,1279
1364,1345,1323
1365,1356,1269
1366,1363,877
1367,777,55
1368,1303,624
1369,1286,795
1370,1364,599
1371,955,567
1372,336,213
1373,1366,1313
1374,898,593
1375,1295,432
1376,559,558
1377,614,547
1378,1373,1340
1379,1365,1242
1380,985,913
1381,640,586
1382,1368,1337
1383,1362,808
1384,850,93
1385,331,102
1386,1289,822
1387,768,328
1388,147,126
1389,716,571
1390,1370,594
1391,224,140
1392,1378,1305
1393,1379,197
1394,142,29
1395,1228,752
1396,1320,708
1397,1351,1206
1398,1393,58
1399,1339,1213
1400,1369,576
1401,427,345
1402,837,554
1403,1310,234
1404,1098,169
1405,492,110
1406,145,92
1407,1358,1327
1408,1360,1329
1409,1392,1321
1410,428,155
1411,1390,1383
1412,957,679
1413,1283,802
1414,1398,523
1415,839,590
1416,123,23
1417,305,162
1418,1148,825
1419,1353,209
1420,1189,952
1421,1411,888
1422,1375,1338
1423,1409,1380
1424,1421,735
1425,1324,1292
1426,1355,1256
1427,1414,1367
1428,1357,542
1429,1333,688
1430,1407,1326
1431,1397,1314
1432,701,225
1433,1400,942
1434,1322,381
1435,320,208
1436,1424,763
1437,479,195
1438,1263,99
1439,1423,1415
1440,1359,657
1441,549,518
1442,920,700
1443,166,7
1444,1436,812
1445,992,680
1446,1427,1293
1447,216,172
1448,1385,141
1449,1444,1386
1450,1389,711
1451,709,443
1452,293,262
1453,1399,918
1454,1308,1205
1455,1430,539
1456,1403,895
1457,198,125
1458,1318,324
1459,1439,783
1460,1418,1290
1461,1449,744
1462,1395,1350
1463,721,76
1464,1455,1382
1465,1450,548
1466,1236,49
1467,1459,627
1468,1461,842
1469,1467,546
1470,623,581
1471,1469,902
1472,301,288
1473,1468,660
1474,265,227
1475,326,128
1476,766,731
1477,1406,1239
1478,1184,180
1479,466,282
1480,538,506
1481,1473,896
1482,1412,1348
1483,827,377
1484,1481,889
1485,1471,900
1486,1485,706
1487,845,532
1488,463,113
1489,1446,1394
1490,1486,851
1491,1490,683
1492,1441,1440
1493,932,183
1494,1464,1433
1495,667,619
1496,1445,1442
1497,828,818
1498,1405,474
1499,1484,704
1500,1491,330
1501,295,69
1502,1419,1109
1503,1465,779
1504,1425,13
1505,1460,749
1506,159,36
1507,1500,1413
1508,970,613
1509,1489,775
1510,691,646
1511,1507,1476
1512,893,764
1513,1434,396
1514,1499,804
1515,1509,1478
1516,1431,226
1517,1448,271
1518,1482,1408
1519,1401,873
1520,375,309
1521,414,21
1522,1514,561
1523,1466,1361
1524,1511,899
1525,1426,1343
1526,1494,631
1527,355,173
1528,1428,841
1529,801,637
1530,1331,595
1531,1524,767
1532,1422,1396
1533,1515,85
1534,1518,759
1535,1531,1429
1536,1376,673
1537,1510,886
1538,1458,1287
1539,1516,564
1540,1432,1262
1541,1528,1522
1542,1535,1492
1543,1384,39
1544,1519,1451
1545,1288,1171
1546,1462,887
1547,1470,989
1548,1402,1371
1549,1498,1258
1550,1533,1474
1551,1541,1526
1552,1420,907
1553,1374,620
1554,1453,882
1555,1546,8
1556,1387,934
1557,1404,250
1558,1542,670
1559,939,352
1560,855,792
1561,1550,1456
1562,1443,806
1563,1381,608
1564,927,922
1565,1259,329
1566,1558,1540
1567,1536,724
1568,1480,634
1569,1513,431
1570,1534,1349
1571,1532,960
1572,881,585
1573,1504,653
1574,1539,1330
1575,1506,1342
1576,1554,1475
1577,867,820
1578,1566,1477
1579,1561,969
1580,1551,925
1581,364,315
1582,1580,1505
1583,1578,1325
1584,1525,1438
1585,1579,1495
1586,1334,760
1587,1544,702
1588,1583,511
1589,1530,912
1590,649,494
1591,1588,1585
1592,405,338
1593,1225,588
1594,1479,127
1595,1570,730
1596,1487,536
1597,1582,857
1598,1447,3
1599,1595,1391
1600,1496,618
1601,1589,1354
1602,1569,478
1603,1463,981
1604,1555,607
1605,1502,844
1606,1483,552
1607,356,35
1608,340,181
1609,1521,1508
1610,1562,999
1611,485,153
1612,994,696
1613,1497,603
1614,1599,514
1615,1538,1454
1616,1503,747
1617,1591,707
1618,1597,914
1619,1614,926
1620,1557,484
1621,1567,1452
1622,1619,1435
1623,1602,1587
1624,666,648
1625,1618,965
1626,830,617
1627,1625,1512
1628,1275,27
1629,1346,378
1630,472,206
1631,1617,1552
1632,486,374
1633,723,522
1634,1609,1571
1635,1517,2
1636,1626,1553
1637,1627,769
1638,1622,931
1639,384,19
1640,1577,276
1641,483,26
1642,1576,163
1643,937,520
1644,1604,971
1645,1638,1596
1646,1637,1573
1647,1568,905
1648,1631,908
1649,863,675
1650,945,526
1651,311,244
1652,868,829
1653,773,671
1654,1560,509
1655,1646,1529
1656,1457,533
1657,1642,1600
1658,1616,737
1659,1645,580
1660,1659,699
1661,1655,551
1662,894,531
1663,391,323
1664,1605,810
1665,1660,875
1666,678,5
1667,1661,1621
1668,720,664
1669,1652,1643
1670,1623,1574
1671,771,284
1672,1667,974
1673,1648,809
1674,1545,819
1675,1563,1556
1676,1672,1640
1677,1624,921
1678,1673,884
1679,1630,230
1680,1594,1520
1681,1598,366
1682,388,372
1683,447,105
1684,1678,1670
1685,1586,816
1686,1639,1472
1687,1603,1543
1688,1644,1377
1689,1635,703
1690,1633,1547
1691,1665,946
1692,689,131
1693,976,727
1694,1658,1636
1695,1647,1612
1696,98,45
1697,1691,1676
1698,813,630
1699,1696,1664
1700,1523,1501
1701,1575,385
1702,1634,967
1703,1684,1493
1704,1488,1388
1705,1703,557
1706,359,235
1707,826,799
1708,1705,1654
1709,1593,1549
1710,1669,1613
1711,903,891
1712,1695,515
1713,1565,757
1714,1708,652
1715,1629,1572
1716,1417,458
1717,1657,1611
1718,1653,1410
1719,885,597
1720,823,556
1721,1437,222
1722,959,560
1723,1697,713
1724,625,482
1725,1656,1610
1726,794,487
1727,221,82
1728,1714,521
1729,1728,535
1730,1689,1675
1731,1710,681
1732,1559,14
1733,1723,1712
1734,1729,951
1735,1702,1677
1736,1734,786
1737,1733,780
1738,1736,1662
1739,1699,569
1740,1738,642
1741,1537,519
1742,1737,854
1743,948,583
1744,1740,853
1745,1690,755
1746,1742,964
1747,1713,471
1748,1746,1641
1749,1649,958
1750,643,188
1751,182,11
1752,1744,693
1753,1694,1650
1754,455,154
1755,1748,1717
1756,445,242
1757,1581,417
1758,1741,682
1759,1674,1615
1760,1688,1601
1761,1628,158
1762,1755,1739
1763,1711,575
1764,1731,911
1765,1564,362
1766,1752,591
1767,1632,1584
1768,1766,1704
1769,1732,1718
1770,1762,1686
1771,1606,968
1772,1735,1719
1773,1768,697
1774,1770,641
1775,1758,1698
1776,869,174
1777,1765,1608
1778,1773,663
1779,1778,1764
1780,1747,95
1781,1687,998
1782,1757,919
1783,1779,615
1784,1760,1707
1785,1722,628
1786,1682,1372
1787,1727,1620
1788,1774,616
1789,1721,1701
1790,1783,570
1791,1788,633
1792,1781,1725
1793,399,57
1794,890,537
1795,1790,573
1796,1791,1767
1797,1745,684
1798,1749,832
1799,1416,450
1800,1666,264
1801,1772,636
1802,1795,807
1803,1802,1726
1804,1720,996
1805,1709,1592
1806,1797,756
1807,1803,1743
1808,1730,883
1809,1796,774
1810,1685,543
1811,1809,817
1812,1668,798
1813,1811,489
1814,1813,530
1815,1776,753
1816,1807,961
1817,1771,674
1818,1814,505
1819,1801,1800
1820,1680,1607
1821,1816,369
1822,1716,116
1823,1818,676
1824,1821,1548
1825,1823,725
1826,1715,1683
1827,512,65
1828,1825,1798
1829,1824,1700
1830,1780,687
1831,1828,1769
1832,1831,600
1833,574,568
1834,437,50
1835,1784,1775
1836,1785,1763
1837,1829,910
1838,1806,294
1839,1835,1804
1840,834,718
1841,1832,1792
1842,1787,18
1843,1837,1817
1844,1841,835
1845,1838,1836
1846,1810,44
1847,1839,1819
1848,1777,376
1849,577,507
1850,661,645
1851,1833,1808
1852,1844,986
1853,1822,488
1854,1843,695
1855,1794,239
1856,1852,861
1857,1834,1830
1858,950,612
1859,1786,897
1860,1856,770
1861,1789,1756
1862,1860,1845
1863,973,404
1864,1858,797
1865,1782,870
1866,1862,1812
1867,1854,582
1868,1859,1826
1869,1692,632
1870,1867,733
1871,1851,1750
1872,1866,1846
1873,1870,1663
1874,947,840
1875,1853,1753
1876,1872,621
1877,1681,1679
1878,1873,349
1879,1878,321
1880,1876,732
1881,1880,787
1882,1881,1857
1883,811,654
1884,1879,1861
1885,1805,858
1886,1849,48
1887,1884,1651
1888,1848,90
1889,1882,644
1890,1889,1693
1891,1871,0
1892,1887,726
1893,1890,665
1894,1893,1869
1895,1894,584
1896,1892,121
1897,1896,1827
1898,788,647
1899,1793,1706
1900,550,290
1901,1895,555
1902,1874,1864
1903,1897,677
1904,1901,941
1905,1904,516
1906,1891,738
1907,1863,566
1908,1847,978
1909,1820,1799
1910,852,589
1911,1905,833
1912,1911,1906
1913,1888,525
1914,1590,962
1915,991,592
1916,1912,1908
1917,1903,953
1918,1917,1875
1919,980,308
1920,1158,60
1921,1840,394
1922,1754,120
1923,847,596
1924,1918,690
1925,1865,954
1926,1916,1855
1927,1527,502
1928,1926,1902
1929,1928,1913
1930,1924,1815
1931,1909,421
1932,1930,782
1933,1929,1883
1934,1933,821
1935,1850,638
1936,379,277
1937,1922,1877
1938,1932,386
1939,1938,1927
1940,1868,462
1941,1940,864
1942,1934,871
1943,1898,785
1944,1942,1931
1945,1944,1885
1946,1907,22
1947,1945,1900
1948,1921,1724
1949,1886,1761
1950,1759,101
1951,1947,1939
1952,1943,578
1953,1751,393
1954,1935,668
1955,611,40
1956,1937,1925
1957,1951,1923
1958,1950,1915
1959,1952,1910
1960,1957,938
1961,1899,930
1962,1960,1956
1963,1941,1936
1964,1958,997
1965,1946,132
1966,1962,563
1967,1966,1961
1968,402,64
1969,1949,1948
1970,1967,267
1971,1964,34
1972,1970,513
1973,1972,1914
1974,1973,1954
1975,1974,1955
1976,1975,1968
1977,1671,245
1978,1976,247
1979,1920,1842
1980,1965,728
1981,1969,1959
1982,1978,1919
1983,1982,1953
1984,380,289
1985,1983,1980
1986,1985,156
1987,1981,1963
1988,1987,1986
1989,1988,754
1990,1971,651
1991,1990,917
1992,1977,160
1993,1991,71
1994,1989,1984
1995,1994,534
1996,1995,1992
1997,1996,1979
1998,1997,1993
