4000,2338,1598
4001,3643,2145
4002,4001,3885
4003,4000,3261
4004,2279,2030
4005,2340,2138
4006,4002,3977
4007,3069,1281
4008,3686,2860
4009,4007,2309
4010,4003,2395
4011,4004,477
4012,3539,3526
4013,4009,2133
4014,3827,3712
4015,4006,2497
4016,4010,1315
4017,3755,2746
4018,1242,433
4019,4005,96
4020,4013,2559
4021,4015,3292
4022,4011,2243
4023,3707,2374
4024,3950,1201
4025,4021,3920
4026,4019,1951
4027,3650,2070
4028,4020,2051
4029,4028,33
4030,4022,2306
4031,4024,3763
4032,4027,1013
4033,4018,2383
4034,3768,3346
4035,1926,1857
4036,3068,3036
4037,4025,1219
4038,4016,3208
4039,4030,2661
4040,1096,390
4041,3290,150
4042,4037,3377
4043,3600,3427
4044,4033,1098
4045,4032,2387
4046,4026,94
4047,4038,2403
4048,3530,3108
4049,4029,4023
4050,3928,3666
4051,4031,3689
4052,3860,3088
4053,4039,3110
4054,2430,2287
4055,3023,41
4056,3153,1177
4057,4045,74
4058,4052,4017
4059,409,207
4060,4042,1073
4061,3298,2118
4062,4047,4043
4063,3448,3234
4064,4058,3260
4065,4012,117
4066,4049,2074
4067,4044,53
4068,4041,3033
4069,4060,4048
4070,3095,2259
4071,2331,2302
4072,3019,47
4073,4062,1357
4074,2582,220
4075,4069,3734
4076,4066,4056
4077,3970,79
4078,4073,3300
4079,4075,4008
4080,4067,4040
4081,4014,3146
4082,3279,3015
4083,389,20
4084,3711,3691
4085,4050,4035
4086,4078,4051
4087,4055,3203
4088,3919,3899
4089,4068,3856
4090,3982,2264
4091,4076,2339
4092,2057,1649
4093,4053,2849
4094,3698,3555
4095,2222,1742
4096,4079,3998
4097,4072,3057
4098,4096,2466
4099,3429,3276
4100,3319,3259
4101,2464,1984
4102,4087,4085
4103,1131,815
4104,4064,3606
4105,4081,1188
4106,4046,4036
4107,4034,3681
4108,4065,1084
4109,4090,1137
4110,4106,4086
4111,3770,3391
4112,3610,3601
4113,4091,4054
4114,4101,4098
4115,3496,43
4116,398,367
4117,2099,2035
4118,3695,1523
4119,4080,2164
4120,4093,2008
4121,4104,2729
4122,1838,1544
4123,4114,4061
4124,3805,3022
4125,4077,3064
4126,4089,3246
4127,4070,1657
4128,4074,490
4129,215,77
4130,4057,2294
4131,3633,135
4132,4105,4095
4133,4126,4107
4134,4120,1154
4135,2662,1093
4136,4088,3908
4137,4071,1881
4138,4119,4103
4139,4132,3438
4140,2120,497
4141,2580,429
4142,4110,124
4143,3456,3173
4144,4063,1144
4145,1446,1018
4146,4111,3447
4147,4134,1892
4148,3047,2317
4149,4136,4097
4150,2679,1439
4151,4142,4122
4152,1778,1133
4153,4113,2232
4154,3205,1968
4155,3629,3244
4156,2273,2199
4157,253,112
4158,4143,4099
4159,4117,3561
4160,4153,3799
4161,4138,714
4162,4121,3083
4163,4123,2443
4164,3359,3187
4165,4092,2378
4166,4135,4131
4167,4083,3909
4168,4059,3753
4169,410,138
4170,3183,3004
4171,4161,4147
4172,151,86
4173,4148,2328
4174,4163,4139
4175,285,75
4176,401,368
4177,4125,1647
4178,4137,204
4179,1834,251
4180,4151,3954
4181,4133,4115
4182,4128,4108
4183,2536,1195
4184,3943,2104
4185,3365,3310
4186,2244,2233
4187,3769,3683
4188,4124,2391
4189,3403,1566
4190,2477,1675
4191,4180,3459
4192,1489,1478
4193,4156,3229
4194,3441,246
4195,2181,465
4196,4152,1349
4197,4174,4084
4198,2522,1631
4199,2886,1536
4200,4173,4130
4201,2071,168
4202,1481,353
4203,1150,1052
4204,3506,2149
4205,4102,1928
4206,3961,1513
4207,4191,1425
4208,1347,371
4209,4116,72
4210,2685,1890
4211,3131,89
4212,4160,3100
4213,4162,4154
4214,3220,243
4215,4145,1321
4216,4197,2438
4217,4166,1039
4218,449,152
4219,3098,1924
4220,3554,1777
4221,4127,1734
4222,4149,3717
4223,3449,3029
4224,4212,1504
4225,4177,4170
4226,231,107
4227,4168,3596
4228,3905,3902
4229,4158,3674
4230,4225,4216
4231,4189,1265
4232,4109,3469
4233,2832,1423
4234,4190,1567
4235,3184,3094
4236,4224,4217
4237,4178,146
4238,4214,4094
4239,4181,4155
4240,4200,4165
4241,1661,501
4242,2412,1220
4243,62,12
4244,4210,4118
4245,4211,237
4246,4146,3374
4247,4129,2816
4248,3761,97
4249,3495,3198
4250,4207,3254
4251,4232,4171
4252,453,261
4253,1275,1082
4254,4205,1283
4255,4176,392
4256,4236,901
4257,4250,4204
4258,4182,170
4259,4239,2564
4260,4240,1338
4261,4256,2487
4262,4184,2511
4263,4169,354
4264,4193,1292
4265,4233,3814
4266,4188,2523
4267,3671,1107
4268,1342,963
4269,1772,1589
4270,257,59
4271,4192,1815
4272,4254,1020
4273,4112,2368
4274,3967,2352
4275,4238,4213
4276,4257,1886
4277,4100,3959
4278,4198,1825
4279,1334,1272
4280,4195,3846
4281,4259,1747
4282,3781,252
4283,4261,1676
4284,4221,3051
4285,4247,73
4286,1433,357
4287,3369,413
4288,2183,2129
4289,4269,3529
4290,4251,2632
4291,3294,1615
4292,4264,4206
4293,4230,3269
4294,4208,3382
4295,2192,2064
4296,4260,1840
4297,4243,171
4298,2393,2337
4299,4159,2301
4300,4227,2878
4301,4201,2353
4302,4276,103
4303,4244,2550
4304,4283,762
4305,3440,3243
4306,2343,1040
4307,4293,3400
4308,4255,119
4309,3457,2680
4310,4281,3819
4311,4229,3356
4312,4237,3137
4313,4272,3212
4314,4304,3164
4315,4082,1979
4316,4302,4284
4317,4307,3670
4318,2255,2174
4319,4314,2007
4320,3307,3041
4321,4141,9
4322,4317,2256
4323,4248,3958
4324,4290,4175
4325,4296,1692
4326,3085,2546
4327,3470,1941
4328,4313,4199
4329,3372,2380
4330,1577,1035
4331,4241,722
4332,4310,3742
4333,3514,1991
4334,4325,2308
4335,3904,3079
4336,495,403
4337,3966,3922
4338,1180,527
4339,4179,1430
4340,3907,1457
4341,3413,2844
4342,4319,2010
4343,2314,1311
4344,3395,46
4345,1087,880
4346,4305,4222
4347,4246,4235
4348,2432,2375
4349,4271,4245
4350,3708,1826
4351,4332,4220
4352,4297,1329
4353,3869,3210
4354,4288,4172
4355,3192,2193
4356,4324,4183
4357,3366,1122
4358,3332,2176
4359,4292,1557
4360,440,218
4361,3540,1400
4362,4326,2329
4363,4316,4312
4364,4331,4203
4365,1068,793
4366,4328,1708
4367,3384,287
4368,4299,3588
4369,4263,2565
4370,4342,3900
4371,4266,3820
4372,4300,3826
4373,4167,4144
4374,3373,2584
4375,1835,1605
4376,4356,742
4377,3221,1295
4378,2507,2202
4379,2514,1746
4380,4366,4343
4381,2218,1141
4382,3385,1994
4383,4322,4196
4384,4301,2988
4385,4376,4265
4386,4370,219
4387,4334,1168
4388,3103,2455
4389,4274,192
4390,260,255
4391,1601,37
4392,4347,4311
4393,4386,115
4394,3375,3222
4395,442,281
4396,4393,3299
4397,3773,3273
4398,2276,17
4399,4315,1497
4400,4285,1375
4401,3136,491
4402,4268,1814
4403,1877,1320
4404,4223,370
4405,1193,1006
4406,3721,4
4407,4363,4289
4408,4387,2332
4409,4351,3285
4410,4383,4234
4411,3286,3018
4412,4396,3971
4413,3626,3510
4414,4275,876
4415,3213,1266
4416,4359,3743
4417,4267,1230
4418,3910,1660
4419,4412,1282
4420,4150,2917
4421,4278,3123
4422,3831,3225
4423,4219,1126
4424,3306,929
4425,4385,987
4426,200,167
4427,1967,1856
4428,3211,3209
4429,3778,1603
4430,4409,3785
4431,4407,3043
4432,4298,2282
4433,1757,460
4434,2472,1251
4435,3314,317
4436,4431,3504
4437,4402,508
4438,4371,3258
4439,4321,184
4440,4253,1308
4441,2344,1299
4442,4419,1398
4443,4404,3675
4444,4282,307
4445,4425,1114
4446,4430,4303
4447,4416,1132
4448,4164,279
4449,4442,1037
4450,3547,2335
4451,4421,1239
4452,4187,4140
4453,4414,4392
4454,3160,3087
4455,4280,2388
4456,4368,3802
4457,4372,2108
4458,4436,4374
4459,4360,300
4460,3399,2759
4461,1125,626
4462,4408,2081
4463,4242,3329
4464,4215,1463
4465,4309,3590
4466,4389,343
4467,4380,344
4468,4445,658
4469,4294,3986
4470,439,108
4471,4277,3918
4472,1498,1224
4473,4287,2240
4474,3394,3257
4475,4458,1883
4476,4410,4327
4477,4345,3387
4478,4449,1337
4479,4375,339
4480,3921,1552
4481,4352,310
4482,4438,4231
4483,4468,4365
4484,3283,3193
4485,4478,4361
4486,4475,2047
4487,4323,1758
4488,4446,2877
4489,4262,2955
4490,4467,3297
4491,4373,3634
4492,2928,314
4493,4355,4286
4494,4349,1737
4495,2962,1127
4496,438,259
4497,4400,298
4498,3228,2367
4499,4369,3854
4500,4333,4258
4501,4185,3488
4502,4471,3309
4503,3172,1450
4504,4486,1306
4505,4338,1367
4506,4320,1083
4507,4504,4411
4508,4485,4462
4509,2621,1868
4510,4367,4306
4511,4476,4384
4512,3347,500
4513,4490,2911
4514,3101,1503
4515,3313,1831
4516,4477,2103
4517,4466,4447
4518,3825,2938
4519,906,15
4520,4483,1186
4521,4186,1079
4522,4364,1505
4523,4480,4451
4524,4273,3527
4525,470,51
4526,3340,2423
4527,4399,1529
4528,4346,2297
4529,4520,4354
4530,4461,4339
4531,587,118
4532,4456,3132
4533,3002,1384
4534,4279,1579
4535,2085,1710
4536,4270,423
4537,3944,3574
4538,4528,2056
4539,4513,1368
4540,4488,3178
4541,4511,1959
4542,4455,1372
4543,3128,3046
4544,2361,1415
4545,4391,2360
4546,4529,2097
4547,3185,2742
4548,4539,3960
4549,4417,1646
4550,4295,1051
4551,4403,1017
4552,4540,1101
4553,4401,2450
4554,4514,4418
4555,4507,1434
4556,4500,3709
4557,3517,3472
4558,2686,629
4559,292,238
4560,3638,3492
4561,425,337
4562,4541,2105
4563,4552,4453
4564,1876,360
4565,4555,3648
4566,4508,1606
4567,1382,935
4568,4228,3945
4569,4566,2420
4570,2234,210
4571,4473,199
4572,4405,3056
4573,4565,1537
4574,498,275
4575,4506,3090
4576,3836,3378
4577,4341,3868
4578,4335,3479
4579,4573,4517
4580,4546,4497
4581,4202,2170
4582,3171,104
4583,4420,286
4584,3197,1424
4585,1530,1379
4586,4567,4548
4587,4348,2015
4588,4530,4427
4589,2751,2608
4590,4532,1819
4591,4522,4499
4592,4554,4482
4593,236,202
4594,4489,1091
4595,2567,838
4596,4381,1417
4597,4437,1586
4598,4549,4377
4599,1333,1297
4600,4440,1386
4601,4249,1917
4602,4562,2508
4603,420,318
4604,106,42
4605,1860,1643
4606,4586,4569
4607,4329,1619
4608,4362,68
4609,4580,4494
4610,3895,860
4611,3021,270
4612,4602,4423
4613,4505,4459
4614,4519,4441
4615,2534,879
4616,2296,784
4617,2060,1591
4618,4465,1029
4619,4579,4516
4620,4209,350
4621,4556,3762
4622,4330,2185
4623,2454,189
4624,4491,4413
4625,4559,4308
4626,2480,1095
4627,3940,3722
4628,179,61
4629,3238,331
4630,4515,3775
4631,4502,3694
4632,1204,88
4633,4524,4429
4634,4406,291
4635,2326,1041
4636,4521,3236
4637,4544,2880
4638,4581,1681
4639,4576,4194
4640,3024,1585
4641,4394,3084
4642,805,635
4643,4619,4493
4644,4609,4378
4645,299,186
4646,4452,4218
4647,3061,3003
4648,334,258
4649,1914,778
4650,4612,1304
4651,3669,1206
4652,2943,2836
4653,4543,3887
4654,4503,949
4655,2812,2792
4656,4509,1885
4657,4397,452
4658,4457,4395
4659,3402,3322
4660,4553,2646
4661,4358,3189
4662,4594,3914
4663,2861,1894
4664,4598,3622
4665,4611,129
4666,1923,1648
4667,4536,4439
4668,2637,2088
4669,4613,1602
4670,4542,278
4671,4643,3255
4672,4379,2150
4673,4527,4510
4674,4382,4291
4675,4534,979
4676,2638,2354
4677,4671,3972
4678,4432,2096
4679,3653,3581
4680,4550,395
4681,1787,1257
4682,4450,2509
4683,4644,1560
4684,2547,1345
4685,1435,1028
4686,4588,1217
4687,4677,4472
4688,4577,3624
4689,2130,1253
4690,4523,2366
4691,4649,3859
4692,4398,1350
4693,4618,1919
4694,4659,2827
4695,4664,4650
4696,4653,4590
4697,3817,2143
4698,4606,4591
4699,4434,4426
4700,4673,1422
4701,1761,1216
4702,2602,1044
4703,4512,4463
4704,4634,4563
4705,4474,1976
4706,4687,1034
4707,4623,4538
4708,3165,2760
4709,3312,229
4710,3435,1891
4711,4621,1291
4712,1693,400
4713,4583,1471
4714,4706,2160
4715,4444,280
4716,4646,3929
4717,4564,1707
4718,4683,916
4719,4714,4592
4720,4422,3877
4721,3824,2993
4722,3170,1656
4723,4637,2691
4724,4704,4624
4725,3155,2372
4726,4603,272
4727,4695,4587
4728,2757,1108
4729,796,739
4730,4663,4571
4731,4578,3232
4732,3849,3619
4733,2881,837
4734,3803,397
4735,4469,416
4736,4600,3615
4737,4727,2781
4738,4336,418
4739,2594,705
4740,2112,1429
4741,4496,3835
4742,4702,4388
4743,4698,1187
4744,4660,2414
4745,4690,1393
4746,4672,2978
4747,4665,3049
4748,3397,3161
4749,4669,1164
4750,4595,791
4751,4718,4700
4752,4686,412
4753,4484,3499
4754,4743,1904
4755,4560,1821
4756,3705,468
4757,4479,2866
4758,4719,4596
4759,4668,2300
4760,4754,4599
4761,4749,4614
4762,1913,1645
4763,4711,1390
4764,4622,4357
4765,3345,1611
4766,3735,2635
4767,4744,2485
4768,4737,975
4769,4751,28
4770,4424,1104
4771,3380,268
4772,4443,1454
4773,1274,1067
4774,1376,923
4775,4344,3996
4776,4760,4638
4777,4713,1237
4778,4776,2136
4779,4769,1214
4780,4688,4662
4781,4350,3078
4782,4626,4535
4783,4340,283
4784,3764,1209
4785,2152,1580
4786,4752,4675
4787,3432,1348
4788,984,70
4789,4157,143
4790,3354,3122
4791,4558,1510
4792,4252,223
4793,4735,4689
4794,312,91
4795,4657,4518
4796,1925,1810
4797,4758,4635
4798,4654,358
4799,4353,3407
4800,3481,2910
4801,4470,6
4802,4585,2310
4803,2248,1452
4804,2678,2148
4805,4572,2260
4806,4667,4525
4807,4724,4656
4808,4755,1532
4809,4608,4337
4810,3995,2169
4811,1551,1002
4812,2837,2798
4813,4778,3348
4814,3169,2738
4815,4775,1824
4816,4501,1548
4817,4733,4498
4818,4730,3892
4819,4720,4633
4820,4741,4705
4821,4782,4597
4822,4779,4684
4823,3818,3360
4824,4574,196
4825,4648,346
4826,4802,776
4827,4762,4681
4828,3728,3318
4829,4415,3871
4830,4770,2078
4831,1870,1562
4832,4780,4750
4833,4495,1033
4834,3932,435
4835,3331,383
4836,4708,579
4837,3913,2006
4838,4699,1075
4839,3858,3251
4840,4604,4481
4841,4435,266
4842,4777,1076
4843,4658,639
4844,4797,3642
4845,872,476
4846,4454,3073
4847,4670,2311
4848,4652,3812
4849,4655,2926
4850,4740,2107
4851,4682,1878
4852,4531,2711
4853,4844,2676
4854,4813,3984
4855,4807,4747
4856,4610,1613
4857,4640,3657
4858,4636,2458
4859,4734,134
4860,4726,161
4861,4448,3417
4862,4768,2286
4863,4547,1119
4864,4601,2075
4865,4616,3127
4866,4433,2348
4867,2743,303
4868,4694,3875
4869,4676,2687
4870,4794,4487
4871,4832,4822
4872,3702,1032
4873,1729,191
4874,1402,365
4875,3376,3016
4876,4723,2557
4877,4766,4460
4878,4854,915
4879,2761,2677
4880,3821,2207
4881,3571,2324
4882,4631,25
4883,2408,1507
4884,4763,137
4885,1572,424
4886,4878,4761
4887,2825,2593
4888,4853,662
4889,4838,4742
4890,4627,4537
4891,149,10
4892,1614,1269
4893,4753,4630
4894,4757,1085
4895,4607,2854
4896,4888,1859
4897,3985,3218
4898,3182,2641
4899,4725,2098
4900,3339,1739
4901,4575,3730
4902,4584,3806
4903,4871,940
4904,1370,407
4905,4896,1322
4906,3162,1460
4907,4826,4745
4908,4855,4557
4909,316,306
4910,3651,256
4911,4764,3487
4912,4736,2376
4913,4625,273
4914,3039,892
4915,4862,2572
4916,4691,3428
4917,972,736
4918,3832,3797
4919,1686,363
4920,4645,351
4921,4905,4680
4922,993,765
4923,4886,4318
4924,4696,3544
4925,4615,1156
4926,4746,4678
4927,4703,1473
4928,4772,4641
4929,4721,475
4930,4915,4793
4931,4908,2996
4932,4617,4570
4933,4923,4786
4934,4791,849
4935,4931,1590
4936,2390,593
4937,4551,1319
4938,1247,790
4939,4903,1062
4940,4701,1827
4941,4895,3625
4942,4935,4861
4943,4639,1327
4944,4921,4767
4945,4836,4729
4946,466,313
4947,712,545
4948,4847,1353
4949,4693,4390
4950,4545,4492
4951,1394,434
4952,1359,843
4953,4561,133
4954,4907,122
4955,4939,789
4956,3409,2947
4957,4858,3792
4958,1795,1358
4959,1748,1674
4960,4876,4812
4961,1437,1210
4962,4942,4857
4963,4738,4628
4964,4941,2091
4965,4759,1113
4966,4863,1973
4967,4820,694
4968,4710,4707
4969,3751,2542
4970,933,610
4971,4926,4661
4972,4865,4829
4973,4912,4850
4974,4842,1211
4975,2079,1414
4976,4944,1022
4977,185,67
4978,3081,716
4979,4818,3549
4980,4804,2456
4981,4901,2885
4982,3231,803
4983,4716,473
4984,4873,1839
4985,4882,4620
4986,4976,4916
4987,4852,3631
4988,4833,862
4989,1494,175
4990,3215,3006
4991,3672,446
4992,4883,4827
4993,4533,3873
4994,4934,2470
4995,4845,4679
4996,3311,2895
4997,4568,3632
4998,4933,4856
4999,176,31
5000,3964,2313
5001,4986,4973
5002,4967,3052
5003,4464,2251
5004,4816,4674
5005,3948,2495
5006,2465,2215
5007,4955,3009
5008,274,205
5009,4930,2379
5010,1811,496
5011,3852,3074
5012,4849,2829
5013,4821,1559
5014,3404,1571
5015,4632,1561
5016,4843,148
5017,457,56
5018,2671,1927
5019,5005,5001
5020,4943,3978
5021,4771,2788
5022,1408,529
5023,2019,1194
5024,2278,1709
5025,4996,2371
5026,5007,4788
5027,4806,3532
5028,5009,4859
5029,4992,4960
5030,3822,3661
5031,4848,3682
5032,4831,1279
5033,4799,2848
5034,4962,4808
5035,4765,3437
5036,5019,1666
5037,5026,540
5038,3729,232
5039,4728,2615
5040,4925,2945
5041,4998,4774
5042,4928,4927
5043,2494,2168
5044,4841,194
5045,2258,686
5046,4948,4582
5047,4979,2970
5048,3265,3082
5049,5034,3884
5050,4872,1965
5051,3991,2189
5052,415,254
5053,4717,1340
5054,5013,1111
5055,3925,1388
5056,4924,4874
5057,1622,1456
5058,4685,1285
5059,4809,3202
5060,3665,233
5061,4860,4840
5062,4803,2141
5063,4798,263
5064,3392,3158
5065,4783,1218
5066,5041,4987
5067,3020,302
5068,1932,1466
5069,4945,4894
5070,1768,296
5071,4815,1313
5072,3744,2995
5073,4692,2929
5074,5028,4970
5075,4951,4902
5076,3389,304
5077,3865,2467
5078,5071,4712
5079,4937,1677
5080,4526,1021
5081,3483,13
5082,5066,4889
5083,4884,743
5084,2643,1986
5085,4805,750
5086,426,187
5087,4731,3855
5088,5053,1410
5089,3630,1701
5090,2461,541
5091,178,84
5092,4938,781
5093,5049,3837
5094,4971,4964
5095,2665,2590
5096,4995,4911
5097,5037,517
5098,5093,4981
5099,4801,493
5100,1697,1324
5101,3275,3035
5102,4846,1651
5103,2634,2134
5104,5082,2139
5105,1691,1030
5106,3602,3505
5107,481,87
5108,2897,2891
5109,451,130
5110,5036,4969
5111,4899,2714
5112,4651,2157
5113,504,319
5114,1395,419
5115,5104,1184
5116,5097,4887
5117,5059,2220
5118,5115,2847
5119,5020,848
5120,5110,1952
5121,4965,601
5122,4864,4589
5123,4787,1181
5124,5054,2436
5125,5050,5027
5126,5074,2082
5127,4870,1134
5128,5120,5051
5129,4869,2493
5130,1170,572
5131,5116,606
5132,4988,2907
5133,5079,1129
5134,5126,203
5135,3396,3007
5136,5083,1833
5137,5094,2023
5138,4913,1655
5139,5131,2712
5140,4795,3500
5141,5002,1704
5142,4814,3931
5143,5098,190
5144,4890,3256
5145,5134,4957
5146,5056,2750
5147,4920,1950
5148,5128,5025
5149,5118,4932
5150,5139,1445
5151,4900,4868
5152,1916,1116
5153,5143,4972
5154,5016,4919
5155,4819,524
5156,5150,3104
5157,5047,4918
5158,4954,995
5159,3017,444
5160,4950,1323
5161,4914,2476
5162,5156,1167
5163,4739,38
5164,944,800
5165,1516,1365
5166,3896,3062
5167,3663,624
5168,5137,2327
5169,4866,1714
5170,1280,1149
5171,5148,2385
5172,2072,772
5173,2785,227
5174,5162,1396
5175,5149,5029
5176,5154,3898
5177,5073,4922
5178,5171,2530
5179,2633,2323
5180,4647,3248
5181,4904,1346
5182,1543,111
5183,5178,5087
5184,5146,4810
5185,5174,4974
5186,5021,2543
5187,5039,4949
5188,5160,2228
5189,5169,4940
5190,5175,5069
5191,4980,3383
5192,4994,2462
5193,5043,5003
5194,4800,4605
5195,5086,5044
5196,1749,411
5197,467,322
5198,4891,348
5199,3989,3591
5200,5141,3509
5201,5145,3536
5202,5183,4796
5203,5085,3227
5204,5190,1016
5205,5024,4830
5206,4789,1
5207,3949,3811
5208,4781,3531
5209,1175,1094
5210,2896,2254
5211,5153,659
5212,5185,990
5213,4893,2570
5214,2961,604
5215,2883,297
5216,5201,3293
5217,5211,5202
5218,3791,2965
5219,5010,4715
5220,5176,751
5221,5204,3953
5222,461,406
5223,717,528
5224,5216,1441
5225,4867,3342
5226,5124,1897
5227,5158,2753
5228,5119,1568
5229,4906,3054
5230,4897,2688
5231,5076,1776
5232,3952,2252
5233,3874,1061
5234,5217,1502
5235,4978,4851
5236,1361,1238
5237,5012,4756
5238,5212,1050
5239,4993,4709
5240,3350,3305
5241,5057,4984
5242,3616,3462
5243,4983,4226
5244,3947,1793
5245,5061,4885
5246,5192,1784
5247,5220,1818
5248,5168,1120
5249,5100,2188
5250,441,341
5251,4828,3442
5252,2486,1563
5253,387,144
5254,5095,4961
5255,5138,5038
5256,5102,4985
5257,5221,5045
5258,3494,1499
5259,3418,1600
5260,3296,1832
5261,2446,2009
5262,2990,1391
5263,5184,5096
5264,4947,605
5265,2411,155
5266,5133,5070
5267,4877,3649
5268,5052,3117
5269,5155,5004
5270,3639,3618
5271,5257,1263
5272,3289,1679
5273,5035,4982
5274,2478,1354
5275,3795,1403
5276,4975,1634
5277,1642,1624
5278,2656,212
5279,5271,5227
5280,5072,109
5281,3058,234
5282,1638,602
5283,3235,7
5284,5200,1665
5285,5238,3801
5286,4968,4732
5287,3201,1312
5288,4839,2213
5289,5224,598
5290,5226,1740
5291,5092,2933
5292,1409,565
5293,5164,5125
5294,4963,52
5295,3336,2810
5296,3224,1054
5297,5015,510
5298,5033,4880
5299,5065,5011
5300,1109,586
5301,5136,197
5302,4835,1515
5303,4823,2952
5304,5279,746
5305,3048,436
5306,2652,1508
5307,5032,3464
5308,5289,1626
5309,5157,3452
5310,2673,55
5311,5151,1351
5312,3433,3154
5313,5304,3594
5314,5230,1472
5315,3710,1763
5316,5194,1128
5317,5188,1066
5318,1721,1183
5319,5186,2720
5320,5285,5040
5321,5127,2625
5322,1008,58
5323,4966,2551
5324,5234,904
5325,5105,1863
5326,5313,5241
5327,5256,1852
5328,4898,2405
5329,4773,1072
5330,5308,2116
5331,5290,1146
5332,2856,157
5333,5248,4837
5334,5320,982
5335,5132,1625
5336,5181,5152
5337,5077,5063
5338,5309,5214
5339,3697,1796
5340,5123,2867
5341,3270,2716
5342,3303,142
5343,5324,1461
5344,5166,5144
5345,5343,5284
5346,3121,2510
5347,4824,24
5348,5193,1009
5349,5330,5000
5350,3696,3115
5351,2599,865
5352,5046,2039
5353,2705,655
5354,5161,1250
5355,5317,5142
5356,5088,5060
5357,5345,5078
5358,5187,2266
5359,3611,2269
5360,5117,4784
5361,165,30
5362,5244,3767
5363,4929,377
5364,1191,588
5365,3419,2767
5366,5326,5236
5367,5062,4958
5368,5349,3071
5369,3086,1381
5370,5334,5301
5371,1594,836
5372,5042,3560
5373,2146,2127
5374,5203,5080
5375,2165,1569
5376,3038,2778
5377,5366,909
5378,5246,710
5379,2406,1706
5380,3055,2853
5381,2457,1042
5382,5331,5189
5383,5075,1117
5384,4989,4879
5385,1316,325
5386,3575,3126
5387,3756,1802
5388,4697,2463
5389,4666,1244
5390,347,327
5391,5377,2864
5392,5213,3550
5393,5147,139
5394,5338,2707
5395,5130,928
5396,5370,1694
5397,4997,3736
5398,5368,2745
5399,5247,332
5400,5294,5196
5401,2417,1841
5402,3393,2416
5403,4785,2086
5404,5391,1426
5405,5311,2319
5406,2503,1581
5407,3522,213
5408,1493,1189
5409,5404,2247
5410,5341,2771
5411,5348,1159
5412,3974,3063
5413,5398,5273
5414,5357,248
5415,5263,824
5416,5372,5058
5417,4629,1620
5418,1535,1014
5419,5084,779
5420,5140,361
5421,5173,3882
5422,5129,5111
5423,5068,1233
5424,5249,5228
5425,4722,2034
5426,5379,2068
5427,4991,408
5428,5108,3443
5429,3699,2835
5430,5378,5233
5431,5409,5335
5432,3204,2110
5433,1641,672
5434,5414,5307
5435,5231,2863
5436,2657,1728
5437,5182,3635
5438,5299,2033
5439,5293,5121
5440,5180,3011
5441,4946,4792
5442,2167,39
5443,3471,3351
5444,3880,3334
5445,2156,1774
5446,5229,1451
5447,3135,2125
5448,5363,5298
5449,4825,180
5450,3579,1155
5451,2346,2020
5452,5434,562
5453,5431,1786
5454,3750,2042
5455,3851,8
5456,5333,2669
5457,846,685
5458,4748,3151
5459,2364,966
5460,5351,5291
5461,5286,333
5462,5394,5383
5463,5413,5327
5464,2739,1549
5465,5453,5242
5466,5452,734
5467,5396,1305
5468,4811,691
5469,5466,1152
5470,5091,499
5471,5465,2094
5472,5360,3480
5473,5195,3917
5474,5245,4977
5475,1431,701
5476,5471,5159
5477,3621,3168
5478,4834,1820
5479,5476,936
5480,5254,5218
5481,924,719
5482,5022,2226
5483,5322,5266
5484,5362,5090
5485,5239,3439
5486,3951,3604
5487,5467,5163
5488,5469,2726
5489,2357,2245
5490,2312,943
5491,3515,1556
5492,5172,2533
5493,1362,692
5494,5356,1995
5495,5243,3668
5496,3992,3277
5497,5371,1862
5498,1780,1118
5499,5114,1942
5500,3881,1658
5501,5424,878
5502,5340,5321
5503,5487,874
5504,5099,92
5505,3130,228
5506,2973,1855
5507,4917,983
5508,2087,1019
5509,2872,1963
5510,5219,4910
5511,3829,336
5512,5210,166
5513,2303,1048
5514,5354,1872
5515,5422,2600
5516,2960,1145
5517,3367,1182
5518,5479,5430
5519,480,201
5520,5374,2629
5521,4952,2046
5522,5399,3747
5523,5280,3050
5524,5416,81
5525,5352,5023
5526,5337,1903
5527,2787,1521
5528,5488,5264
5529,1690,1267
5530,5463,3645
5531,5267,576
5532,5461,5270
5533,5480,1592
5534,3291,3206
5535,5353,977
5536,3102,2496
5537,3014,2045
5538,5323,2858
5539,1957,1459
5540,5528,5359
5541,5518,761
5542,2577,2223
5543,5269,4956
5544,2644,2237
5545,2535,2040
5546,5411,2265
5547,5109,1934
5548,5541,553
5549,2544,448
5550,5223,859
5551,5198,422
5552,5548,669
5553,2459,1199
5554,5405,2409
5555,5446,5355
5556,1628,1151
5557,5540,5454
5558,214,164
5559,5292,1470
5560,5415,5401
5561,5552,5494
5562,5122,5081
5563,5302,3667
5564,5295,3754
5565,5336,856
5566,3475,3150
5567,2979,2802
5568,2050,1966
5569,5386,2941
5570,5385,2561
5571,2682,2429
5572,5530,3841
5573,5572,5089
5574,5237,5031
5575,5538,3774
5576,1783,1442
5577,2095,1756
5578,5067,3230
5579,5457,5297
5580,5206,193
5581,5557,3431
5582,5433,1492
5583,5503,5483
5584,1309,1221
5585,5268,224
5586,5191,1314
5587,5375,5225
5588,5329,1449
5589,5055,1582
5590,3771,2921
5591,3398,3308
5592,3044,3042
5593,4881,126
5594,3190,1136
5595,5521,2093
5596,5319,3233
5597,1160,748
5598,5395,3288
5599,1609,1558
5600,2197,1298
5601,5581,740
5602,5573,5179
5603,5215,955
5604,2636,1922
5605,5601,5531
5606,5018,145
5607,3704,3386
5608,5274,3613
5609,5524,5339
5610,5546,5112
5611,2190,217
5612,1545,1166
5613,5428,2036
5614,5605,1945
5615,5262,2690
5616,2505,1596
5617,3543,1428
5618,5367,5325
5619,5602,78
5620,5462,1671
5621,5561,5439
5622,5507,5276
5623,5614,3776
5624,5316,1983
5625,5474,5250
5626,5623,3839
5627,4817,554
5628,2833,2221
5629,5522,913
5630,3484,2700
5631,5475,2957
5632,342,80
5633,2994,1743
5634,729,656
5635,5626,5437
5636,5532,2515
5637,5619,5199
5638,5526,5473
5639,3080,2280
5640,5381,2404
5641,5554,2206
5642,5560,866
5643,5255,2868
5644,3133,3114
5645,5208,3578
5646,5423,1215
5647,471,211
5648,5520,3458
5649,5205,5165
5650,5492,5364
5651,5517,3662
5652,5282,3037
5653,5583,5177
5654,5275,3923
5655,5639,5481
5656,5575,5426
5657,5635,1468
5658,373,177
5659,5468,3703
5660,5448,2871
5661,1226,850
5662,5382,4959
5663,5621,5504
5664,5637,5167
5665,5565,5484
5666,3727,469
5667,5197,430
5668,2899,241
5669,5629,5497
5670,2513,1310
5671,5657,814
5672,5663,715
5673,1939,1936
5674,5456,548
5675,5478,5272
5676,2920,2441
5677,5587,5103
5678,3987,2597
5679,464,54
5680,4875,3032
5681,1766,988
5682,5664,5543
5683,5569,5501
5684,5008,335
5685,5261,2187
5686,3924,643
5687,5438,1185
5688,2851,1453
5689,5672,3405
5690,5425,2969
5691,2166,2069
5692,5392,1745
5693,5671,1901
5694,5642,808
5695,5693,1908
5696,5006,249
5697,1371,459
5698,5648,902
5699,5695,5665
5700,5235,3725
5701,3889,745
5702,5472,1059
5703,5620,2925
5704,3890,1599
5705,5533,5460
5706,5689,1964
5707,5288,2394
5708,3264,2651
5709,1669,1249
5710,5698,503
5711,5358,5101
5712,5499,2369
5713,456,32
5714,2155,523
5715,2084,777
5716,5418,1243
5717,5706,3658
5718,5653,5408
5719,4990,2529
5720,3147,2537
5721,1407,1192
5722,5638,1741
5723,5406,5388
5724,5674,1325
5725,5400,2318
5726,2642,2552
5727,3274,1762
5728,5641,5251
5729,5717,5579
5730,5609,5502
5731,5500,2186
5732,5699,5589
5733,1933,428
5734,5232,3752
5735,5718,2555
5736,1672,93
5737,650,544
5738,3316,2131
5739,5170,1420
5740,2263,594
5741,5420,3740
5742,5597,5570
5743,5655,5582
5744,5514,2270
5745,5513,5445
5746,5450,1788
5747,5732,2241
5748,5559,985
5749,5729,5681
5750,5509,5365
5751,5615,877
5752,5393,454
5753,5749,698
5754,5625,1700
5755,5440,3364
5756,5596,5555
5757,5724,5649
5758,3706,1823
5759,5586,622
5760,5636,382
5761,5592,269
5762,5753,1363
5763,5482,1576
5764,3701,3612
5765,5328,3903
5766,5662,5493
5767,3263,1011
5768,5762,5705
5769,5346,506
5770,5683,240
5771,5551,66
5772,3983,1616
5773,5645,1173
5774,5747,812
5775,5535,5017
5776,3850,3335
5777,3617,3585
5778,5754,16
5779,5728,5687
5780,5574,2958
5781,5694,542
5782,5539,5318
5783,5332,886
5784,5300,3976
5785,3656,657
5786,5277,2489
5787,3620,559
5788,3993,1003
5789,5397,3863
5790,5654,1980
5791,5496,5207
5792,5669,5643
5793,3143,2583
5794,2349,1854
5795,2253,1287
5796,3508,3107
5797,5768,5710
5798,2935,2874
5799,5682,5306
5800,2109,1912
5801,5735,136
5802,5712,5703
5803,3646,3129
5804,5618,1785
5805,5725,5449
5806,5775,5384
5807,5591,3446
5808,5646,2439
5809,5774,5258
5810,2162,1575
5811,5515,328
5812,2595,704
5813,3262,2889
5814,5135,3476
5815,5599,5576
5816,5512,3077
5817,1779,114
5818,5801,741
5819,5303,3738
5820,5722,474
5821,614,547
5822,5809,599
5823,1972,1715
5824,5741,5510
5825,2828,1875
5826,5822,5598
5827,5477,2062
5828,5797,839
5829,2090,364
5830,1993,1234
5831,3423,3140
5832,1804,1790
5833,5818,5805
5834,1989,888
5835,5562,5344
5836,5799,2799
5837,1588,208
5838,5419,571
5839,5606,1004
5840,5836,5711
5841,5278,3324
5842,3930,1798
5843,3876,2724
5844,5781,2386
5845,5766,1527
5846,5495,3941
5847,1744,1670
5848,5696,113
5849,2992,2601
5850,5435,1064
5851,5743,5742
5852,5844,5826
5853,3524,1759
5854,3533,708
5855,5417,1328
5856,5828,5209
5857,5594,5314
5858,5802,2539
5859,5622,5563
5860,5633,2345
5861,5702,2501
5862,5757,5568
5863,5856,5584
5864,5525,3787
5865,5863,1816
5866,5759,5640
5867,3788,825
5868,5845,957
5869,1907,1789
5870,5265,2083
5871,5770,942
5872,5865,1546
5873,4892,1540
5874,5685,2080
5875,2422,2298
5876,5872,1477
5877,2184,1163
5878,2102,831
5879,5852,735
5880,2445,2175
5881,3226,3075
5882,5506,2811
5883,5387,1024
5884,5876,1496
5885,5868,1668
5886,5030,2980
5887,5490,3847
5888,5884,5751
5889,5611,763
5890,5675,1488
5891,5888,5550
5892,5578,2431
5893,5779,5403
5894,5260,3271
5895,5617,1097
5896,5527,5523
5897,5736,5661
5898,5885,5529
5899,5549,1318
5900,5816,5402
5901,3436,1971
5902,2807,2022
5903,427,345
5904,5491,3186
5905,5858,5748
5906,5833,5421
5907,5792,1654
5908,5808,5691
5909,3266,95
5910,5882,5616
5911,4593,169
5912,5811,5048
5913,5746,1427
5914,5778,5752
5915,5312,3410
5916,5879,2011
5917,492,110
5918,5867,5447
5919,5567,5281
5920,5840,1716
5921,5838,5715
5922,5498,2483
5923,5542,758
5924,5891,5305
5925,5287,3962
5926,5427,5107
5927,3379,102
5928,5846,5666
5929,1369,352
5930,3716,1997
5931,2106,29
5932,3878,1520
5933,5750,1982
5934,2440,1639
5935,5862,2295
5936,5721,1078
5937,5920,5564
5938,2460,2250
5939,5924,5907
5940,5916,1808
5941,5744,5624
5942,5915,2721
5943,5790,5730
5944,5940,3813
5945,5782,5580
5946,1829,1484
5947,3700,1682
5948,5464,3580
5949,5944,5595
5950,5756,2413
5951,1722,802
5952,5627,567
5953,147,63
5954,123,23
5955,5310,2289
5956,5376,1380
5957,5871,5673
5958,5906,5714
5959,4642,2782
5960,5949,1889
5961,5896,5820
5962,5832,1864
5963,5960,5769
5964,5935,1938
5965,5723,5660
5966,5652,3338
5967,5804,546
5968,5898,2654
5969,5905,5851
5970,2908,1684
5971,5451,1331
5972,5939,5734
5973,305,162
5974,5963,5866
5975,5296,1803
5976,5864,3981
5977,1817,1623
5978,5760,3134
5979,2211,1317
5980,5964,5588
5981,5459,1570
5982,3956,3584
5983,5857,76
5984,1479,538
5985,5692,5485
5986,5974,2620
5987,5432,3975
5988,5444,613
5989,5745,3687
5990,3842,3408
5991,5861,5850
5992,3501,1711
5993,5950,5441
5994,5986,2449
5995,5994,2018
5996,5373,1689
5997,5677,5113
5998,1147,1065
5999,2426,1636
6000,5972,1007
6001,5680,293
6002,5508,640
6003,5739,5716
6004,3247,2664
6005,5670,2171
6006,5690,3424
6007,6000,590
6008,432,21
6009,5719,1225
6010,5914,443
6011,5545,3278
6012,3466,3076
6013,2500,141
6014,5600,1685
6015,6007,1752
6016,2805,326
6017,5707,1026
6018,5995,2605
6019,2997,1352
6020,5252,2224
6021,3327,83
6022,5936,5553
6023,2727,2481
6024,5957,5758
6025,6018,3572
6026,5806,952
6027,3194,289
6028,5968,5697
6029,5855,2569
6030,5810,5656
6031,5910,900
6032,5997,5608
6033,3341,2623
6034,6025,1374
6035,1241,1088
6036,2901,2525
6037,5980,2964
6038,6015,706
6039,6034,5849
6040,2695,2384
6041,6038,5967
6042,3287,1974
6043,5824,2857
6044,5875,2576
6045,2932,1667
6046,5958,5798
6047,5793,2490
6048,479,195
6049,5534,3328
6050,1921,764
6051,5610,518
6052,2882,2616
6053,5361,99
6054,5937,5859
6055,2410,1806
6056,6037,1174
6057,3426,2203
6058,5511,5407
6059,5976,2701
6060,5817,3282
6061,3911,3216
6062,6041,1161
6063,5941,5763
6064,920,700
6065,3109,2021
6066,5991,1232
6067,5631,225
6068,5952,1326
6069,5731,3493
6070,5969,5761
6071,6062,1781
6072,5948,5659
6073,6054,3148
6074,5921,5700
6075,6039,5737
6076,5947,5613
6077,6010,1474
6078,3636,1564
6079,3195,3149
6080,992,680
6081,5893,3415
6082,6071,5839
6083,6051,3834
6084,1750,1637
6085,6026,1268
6086,1850,1578
6087,5895,1782
6088,3118,2342
6089,5959,5410
6090,6046,5878
6091,216,172
6092,1797,494
6093,3467,3239
6094,4953,1069
6095,1058,209
6096,5819,5791
6097,3454,3163
6098,5612,1525
6099,3640,2950
6100,6073,3520
6101,5908,5860
6102,3368,2563
6103,1412,585
6104,5788,2900
6105,6082,1610
6106,5978,5887
6107,2796,2299
6108,3444,1531
6109,6105,3582
6110,5983,5900
6111,6075,5989
6112,2210,309
6113,3726,522
6114,4936,898
6115,6109,3593
6116,5380,2177
6117,6027,2717
6118,5874,2124
6119,6100,2967
6120,6111,6022
6121,6115,1264
6122,5899,5577
6123,3434,558
6124,1207,766
6125,6028,1099
6126,5965,2027
6127,2976,1404
6128,6121,2954
6129,6090,1385
6130,5943,5765
6131,4428,1360
6132,6083,2249
6133,6128,783
6134,5516,396
6135,5783,2285
6136,5558,895
6137,5658,1294
6138,3848,1943
6139,5962,5841
6140,5873,581
6141,6056,702
6142,6120,1539
6143,3664,1587
6144,2953,989
6145,6061,5678
6146,198,125
6147,6030,2723
6148,6002,539
6149,6142,5740
6150,5834,868
6151,3489,153
6152,6081,5785
6153,5676,1528
6154,5923,5812
6155,5988,5780
6156,6033,3177
6157,6129,2842
6158,5831,1731
6159,5870,5389
6160,6126,2370
6161,6139,5961
6162,3679,623
6163,532,320
6164,3465,3223
6165,6149,6070
6166,5429,399
6167,994,549
6168,3445,3295
6169,5930,5835
6170,6023,5999
6171,6003,873
6172,6141,5704
6173,5458,908
6174,5956,3521
6175,1303,822
6176,6106,5773
6177,5970,3421
6178,5796,3478
6179,5993,1258
6180,6133,1584
6181,3557,1844
6182,5998,1476
6183,3460,2389
6184,2776,2453
6185,5505,3337
6186,5912,3450
6187,6122,889
6188,6180,1736
6189,5014,3843
6190,6119,799
6191,6024,1998
6192,1421,1176
6193,6157,5919
6194,6110,6069
6195,6001,1800
6196,5436,2052
6197,6165,2946
6198,6188,6172
6199,6077,5222
6200,1307,667
6201,5981,3607
6202,5771,1719
6203,5283,3139
6204,5933,2358
6205,3605,3552
6206,5650,5628
6207,6197,660
6208,301,288
6209,2115,724
6210,6029,801
6211,5784,2117
6212,6087,6063
6213,6014,2968
6214,5585,140
6215,5803,3556
6216,6190,1227
6217,5720,1077
6218,5823,2972
6219,6076,1805
6220,6179,6019
6221,5848,2740
6222,5755,3685
6223,5603,2983
6224,3267,2585
6225,5854,3912
6226,5987,896
6227,6207,842
6228,6216,752
6229,6191,3519
6230,5651,1074
6231,6193,2322
6232,5913,5897
6233,6009,830
6234,6147,1633
6235,2421,276
6236,6124,731
6237,5929,1100
6238,6228,3973
6239,5827,5772
6240,2428,1702
6241,5794,1005
6242,6125,2912
6243,5593,1231
6244,5547,445
6245,6198,5934
6246,6130,3647
6247,6132,5979
6248,5709,1387
6249,5847,1895
6250,6229,6227
6251,2850,2024
6252,3879,1355
6253,6238,5813
6254,5489,1012
6255,5347,1197
6256,6230,820
6257,6246,6066
6258,6005,2201
6259,6152,918
6260,2290,607
6261,5918,1541
6262,1289,414
6263,2239,1148
6264,6253,6072
6265,6096,3272
6266,1130,841
6267,6136,5955
6268,2736,2663
6269,5890,5455
6270,5708,5412
6271,6049,2588
6272,5883,1663
6273,6245,6212
6274,3637,2915
6275,2744,709
6276,5928,5926
6277,5953,49
6278,6199,330
6279,2216,537
6280,2728,1378
6281,6250,1411
6282,6085,5951
6283,6281,804
6284,5442,1106
6285,6231,1278
6286,6264,631
6287,6220,6112
6288,3844,2
6289,5726,1880
6290,6242,1080
6291,6020,5767
6292,1703,818
6293,6273,683
6294,6074,711
6295,2755,811
6296,6186,6145
6297,6156,5443
6298,3240,3181
6299,932,183
6300,1336,1190
6301,282,127
6302,6159,3676
6303,6285,775
6304,6255,3249
6305,6283,2649
6306,5971,564
6307,6234,5880
6308,6286,2859
6309,6308,3592
6310,6305,6154
6311,5815,2772
6312,5894,1695
6313,6078,1595
6314,6303,688
6315,3684,819
6316,2820,744
6317,6080,6064
6318,6309,1653
6319,5590,1063
6320,5945,226
6321,2172,315
6322,2589,627
6323,6155,3888
6324,2101,1000
6325,5889,1373
6326,6314,6278
6327,3808,2479
6328,6310,1920
6329,5679,5667
6330,2931,2538
6331,6328,6290
6332,6259,5701
6333,6160,2236
6334,295,69
6335,6247,1644
6336,1981,1718
6337,2658,2578
6338,5350,271
6339,2076,1277
6340,6293,6031
6341,2065,1847
6342,2355,1447
6343,1482,970
6344,6101,561
6345,5922,1801
6346,3355,3059
6347,3026,2660
6348,3883,1799
6349,6318,5634
6350,6226,749
6351,6287,6032
6352,6203,6093
6353,5837,3096
6354,5917,1985
6355,3749,2708
6356,6225,5892
6357,6195,5975
6358,6004,526
6359,3853,3012
6360,6332,2268
6361,159,36
6362,6340,6045
6363,5787,5571
6364,6349,3576
6365,6261,6240
6366,1554,768
6367,6331,5830
6368,6161,2609
6369,6362,5902
6370,3330,2227
6371,6333,1612
6372,3008,2123
6373,6058,6006
6374,5688,5342
6375,6367,2927
6376,6067,3748
6377,5825,85
6378,6369,2433
6379,6375,6344
6380,1500,381
6381,6368,3105
6382,6378,6322
6383,1526,925
6384,6382,5946
6385,1344,845
6386,5985,5982
6387,5853,3551
6388,3325,2831
6389,6326,6258
6390,6379,6266
6391,6350,1538
6392,6384,1203
6393,1724,795
6394,5966,1597
6395,6169,5927
6396,6312,3570
6397,3587,3534
6398,6184,5668
6399,6392,6144
6400,5996,2424
6401,5904,128
6402,1142,1055
6403,6211,6060
6404,6210,6013
6405,5942,3145
6406,6399,899
