10000,5546,191
10001,7471,4228
10002,7080,5777
10003,4871,2896
10004,6714,5720
10005,9316,422
10006,8073,7963
10007,9525,9111
10008,8539,748
10009,9842,4869
10010,2338,1598
10011,4103,2145
10012,10010,5098
10013,4488,2309
10014,3643,3438
10015,5134,5128
10016,10012,4167
10017,2383,2030
10018,5141,2403
10019,10013,3069
10020,4073,1034
10021,2746,2729
10022,5418,5361
10023,5439,2395
10024,4264,3977
10025,5156,5070
10026,5827,1219
10027,10016,3261
10028,5243,3885
10029,10011,2497
10030,4266,3047
10031,10017,2279
10032,4080,3755
10033,2133,1281
10034,4479,4297
10035,5474,3208
10036,10014,5343
10037,4489,4426
10038,10023,10020
10039,2340,2138
10040,10027,5342
10041,10015,5115
10042,10019,4291
10043,10029,10024
10044,4797,3526
10045,3292,2118
10046,7281,4422
10047,6653,3539
10048,5695,5625
10049,10038,1315
10050,5241,4183
10051,10042,4154
10052,10031,5136
10053,10040,10035
10054,5411,3234
10055,10032,10021
10056,10037,4369
10057,9716,742
10058,8282,3686
10059,5806,2222
10060,4387,4204
10061,3650,2070
10062,10043,10036
10063,5834,5480
10064,10049,5907
10065,5331,1201
10066,5290,3920
10067,4429,3928
10068,10050,10033
10069,10052,4361
10070,5878,2387
10071,7331,1676
10072,10045,2464
10073,10053,7459
10074,4364,4355
10075,10022,3108
10076,2306,2243
10077,10039,8062
10078,10064,5011
10079,6932,4035
10080,10051,5364
10081,5425,4450
10082,10068,2074
10083,5325,2661
10084,2232,2051
10085,10041,10025
10086,10055,5153
10087,5298,3908
10088,10018,8233
10089,4033,2339
10090,5226,4185
10091,10044,6541
10092,4116,2559
10093,8128,901
10094,10058,2860
10095,5322,2443
10096,6979,6533
10097,10057,3110
10098,10080,2374
10099,10073,6621
10100,4382,4091
10101,10028,5421
10102,10069,1242
10103,1692,1013
10104,10046,4696
10105,4157,4120
10106,2662,1093
10107,10092,10082
10108,5508,3681
10109,4470,4317
10110,5199,3950
10111,4362,4327
10112,9823,5278
10113,10056,4818
10114,10079,10071
10115,5722,1073
10116,4036,3427
10117,6782,6718
10118,10030,541
10119,10099,10078
10120,6892,5580
10121,5374,3666
10122,10054,5919
10123,10062,4960
10124,4339,2378
10125,4197,3033
10126,10048,4752
10127,8068,7403
10128,10075,3530
10129,10066,3088
10130,10101,10094
10131,6453,3827
10132,7129,3095
10133,4964,3346
10134,10123,8188
10135,4473,4165
10136,5697,4087
10137,7026,477
10138,5024,3734
10139,10107,4584
10140,8308,4134
10141,10072,5767
10142,7702,4125
10143,4159,3192
10144,10093,10089
10145,10070,9646
10146,9858,4189
10147,10102,4233
10148,10134,10059
10149,10065,3689
10150,1096,390
10151,10119,3300
10152,10026,5652
10153,10063,714
10154,10112,10077
10155,10091,10047
10156,1131,815
10157,9618,2008
10158,8905,8831
10159,4492,4210
10160,10113,4088
10161,4436,4013
10162,4539,606
10163,10151,10104
10164,5461,3019
10165,5222,5062
10166,9672,4897
10167,10108,4280
10168,10121,5100
10169,10114,2487
10170,5369,2103
10171,4270,1951
10172,3068,3036
10173,3377,2466
10174,5936,5388
10175,10088,1544
10176,6955,6589
10177,10148,5473
10178,10144,10139
10179,8170,3203
10180,3319,3259
10181,7047,5149
10182,10083,8353
10183,4599,658
10184,3205,1968
10185,10138,8399
10186,10137,6639
10187,10098,4378
10188,10103,1537
10189,5545,1742
10190,1661,722
10191,7323,5918
10192,2781,1188
10193,10081,1857
10194,10177,4181
10195,10127,10060
10196,7206,5715
10197,7829,6994
10198,10142,10095
10199,6320,2328
10200,10157,10097
10201,5657,3860
10202,10061,2978
10203,3698,3555
10204,6912,5148
10205,5631,5043
10206,10118,10067
10207,10186,10076
10208,5333,5203
10209,10147,433
10210,10167,2564
10211,3448,1144
10212,5281,3763
10213,5884,2420
10214,10189,10159
10215,3496,3290
10216,10194,8348
10217,9889,4272
10218,5197,3606
10219,10131,3712
10220,1892,1154
10221,10178,6294
10222,10132,2895
10223,7238,2430
10224,3153,1177
10225,10168,3212
10226,4192,1357
10227,10086,3260
10228,10206,8162
10229,10202,10145
10230,10160,3998
10231,4608,4262
10232,3183,3004
10233,4170,4047
10234,7601,4007
10235,10195,2816
10236,2760,579
10237,10181,10154
10238,6965,6748
10239,5540,96
10240,5292,2847
10241,10085,4142
10242,10111,4435
10243,10164,4353
10244,6949,220
10245,10129,5686
10246,5876,5565
10247,10152,10115
10248,10128,10100
10249,9891,3348
10250,10109,3459
10251,3332,2176
10252,8968,4393
10253,5285,2680
10254,2685,1890
10255,6665,6645
10256,4890,4525
10257,10193,10034
10258,10221,10146
10259,10169,1037
10260,10209,6493
10261,10234,4083
10262,6900,5787
10263,10136,4175
10264,8120,3074
10265,10135,4151
10266,4147,1523
10267,10173,10141
10268,10204,3914
10269,4461,3610
10270,1098,540
10271,9800,9675
10272,8207,4354
10273,8451,5466
10274,9928,9900
10275,10149,3954
10276,10122,7151
10277,10126,5820
10278,10155,10140
10279,10226,1087
10280,10230,3645
10281,10171,94
10282,7723,7715
10283,10210,10125
10284,10106,5856
10285,10227,5133
10286,10175,8461
10287,1150,1062
10288,10074,8909
10289,4122,3098
10290,10247,10216
10291,10174,10105
10292,10207,10183
10293,10187,33
10294,10188,2149
10295,3279,3015
10296,10225,5345
10297,9772,2273
10298,3244,2286
10299,6925,6805
10300,3624,3469
10301,5491,3529
10302,10237,10163
10303,3856,3285
10304,10215,10158
10305,10268,10258
10306,1757,1649
10307,4784,4628
10308,9965,2368
10309,7560,3691
10310,10260,10153
10311,5723,3298
10312,4679,4012
10313,10110,872
10314,10179,3023
10315,7863,3986
10316,6970,6565
10317,10190,501
10318,10284,8174
10319,9745,3269
10320,5205,3943
10321,8080,4612
10322,10214,3622
10323,3365,3310
10324,10087,3057
10325,4070,3051
10326,2259,1657
10327,5401,3805
10328,10213,2317
10329,10229,10124
10330,5576,150
10331,8546,7300
10332,10130,6684
10333,7489,6764
10334,10192,8082
10335,10120,3846
10336,7561,876
10337,5386,2011
10338,8052,4974
10339,10286,10275
10340,10228,5267
10341,10245,3146
10342,7037,3136
10343,3561,2727
10344,10133,3768
10345,5453,4113
10346,4410,4230
10347,10259,762
10348,10293,10249
10349,4326,3970
10350,4314,1557
10351,5262,4344
10352,4315,3711
10353,10096,6747
10354,4200,2071
10355,2218,1022
10356,10279,10116
10357,5360,2056
10358,3966,3922
10359,10162,9564
10360,6807,6605
10361,10172,8954
10362,5042,1325
10363,10150,1423
10364,4392,4368
10365,8842,1039
10366,10305,4751
10367,10280,4056
10368,4260,740
10369,10292,10200
10370,7356,3202
10371,3229,2542
10372,9387,7224
10373,10261,2439
10374,7542,5762
10375,10212,4308
10376,10156,9778
10377,8776,4866
10378,3354,3122
10379,10222,5449
10380,1647,712
10381,10285,10263
10382,5584,1342
10383,10243,47
10384,10290,10198
10385,10270,1497
10386,10359,10310
10387,10185,8027
10388,9623,4630
10389,4476,3403
10390,6701,6678
10391,5874,5253
10392,10250,8304
10393,10347,2314
10394,10235,4979
10395,8192,5097
10396,7497,7309
10397,6713,6552
10398,10294,8494
10399,8263,4302
10400,5525,2099
10401,4636,4051
10402,10356,10302
10403,7615,3049
10404,10281,9555
10405,10340,796
10406,2255,2174
10407,6717,2047
10408,10369,10166
10409,10366,1504
10410,10314,4180
10411,8343,4613
10412,8196,4037
10413,10278,8681
10414,3814,2097
10415,10364,4360
10416,9722,1439
10417,4945,4400
10418,10346,10161
10419,8581,6901
10420,10196,3707
10421,10248,5740
10422,2331,2302
10423,10223,2287
10424,10288,7054
10425,8019,7604
10426,5274,4375
10427,7088,2192
10428,10329,3971
10429,9918,8426
10430,10322,1107
10431,8491,4986
10432,10342,508
10433,10361,4462
10434,3100,2094
10435,10409,10300
10436,8245,983
10437,10299,10262
10438,1275,1082
10439,10354,7292
10440,3648,734
10441,1870,1562
10442,10330,10283
10443,10240,1283
10444,8380,1297
10445,8571,4011
10446,5858,5764
10447,10287,4766
10448,10424,10297
10449,10402,10339
10450,4373,2108
10451,6846,6797
10452,10404,10191
10453,10180,4241
10454,10386,9970
10455,10384,10367
10456,10224,8262
10457,10398,808
10458,805,635
10459,5450,3513
10460,5927,5799
10461,6549,449
10462,1417,1141
10463,5981,5948
10464,10315,5317
10465,10269,3601
10466,5270,4118
10467,10143,2352
10468,8012,3506
10469,10199,8202
10470,10352,4269
10471,10341,2256
10472,10318,1164
10473,10241,3899
10474,10272,3257
10475,10410,10296
10476,10350,1425
10477,10267,10232
10478,10383,3717
10479,5235,2711
10480,10313,3276
10481,10370,5844
10482,10393,1337
10483,9818,743
10484,6954,6759
10485,6524,6518
10486,10201,10184
10487,10433,10291
10488,10373,1704
10489,3884,2877
10490,8158,5175
10491,10430,10334
10492,5930,2438
10493,10389,3961
10494,9807,9557
10495,3900,2007
10496,10375,10338
10497,8280,5261
10498,10304,1894
10499,10363,8821
10500,10421,10311
10501,5572,5096
10502,7136,7013
10503,9721,7137
10504,4077,2193
10505,10335,7056
10506,10455,10387
10507,9741,7334
10508,7544,7505
10509,10449,10392
10510,5180,5006
10511,10211,3193
10512,5202,3919
10513,10321,3064
10514,10220,2849
10515,4408,1784
10516,8084,3629
10517,4914,3254
10518,10435,9991
10519,5288,1367
10520,10257,1926
10521,10218,5469
10522,10442,1434
10523,10332,10217
10524,10382,963
10525,4754,53
10526,6660,2181
10527,8502,1251
10528,10518,3164
10529,8349,4481
10530,7426,135
10531,10418,10348
10532,10379,2371
10533,10488,10301
10534,10428,10233
10535,10351,4111
10536,6924,1084
10537,8743,8697
10538,5913,2477
10539,10345,2015
10540,7305,660
10541,9777,5073
10542,10394,8807
10543,10266,10254
10544,2057,511
10545,10182,987
10546,10308,975
10547,10457,856
10548,10298,2379
10549,1368,1311
10550,10405,8687
10551,10327,3022
10552,5404,5209
10553,9508,4992
10554,7622,1529
10555,10307,4529
10556,9812,1815
10557,10528,10495
10558,5182,3457
10559,9969,5118
10560,10467,5488
10561,10427,7370
10562,10489,5407
10563,4588,4553
10564,10239,2107
10565,4891,4441
10566,10454,8480
10567,10422,8895
10568,3820,2391
10569,3982,2264
10570,10482,10456
10571,10420,3799
10572,8091,3695
10573,10477,10471
10574,4917,1291
10575,1329,874
10576,10557,10084
10577,5376,3185
10578,8189,4131
10579,2712,1137
10580,10411,5166
10581,8627,1546
10582,4535,3094
10583,7563,2082
10584,10312,4380
10585,10401,1838
10586,1965,906
10587,10496,4881
10588,10542,10431
10589,10509,10440
10590,3972,3600
10591,10522,3785
10592,10447,9373
10593,10277,5747
10594,7568,1675
10595,2060,1591
10596,10399,5286
10597,10550,8990
10598,10328,2136
10599,7298,7179
10600,6836,6785
10601,10491,1914
10602,979,626
10603,10317,8798
10604,10381,2572
10605,10400,8381
10606,10429,4950
10607,10276,1747
10608,3625,74
10609,10463,7218
10610,10388,10343
10611,10208,5077
10612,10513,10506
10613,5478,5375
10614,8265,3029
10615,10252,9700
10616,10472,553
10617,5414,5391
10618,4100,1772
10619,10365,3854
10620,3189,2294
10621,10170,6780
10622,10413,6801
10623,10597,10368
10624,9789,1489
10625,8466,5240
10626,10498,8565
10627,10416,2679
10628,1125,510
10629,10374,7759
10630,10547,7607
10631,10090,3959
10632,10443,3297
10633,4039,2327
10634,10349,79
10635,7254,2085
10636,2282,2091
10637,10306,7749
10638,10403,1881
10639,10607,10303
10640,10592,10494
10641,10242,5090
10642,10573,10492
10643,10385,10376
10644,10566,5170
10645,9947,8969
10646,3770,3674
10647,3187,1101
10648,10407,6765
10649,5214,5050
10650,10587,10583
10651,6703,6686
10652,10219,5872
10653,8095,497
10654,10531,10434
10655,10331,8664
10656,10593,10505
10657,10478,5020
10658,5373,4010
10659,10462,10355
10660,8157,7286
10661,10436,10289
10662,10650,5779
10663,6677,5553
10664,7264,7048
10665,10464,3991
10666,10325,7125
10667,5059,3670
10668,4250,4060
10669,10483,9579
10670,5495,4123
10671,5427,1708
10672,9827,4138
10673,10605,2035
10674,7717,2404
10675,10598,10534
10676,10320,9984
10677,10540,2199
10678,10448,2280
10679,10362,1619
10680,10408,9641
10681,3246,1908
10682,9872,9636
10683,10426,124
10684,10563,4199
10685,9797,8221
10686,10520,10475
10687,1536,363
10688,10527,204
10689,9779,4009
10690,7338,5171
10691,3184,1868
10692,10631,9630
10693,8324,4093
10694,10372,7431
10695,8415,1079
10696,10591,1666
10697,10205,4433
10698,10581,7822
10699,10589,814
10700,7143,5651
10701,10604,8919
10702,10469,6711
10703,10470,1626
10704,5512,3255
10705,5559,1020
10706,10623,10459
10707,2753,1825
10708,10265,4191
10709,10490,913
10710,10644,9616
10711,7361,2375
10712,10626,10432
10713,10197,4676
10714,4050,3708
10715,10524,10452
10716,1566,1265
10717,10532,3311
10718,10380,605
10719,10612,10552
10720,923,41
10721,10657,10324
10722,7844,2480
10723,10344,3819
10724,10680,10514
10725,10630,662
10726,10533,4671
10727,10654,10565
10728,7821,5076
10729,10574,7455
10730,7357,2580
10731,8310,4285
10732,10622,10255
10733,5217,2467
10734,10558,1029
10735,10499,8344
10736,6858,2360
10737,10719,10642
10738,4604,3429
10739,10419,3762
10740,4105,3984
10741,5422,4231
10742,10423,5272
10743,10165,8140
10744,10588,2164
10745,10701,8077
10746,10543,2550
10747,10515,1433
10748,6758,2582
10749,10576,9359
10750,5245,2332
10751,10273,5957
10752,10675,2308
10753,10703,10256
10754,10725,735
10755,10699,10683
10756,3374,3073
10757,10517,3431
10758,10696,904
10759,10336,8247
10760,10441,1645
10761,4066,1224
10762,10486,3837
10763,8190,4092
10764,10473,4420
10765,10474,7790
10766,9735,5398
10767,5811,5489
10768,6338,739
10769,10446,610
10770,4063,4054
10771,10439,10319
10772,6664,6526
10773,859,746
10774,10710,10643
10775,10415,2301
10776,10679,2380
10777,9853,5601
10778,10619,10530
10779,7452,7289
10780,8316,5780
10781,10632,10603
10782,6966,6896
10783,2244,2233
10784,10726,10706
10785,10231,4632
10786,9865,548
10787,10721,10357
10788,3222,3084
10789,10203,4043
10790,7190,199
10791,10544,1338
10792,10624,10414
10793,1786,1606
10794,7062,1220
10795,10493,4720
10796,4877,2917
10797,5675,5624
10798,10758,1861
10799,10571,1033
10800,1596,521
10801,4119,3173
10802,10523,5230
10803,10616,10602
10804,10684,10487
10805,8856,3565
10806,6945,6817
10807,5683,4089
10808,10759,10745
10809,10377,4173
10810,10708,4416
10811,2366,2084
10812,8018,5629
10813,10755,6046
10814,10737,10601
10815,10500,1984
10816,10274,2361
10817,3547,2335
10818,1334,1272
10819,9971,9726
10820,7815,3480
10821,10798,10717
10822,10639,10445
10823,5943,5771
10824,10570,9652
10825,9749,5211
10826,10503,9684
10827,9950,1766
10828,8376,4727
10829,10560,7046
10830,10813,10590
10831,9613,1052
10832,3709,1991
10833,7483,7376
10834,7732,4706
10835,10678,10519
10836,10444,4954
10837,10476,1513
10838,10732,117
10839,10752,5564
10840,5468,3221
10841,7857,7814
10842,10282,7124
10843,6661,1347
10844,10774,10744
10845,4865,4058
10846,10746,10572
10847,8844,3312
10848,10609,5883
10849,10830,8156
10850,8610,5357
10851,10635,2912
10852,10713,10569
10853,4216,1734
10854,8713,4015
10855,10554,8436
10856,7892,7171
10857,10686,1928
10858,9848,3009
10859,10309,8043
10860,10762,3657
10861,6256,2234
10862,3793,562
10863,10849,10648
10864,10567,2408
10865,4190,777
10866,10645,4168
10867,10724,10545
10868,10236,3165
10869,10751,10521
10870,5677,2189
10871,3307,1083
10872,10621,10585
10873,10839,10727
10874,3440,3243
10875,5256,3504
10876,10829,10618
10877,5340,5151
10878,10795,5886
10879,10715,2436
10880,10006,8534
10881,7789,3488
10882,3447,3391
10883,7970,4137
10884,9843,4383
10885,8516,3664
10886,10117,6933
10887,10824,2010
10888,4044,3495
10889,2260,2104
10890,5661,1793
10891,10833,7316
10892,7907,7906
10893,5821,2266
10894,8911,3821
10895,10638,10562
10896,8072,1305
10897,10677,10371
10898,5838,1589
10899,9768,8016
10900,1496,1016
10901,4014,1308
10902,10802,10661
10903,10466,10453
10904,10887,10778
10905,10743,3509
10906,5014,3273
10907,7570,1592
10908,10861,10702
10909,1481,353
10910,7408,4020
10911,5785,1295
10912,2393,2337
10913,865,781
10914,10742,877
10915,8714,4474
10916,5165,5109
10917,5354,167
10918,1446,1018
10919,9079,7146
10920,6619,6511
10921,6038,3043
10922,10815,10546
10923,10821,10580
10924,2637,2088
10925,6564,3902
10926,10804,1503
10927,10634,8770
10928,10835,5242
10929,10608,10251
10930,10711,4316
10931,3283,2570
10932,10784,10671
10933,10844,10606
10934,10480,3464
10935,10863,7344
10936,4072,3947
10937,4654,4106
10938,10497,5492
10939,10541,9987
10940,3441,246
10941,5125,3198
10942,7911,2276
10943,8867,4764
10944,10246,5727
10945,7362,7102
10946,10641,3744
10947,2507,2202
10948,10749,10615
10949,10658,799
10950,8372,500
10951,9916,1422
10952,10692,7903
10953,10535,1567
10954,10704,10568
10955,10816,1415
10956,10425,7979
10957,8382,4074
10958,5794,3178
10959,10935,10596
10960,8387,5368
10961,10823,10468
10962,9464,5248
10963,4318,2988
10964,10665,7805
10965,10825,3286
10966,7474,4836
10967,10479,988
10968,3909,3510
10969,3415,3402
10970,5027,4370
10971,10803,10628
10972,10575,12
10973,5066,4108
10974,10770,4449
10975,4146,3101
10976,9126,2170
10977,10526,5995
10978,10578,9979
10979,5934,1840
10980,10928,527
10981,10946,10511
10982,10867,10669
10983,10785,627
10984,10862,3642
10985,10326,8155
10986,4454,1411
10987,4329,2081
10988,7446,7096
10989,10810,10764
10990,10720,5455
10991,7967,880
10992,10753,803
10993,4256,4236
10994,10948,8752
10995,4279,2530
10996,7368,7250
10997,10814,10662
10998,10808,3592
10999,10914,2844
11000,10959,10754
11001,4796,3236
11002,4464,1126
11003,10691,8173
11004,10652,2112
11005,7724,4482
11006,389,20
11007,10723,4736
11008,10688,2472
11009,4480,3356
11010,10627,9862
11011,10958,10681
11012,10687,2868
11013,5052,4143
11014,4969,542
11015,10516,5120
11016,10772,6506
11017,10855,7985
11018,10781,10549
11019,10646,4718
11020,3366,2476
11021,9188,9128
11022,9776,4941
11023,5181,4158
11024,4076,3769
11025,7575,3128
11026,10822,3492
11027,9617,4188
11028,10857,10709
11029,10564,6137
11030,5254,565
11031,5441,914
11032,5470,5004
11033,10933,940
11034,5949,1187
11035,5220,5012
11036,6041,909
11037,10501,2039
11038,10921,10697
11039,10647,3213
11040,10651,6907
11041,4857,4763
11042,5162,759
11043,10666,4922
11044,5445,3550
11045,10986,4117
11046,5685,5606
11047,2129,151
11048,10633,4115
11049,8470,5500
11050,10902,10771
11051,10485,7417
11052,6903,6847
11053,10734,3590
11054,7169,6706
11055,5994,1707
11056,7923,4224
11057,10981,4440
11058,10791,1782
11059,10876,10780
11060,10777,10685
11061,10962,4438
11062,7001,1382
11063,409,207
11064,3540,1602
11065,7424,3103
11066,10836,1333
11067,9088,2297
11068,4298,3742
11069,1829,776
11070,10663,10629
11071,2534,1631
11072,10676,2511
11073,10437,7410
11074,8241,5083
11075,1560,286
11076,10923,659
11077,10271,9624
11078,11007,4040
11079,3596,2886
11080,10649,4430
11081,10997,5778
11082,8209,1132
11083,9518,2911
11084,5991,2162
11085,4246,1195
11086,2945,2536
11087,10757,10548
11088,10736,10510
11089,7284,3462
11090,10465,4082
11091,10735,215
11092,10853,5147
11093,10927,8825
11094,9963,4697
11095,10712,1111
11096,5448,5438
11097,3967,2457
11098,10610,1658
11099,10672,620
11100,10897,3743
11101,10994,7450
11102,10832,10536
11103,4485,3413
11104,5007,750
11105,6837,6633
11106,10998,10860
11107,1426,761
11108,10926,5552
11109,10843,3382
11110,10664,6744
11111,10640,1904
11112,10873,5099
11113,11076,10895
11114,4455,1646
11115,9516,5056
11116,10698,2160
11117,9830,7092
11118,5818,5803
11119,10584,3753
11120,10395,4444
11121,993,765
11122,10893,10253
11123,7929,4301
11124,8432,2743
11125,8758,7310
11126,3373,2584
11127,10980,1180
11128,936,219
11129,4893,2555
11130,11019,10801
11131,10807,10484
11132,10787,5679
11133,5346,3052
11134,10740,683
11135,11101,10682
11136,10625,2621
11137,5143,4095
11138,10775,10673
11139,11000,10954
11140,10481,594
11141,10799,10504
11142,9874,6672
11143,10586,9813
11144,10930,2432
11145,10750,10689
11146,11081,10337
11147,10765,804
11148,4141,2155
11149,10856,10655
11150,4972,4577
11151,1091,902
11152,4681,1400
11153,9810,3690
11154,4561,1924
11155,5554,2105
11156,5289,4102
11157,10953,4286
11158,11026,1821
11159,10879,5911
11160,10773,935
11161,10845,5591
11162,1778,1349
11163,10599,5504
11164,10792,1114
11165,9578,5746
11166,11059,10898
11167,10700,8116
11168,888,868
11169,10582,3087
11170,10848,2326
11171,6560,6504
11172,10939,7915
11173,10817,4187
11174,10551,2583
11175,3904,3079
11176,10766,4835
11177,10714,3578
11178,9603,2842
11179,10730,4675
11180,10809,3340
11181,10988,10333
11182,10653,5302
11183,5304,5172
11184,5929,1885
11185,7479,2602
11186,10694,5793
11187,11017,10951
11188,10659,10438
11189,10693,8293
11190,10656,1353
11191,10947,9648
11192,9705,9541
11193,10611,2454
11194,3384,287
11195,5121,3835
11196,1603,524
11197,10417,4026
11198,10971,10904
11199,7775,2643
11200,6658,2034
11201,10397,6931
11202,10943,6891
11203,5279,1856
11204,8851,8602
11205,5452,5001
11206,11066,4695
11207,7383,7253
11208,11038,8264
11209,5456,736
11210,11108,4094
11211,10741,10733
11212,11135,10889
11213,3127,2686
11214,7351,6194
11215,7204,7180
11216,8232,2006
11217,11033,10866
11218,8391,3077
11219,9861,7159
11220,11050,3400
11221,10905,10617
11222,10922,3470
11223,10538,5708
11224,9582,4101
11225,10718,5224
11226,11091,5472
11227,10800,10707
11228,11064,7321
11229,1577,1035
11230,11146,10728
11231,2999,1328
11232,5106,3615
11233,11159,10722
11234,10852,3882
11235,10637,5966
11236,3653,3083
11237,8863,5327
11238,1599,873
11239,4767,4717
11240,11113,10805
11241,11043,825
11242,10579,4537
11243,10747,9982
11244,7613,2343
11245,9635,4457
11246,2523,2510
11247,11210,10837
11248,8420,1774
11249,11149,8795
11250,8754,5699
11251,4112,1239
11252,4177,3751
11253,9932,2068
11254,11070,9135
11255,7234,3633
11256,4413,2353
11257,7704,5731
11258,10323,4699
11259,7499,7127
11260,10894,3824
11261,11029,5894
11262,10910,10842
11263,11230,11220
11264,10989,10512
11265,10903,4715
11266,11139,11088
11267,6292,749
11268,8837,4391
11269,11166,3931
11270,11078,4163
11271,789,517
11272,10767,4182
11273,10537,1579
11274,5349,3210
11275,11212,10858
11276,4399,4126
11277,5852,4372
11278,3554,1777
11279,10865,10776
11280,6680,1737
11281,11046,10944
11282,10967,3299
11283,10934,10738
11284,3958,97
11285,11132,10874
11286,7746,7714
11287,10859,4284
11288,11087,1386
11289,10999,10884
11290,10244,490
11291,11053,5447
11292,5462,3472
11293,11119,3826
11294,10892,3671
11295,10556,1478
11296,10782,6724
11297,10660,7598
11298,4902,892
11299,11147,2548
11300,10918,1321
11301,10982,9917
11302,7003,6985
11303,1834,251
11304,4305,4282
11305,10932,10760
11306,11002,1693
11307,5518,2508
11308,5123,3868
11309,7439,5696
11310,1925,1810
11311,11111,9912
11312,10896,8976
11313,9967,9501
11314,10924,2300
11315,5194,3818
11316,9725,1552
11317,9775,1076
11318,11275,11151
11319,7277,6827
11320,10705,6344
11321,11028,3898
11322,11222,5739
11323,11282,11018
11324,4919,875
11325,5383,1304
11326,10919,7686
11327,11106,10869
11328,11239,4738
11329,8086,1655
11330,4686,4666
11331,11209,972
11332,11198,1613
11333,7478,7405
11334,11158,43
11335,10555,7913
11336,2310,1379
11337,11102,10838
11338,11305,11116
11339,1068,793
11340,11299,561
11341,9560,5440
11342,10978,4351
11343,11084,10864
11344,10976,8218
11345,7839,3761
11346,11128,1391
11347,4705,4536
11348,4004,401
11349,5983,2344
11350,8330,3910
11351,11266,9595
11352,11155,10594
11353,10793,915
11354,9038,3626
11355,10950,5534
11356,8177,8090
11357,10553,1739
11358,11144,8419
11359,8450,2638
11360,9659,3345
11361,7492,7267
11362,10890,10670
11363,8529,4498
11364,10620,9614
11365,11190,2388
11366,10827,982
11367,11095,10812
11368,11242,11217
11369,11157,4263
11370,7578,1473
11371,10264,518
11372,11058,5102
11373,4484,1956
11374,4324,3018
11375,7900,7438
11376,10993,7994
11377,4734,3407
11378,6855,5769
11379,5566,2258
11380,11351,11247
11381,11327,11003
11382,11042,9590
11383,1398,1161
11384,9639,1510
11385,10984,1492
11386,10797,1502
11387,2825,2318
11388,4642,4578
11389,10783,7626
11390,11164,10957
11391,10850,8590
11392,11368,9802
11393,6980,6592
11394,11301,9697
11395,7858,3806
11396,10900,5443
11397,10790,413
11398,10929,3845
11399,11241,10674
11400,4031,1233
11401,11174,9907
11402,7386,77
11403,8438,848
11404,9804,5359
11405,5849,5602
11406,11112,6216
11407,398,367
11408,11140,7396
11409,11307,2967
11410,6784,6727
11411,4283,3500
11412,3294,1615
11413,11160,10983
11414,7447,5689
11415,1247,790
11416,10878,1457
11417,4128,3574
11418,10964,10870
11419,11406,11134
11420,7271,3162
11421,10952,7269
11422,10911,5502
11423,11322,11272
11424,8384,3137
11425,9704,9612
11426,10794,10614
11427,11338,8275
11428,11141,9868
11429,7007,3050
11430,11172,6705
11431,11320,10955
11432,11130,3456
11433,11065,10987
11434,11195,694
11435,10353,6959
11436,11034,10595
11437,11208,2676
11438,10916,4335
11439,11045,4005
11440,11311,5294
11441,5190,4226
11442,8708,2130
11443,4803,4611
11444,11371,1625
11445,4985,4583
11446,8630,5237
11447,11218,10577
11448,2565,354
11449,11264,4150
11450,11240,10846
11451,7168,4658
11452,11127,11100
11453,10961,10819
11454,11201,6799
11455,9930,4288
11456,9976,1654
11457,2357,2245
11458,3764,1209
11459,11092,10985
11460,11339,2632
11461,894,531
11462,9847,1388
11463,11427,641
11464,5592,1586
11465,11287,10992
11466,11148,4590
11467,11318,8937
11468,11321,7225
11469,11328,10525
11470,1605,974
11471,11258,10949
11472,11191,2522
11473,5135,3834
11474,11085,9798
11475,11170,1041
11476,253,112
11477,3831,3225
11478,11288,11232
11479,10748,6922
11480,10818,8830
11481,11394,10729
11482,11452,11269
11483,10761,671
11484,11423,4099
11485,7466,7142
11486,3887,1609
11487,11336,10786
11488,8065,5029
11489,10539,7265
11490,10396,4293
11491,11154,4693
11492,3735,2635
11493,8935,429
11494,11450,11011
11495,2514,1746
11496,8108,3228
11497,10768,5718
11498,10920,4237
11499,11251,8049
11500,10868,8035
11501,11337,11142
11502,11110,10502
11503,10600,10360
11504,11468,11273
11505,10908,8782
11506,8952,5233
11507,7444,5945
11508,3995,2169
11509,11027,8575
11510,11123,3536
11511,10973,1292
11512,11369,4098
11513,5618,3360
11514,10613,3996
11515,3544,2072
11516,11380,812
11517,2820,1976
11518,5035,1032
11519,10391,5701
11520,11109,4502
11521,7005,2143
11522,7038,6857
11523,10806,8993
11524,11162,1133
11525,4670,371
11526,10636,2023
11527,11004,8290
11528,11332,1816
11529,10769,5864
11530,9027,8385
11531,2827,2206
11532,7642,4813
11533,7097,1463
11534,11048,2955
11535,4830,4439
11536,11278,7981
11537,7239,4421
11538,11213,629
11539,11443,4757
11540,11419,11384
11541,11391,9393
11542,11365,5931
11543,10731,3309
11544,11463,780
11545,6834,6674
11546,11392,791
11547,7652,4294
11548,10912,2096
11549,10931,7409
11550,8346,4909
11551,11367,5266
11552,4585,1441
11553,10690,8635
11554,11188,5877
11555,8551,7247
11556,6894,6756
11557,11215,763
11558,11177,4079
11559,11416,11082
11560,7258,3170
11561,11179,7639
11562,11516,7877
11563,5513,2667
11564,10872,933
11565,10972,1375
11566,5851,860
11567,8032,5869
11568,11152,5405
11569,11098,7089
11570,11528,11107
11571,11323,706
11572,11276,3836
11573,11372,1097
11574,7484,7295
11575,7869,6498
11576,11010,1471
11577,11086,879
11578,3080,1299
11579,3385,1994
11580,11263,7943
11581,5975,1718
11582,3329,2721
11583,7513,3877
11584,5648,2866
11585,11284,8433
11586,10886,6760
11587,11234,10915
11588,11049,1168
11589,11474,11129
11590,11540,11153
11591,4371,2372
11592,8787,1320
11593,7100,1710
11594,2018,1429
11595,11261,11233
11596,2880,1913
11597,11546,11467
11598,11069,10831
11599,8430,8427
11600,8880,3314
11601,11289,11036
11602,11226,10841
11603,5802,2120
11604,11562,10875
11605,6899,37
11606,6757,3514
11607,11544,11340
11608,4733,4008
11609,11588,686
11610,11504,11324
11611,11523,11051
11612,5324,3694
11613,4581,73
11614,11421,10877
11615,4959,4310
11616,4184,3046
11617,8259,928
11618,11120,5195
11619,3395,3197
11620,8511,344
11621,4640,1963
11622,11014,866
11623,5807,4549
11624,11173,2509
11625,11060,10834
11626,10906,2938
11627,2292,699
11628,11570,1264
11629,11037,10960
11630,11552,5636
11631,11030,5284
11632,4300,4025
11633,11294,4593
11634,11418,11118
11635,11237,11168
11636,11580,5019
11637,5403,4793
11638,11023,10963
11639,8994,3306
11640,4442,3035
11641,7033,7028
11642,5212,5104
11643,2750,2742
11644,11254,11093
11645,11303,1217
11646,5356,370
11647,8315,1681
11648,10917,862
11649,3024,1403
11650,3582,2665
11651,11325,598
11652,1979,1677
11653,5434,3896
11654,11015,5009
11655,9604,5016
11656,4034,3580
11657,10945,236
11658,11205,10828
11659,11381,5575
11660,7325,778
11661,11399,11245
11662,11389,9254
11663,6689,5790
11664,5598,824
11665,5889,5810
11666,4252,3575
11667,11437,103
11668,9708,2620
11669,11083,5467
11670,6376,6295
11671,11326,1903
11672,10756,7365
11673,3773,3740
11674,5617,1498
11675,9323,1886
11676,7082,580
11677,11186,7369
11678,11039,5054
11679,11197,7694
11680,4641,2731
11681,11008,2200
11682,392,368
11683,11080,5511
11684,11636,11465
11685,11604,11243
11686,11430,11428
11687,8226,171
11688,2247,715
11689,8840,3675
11690,10871,3090
11691,6270,5684
11692,11571,1505
11693,11553,6177
11694,11527,4245
11695,10891,1871
11696,11225,10991
11697,6792,4475
11698,11436,1736
11699,3452,2646
11700,4160,3231
11701,6733,6624
11702,11249,8537
11703,4876,3964
11704,3859,530
11705,11270,942
11706,11475,5964
11707,11628,11383
11708,11253,1706
11709,11396,4710
11710,8431,1876
11711,10561,622
11712,7804,7692
11713,11590,10979
11714,11625,8618
11715,11595,7792
11716,8572,2494
11717,5751,5703
11718,10358,5830
11719,11483,5548
11720,11481,1390
11721,5960,5688
11722,7345,3172
11723,4565,3479
11724,5384,2792
11725,10970,2687
11726,11426,10788
11727,7202,6557
11728,11285,5479
11729,11610,8407
11730,11440,11308
11731,3227,3056
11732,11526,2669
11733,11283,637
11734,11143,698
11735,11122,5599
11736,4206,3775
11737,6916,5925
11738,3985,3072
11739,8874,1833
11740,11185,11089
11741,11575,2491
11742,11539,11150
11743,2450,1064
11744,8134,168
11745,10882,4021
11746,11698,1966
11747,5813,4349
11748,2303,918
11749,8646,4895
11750,11013,9605
11751,11206,10990
11752,11692,11344
11753,11295,237
11754,11244,10907
11755,11072,9656
11756,4041,3960
11757,11131,11001
11758,11262,9937
11759,11505,9908
11760,11447,2185
11761,11634,11386
11762,11602,11390
11763,11659,11654
11764,11607,11431
11765,11564,4742
11766,8917,7155
11767,11280,3131
11768,11434,756
11769,2757,1108
11770,11165,11074
11771,7798,2069
11772,11707,846
11773,11145,2270
11774,4352,4065
11775,903,891
11776,5420,2485
11777,11490,3669
11778,11031,539
11779,10968,5126
11780,11203,8023
11781,5412,3912
11782,11221,3706
11783,11211,3148
11784,11025,9580
11785,11684,11352
11786,2943,2836
11787,5387,1952
11788,11601,11413
11789,8579,2370
11790,11363,11180
11791,11357,10969
11792,11271,984
11793,1230,1028
11794,11578,6409
11795,2634,2134
11796,11512,10529
11797,11047,2183
11798,11569,2840
11799,11334,8573
11800,11494,11115
11801,11056,8756
11802,11330,9345
11803,9856,9553
11804,11596,5586
11805,10854,8824
11806,3002,1384
11807,6693,6635
11808,11678,11478
11809,11482,604
11810,4882,1250
11811,11600,7966
11812,11685,11554
11813,6908,6881
11814,11753,89
11815,11598,11227
11816,11662,11335
11817,11265,10888
11818,9211,7623
11819,11514,576
11820,11387,8223
11821,11705,11136
11822,7614,460
11823,11720,11176
11824,4929,4878
11825,10941,1917
11826,11312,11121
11827,11041,5423
11828,11398,11099
11829,10779,7243
11830,11713,11573
11831,410,138
11832,11138,3802
11833,11374,4508
11834,711,571
11835,7485,4490
11836,9880,8359
11837,11661,11520
11838,5379,4055
11839,8347,7989
11840,849,710
11841,10295,7993
11842,11668,11667
11843,7354,6862
11844,11772,11461
11845,5664,3169
11846,9601,9460
11847,10925,6943
11848,11529,5589
11849,4668,2240
11850,11551,5577
11851,7276,3258
11852,11161,5187
11853,10883,3347
11854,8042,5753
11855,4023,3855
11856,7128,6978
11857,11382,4587
11858,11075,1186
11859,11054,7433
11860,4320,3316
11861,10840,5555
11862,8959,5057
11863,3409,2947
11864,11456,5831
11865,11309,6992
11866,11830,6358
11867,11231,2116
11868,11699,7121
11869,11651,5277
11870,9852,3357
11871,7066,7006
11872,11472,7649
11873,11757,10695
11874,11763,4778
11875,11117,281
11876,11728,11193
11877,10936,4531
11878,9944,1628
11879,10739,6682
11880,10975,4939
11881,8252,115
11882,3011,3003
11883,11730,11597
11884,11196,8465
11885,8617,8585
11886,7077,5385
11887,11068,4560
11888,10899,10796
11889,2146,1689
11890,11864,1835
11891,11639,929
11892,11652,1008
11893,11016,5078
11894,11126,1883
11895,11354,878
11896,11274,3869
11897,2594,705
11898,11250,4350
11899,10716,1218
11900,11599,10406
11901,11587,11194
11902,10938,5939
11903,5429,5339
11904,7401,7034
11905,11433,10508
11906,6830,2313
11907,1585,1078
11908,11812,1306
11909,11167,11163
11910,11719,11362
11911,8577,4244
11912,11333,6116
11913,7823,3322
11914,11866,11353
11915,6888,6608
11916,11314,601
11917,9668,7353
11918,7770,2412
11919,11752,5351
11920,10913,619
11921,11788,11346
11922,1322,719
11923,7737,7390
11924,8685,8508
11925,9258,5486
11926,7999,905
11927,10460,4067
11928,11479,11290
11929,10881,4755
11930,3218,2688
11931,7952,5107
11932,9809,8718
11933,11624,1878
11934,8889,3797
11935,11764,857
11936,11415,8738
11937,11187,1445
11938,11511,3948
11939,2493,1923
11940,11255,642
11941,11500,2540
11942,4826,1345
11943,11594,11462
11944,11555,1346
11945,11844,669
11946,8152,916
11947,7456,3369
11948,7896,591
11949,7274,6738
11950,11453,5326
11951,11214,1257
11952,11268,6897
11953,11800,10965
11954,7939,3792
11955,11005,3483
11956,11808,3572
11957,11515,772
11958,5031,3435
11959,6832,6699
11960,11715,1095
11961,11935,11425
11962,11914,11709
11963,5888,5710
11964,11920,2933
11965,11534,1393
11966,2462,672
11967,10461,152
11968,6649,4425
11969,11823,11589
11970,11103,3405
11971,2161,520
11972,11292,7571
11973,8194,62
11974,6489,1601
11975,11874,11630
11976,7656,4591
11977,11850,8327
11978,9849,5899
11979,5145,504
11980,9887,7782
11981,11695,11401
11982,11729,11293
11983,5204,3021
11984,11189,11090
11985,7131,2654
11986,11815,11487
11987,11908,11706
11988,11567,1691
11989,10851,8447
11990,7435,7242
11991,7895,1622
11992,10995,2385
11993,11961,1945
11994,11489,5535
11995,11228,1092
11996,11945,11688
11997,8658,4497
11998,8724,8647
11999,11549,10789
12000,11071,4977
12001,5146,4367
12002,11548,9948
12003,2016,924
12004,5956,5596
12005,1193,1006
12006,6109,1370
12007,11469,11104
12008,11735,7837
12009,11799,1590
12010,11345,1758
12011,8623,8069
12012,3499,1831
12013,7418,3439
12014,8785,7976
12015,7170,6656
12016,11281,5906
12017,11202,11178
12018,11279,3372
12019,11785,11409
12020,11679,4107
12021,11124,6990
12022,11872,11366
12023,11542,1372
12024,5670,5567
12025,11252,11175
12026,11388,2304
12027,11938,11385
12028,11982,11012
12029,3041,1751
12030,11783,4823
12031,4749,3132
12032,6755,6546
12033,11097,4022
12034,5008,752
12035,11507,3839
12036,5350,4135
12037,11298,8225
12038,1109,586
12039,11737,11223
12040,11286,5700
12041,11077,7377
12042,11987,634
12043,11631,8365
12044,7462,1452
12045,11838,10901
12046,11513,11169
12047,9748,4198
12048,11114,10763
12049,4487,3956
12050,7496,7045
12051,11919,11620
12052,11676,5626
12053,11975,11432
12054,4078,3944
12055,11125,2414
12056,11857,11497
12057,6652,5026
12058,11613,11402
12059,10937,2405
12060,5750,2962
12061,11238,1709
12062,12019,10667
12063,4602,4273
12064,9152,4674
12065,11397,7375
12066,11765,11696
12067,11809,11794
12068,11837,11459
12069,8230,3630
12070,9187,3665
12071,11817,11614
12072,1135,792
12073,3849,3619
12074,11627,11343
12075,2954,2367
12076,12062,11484
12077,11133,11062
12078,11802,4737
12079,300,218
12080,6440,2223
12081,11962,1238
12082,10956,1002
12083,11748,11531
12084,11543,4331
12085,1884,1859
12086,11779,11184
12087,4703,2547
12088,8363,7867
12089,11780,11235
12090,11766,7177
12091,11537,4381
12092,11821,11782
12093,11347,5773
12094,11404,4330
12095,11758,11711
12096,11316,9960
12097,9911,2644
12098,11969,11762
12099,11096,4239
12100,11302,9607
12101,1768,1204
12102,11480,9762
12103,6074,1050
12104,6853,6751
12105,11754,11714
12106,11510,2114
12107,11609,11379
12108,5053,4268
12109,11061,11057
12110,11022,10811
12111,8478,3825
12112,3588,1819
12113,11638,11256
12114,9877,7283
12115,11791,3875
12116,7641,2435
12117,8849,2364
12118,11834,9506
12119,11937,11883
12120,11950,2859
12121,12053,11953
12122,7699,6911
12123,5442,2040
12124,7766,2333
12125,1051,465
12126,11810,11020
12127,11024,3683
12128,1595,599
12129,9634,7530
12130,11267,1354
12131,11492,2759
12132,11342,11009
12133,9915,9631
12134,6773,6625
12135,8483,1697
12136,9671,2601
12137,11586,11435
12138,11488,5678
12139,6305,6095
12140,11761,8058
12141,7558,5075
12142,11643,1119
12143,9791,9770
12144,12081,11996
12145,11995,8686
12146,12042,11894
12147,9754,7349
12148,8654,8342
12149,6010,2150
12150,6626,883
12151,11798,11760
12152,2756,2423
12153,10450,4910
12154,11912,11677
12155,11686,9621
12156,11216,3913
12157,9867,8507
12158,6663,6650
12159,4709,2832
12160,12119,11460
12161,11689,3923
12162,12067,11922
12163,5909,2019
12164,12030,11373
12165,11395,1394
12166,11968,1548
12167,11842,8093
12168,11755,11576
12169,3631,2953
12170,3220,243
12171,11502,2064
12172,7718,5186
12173,9642,3858
12174,9150,3126
12175,11831,122
12176,11470,8490
12177,11671,2609
12178,11618,11306
12179,5538,1362
12180,7488,7385
12181,11994,11375
12182,7241,5933
12183,11408,5846
12184,11524,4843
12185,11645,1430
12186,12076,3027
12187,11880,1351
12188,3449,3334
12189,11921,11734
12190,11681,11451
12191,11466,5465
12192,11199,9910
12193,12146,7152
12194,3921,3895
12195,1855,1456
12196,12064,11877
12197,11501,170
12198,7232,7053
12199,11444,4894
12200,8933,8903
12201,7972,5691
12202,12087,11942
12203,8352,1508
12204,12066,4214
12205,3364,3061
12206,8636,4292
12207,12028,11756
12208,8370,964
12209,11733,11622
12210,8251,3387
12211,11593,2348
12212,11297,11260
12213,9682,5435
12214,10507,2167
12215,11956,11656
12216,5318,5234
12217,11989,11960
12218,5910,1466
12219,1072,1067
12220,12197,11928
12221,11771,5524
12222,9117,4689
12223,2296,784
12224,11832,11359
12225,3182,2641
12226,8788,8021
12227,11804,11329
12228,11568,503
12229,11993,5702
12230,11644,8773
12231,11660,3428
12232,2277,1110
12233,12009,11536
12234,2465,2215
12235,10820,7794
12236,5358,547
12237,2837,1839
12238,3962,1312
12239,4849,3123
12240,11629,8099
12241,12229,11424
12242,10847,3634
12243,11694,11331
12244,12160,11946
12245,822,192
12246,11640,11291
12247,11642,11156
12248,3085,2546
12249,1860,1643
12250,11584,4394
12251,11429,7302
12252,7122,4924
12253,12162,11635
12254,8555,2346
12255,11965,11770
12256,11592,1877
12257,11932,11708
12258,8890,7840
12259,12193,4814
12260,11811,8813
12261,9658,6470
12262,6329,3874
12263,12140,6178
12264,11861,11422
12265,12002,8212
12266,11971,1363
12267,12167,12035
12268,11236,4397
12269,9788,1437
12270,285,75
12271,11073,6679
12272,11751,11473
12273,11557,2946
12274,5712,5523
12275,11350,1660
12276,12244,12191
12277,11690,630
12278,11565,11530
12279,11611,7493
12280,12051,4812
12281,12018,11732
12282,9379,4069
12283,231,107
12284,7363,3522
12285,8835,6420
12286,6723,6561
12287,11710,1714
12288,9021,6474
12289,3383,2148
12290,9437,5367
12291,4600,2139
12292,9057,9007
12293,11718,2220
12294,11032,5808
12295,11558,11137
12296,9600,9235
12297,12259,12027
12298,11998,11702
12299,11759,1279
12300,11348,1507
12301,11972,4688
12302,11773,11229
12303,8479,5980
12304,11879,8775
12305,2354,2025
12306,7467,7178
12307,3754,3336
12308,12164,11550
12309,11648,5711
12310,12241,2579
12311,9559,5660
12312,9737,4965
12313,12129,536
12314,9517,2673
12315,11739,10451
12316,4365,2897
12317,9988,1215
12318,7432,7400
12319,12253,744
12320,11400,6361
12321,4176,1824
12322,11933,716
12323,8206,4994
12324,7585,5032
12325,12215,12121
12326,11477,3527
12327,12280,12144
12328,9805,6835
12329,11819,8121
12330,2951,1226
12331,12272,11940
12332,10974,4389
12333,2557,2358
12334,4085,1912
12335,11999,9739
12336,11304,4802
12337,12230,11691
12338,11871,440
12339,7889,1750
12340,2714,2098
12341,2629,2455
12342,11498,6930
12343,1741,129
12344,7475,7114
12345,3987,2597
12346,11319,6562
12347,12178,5389
12348,8138,7249
12349,7072,3289
12350,11727,7173
12351,11884,7780
12352,12327,951
12353,7675,3918
12354,8781,4166
12355,9664,2705
12356,7949,1852
12357,11910,11621
12358,11797,4509
12359,5297,1919
12360,7690,5168
12361,11532,4677
12362,11183,11067
12363,11449,3929
12364,12022,9507
12365,11909,5988
12366,3781,280
12367,11862,11617
12368,12199,5161
12369,11605,8580
12370,11778,572
12371,6328,4295
12372,11787,896
12373,12069,4477
12374,7836,4472
12375,12065,11849
12376,5961,4839
12377,11900,7480
12378,9955,118
12379,6049,1282
12380,12263,12068
12381,12074,11674
12382,7262,6503
12383,11885,5185
12384,7891,142
12385,12083,7161
12386,11493,11448
12387,5863,5759
12388,12310,12297
12389,8908,4798
12390,7350,7291
12391,12276,11566
12392,7314,7227
12393,11420,7347
12394,11981,11899
12395,12319,11966
12396,11983,5112
12397,9793,5176
12398,1451,1075
12399,3905,3736
12400,11977,11776
12401,11700,11633
12402,3207,3144
12403,7616,1004
12404,12115,4933
12405,12186,3677
12406,11491,9606
12407,11697,11560
12408,12211,11257
12409,12098,11792
12410,11828,11495
12411,12331,12007
12412,11743,68
12413,3564,1920
12414,11896,11740
12415,8395,2633
12416,11991,1961
12417,8986,8871
12418,12207,11079
12419,9902,1804
12420,3618,1891
12421,11974,11541
12422,12145,985
12423,12102,1729
12424,8459,1668
12425,11619,9086
12426,7226,3722
12427,12240,7681
12428,7610,4906
12429,11777,9951
12430,8412,6463
12431,7095,6628
12432,11905,8786
12433,11858,1211
12434,12224,2036
12435,5958,1808
12436,8413,4597
12437,9660,3252
12438,11455,11006
12439,2254,2083
12440,6390,801
12441,11200,10977
12442,11726,3375
12443,11519,1225
12444,12161,8701
12445,8948,3721
12446,3621,2062
12447,11341,9669
12448,11796,11471
12449,8410,8087
12450,12124,8081
12451,6288,5321
12452,4533,4340
12453,4936,3873
12454,12273,12085
12455,10880,3702
12456,11978,3062
12457,9795,1017
12458,4875,1352
12459,9913,1872
12460,2188,1324
12461,12047,5415
12462,11277,1253
12463,4756,4110
12464,8847,1044
12465,12212,4499
12466,12155,1490
12467,12255,11499
12468,4471,1484
12469,11522,10238
12470,8886,697
12471,5130,889
12472,5637,5247
12473,11853,11355
12474,12023,278
12475,7548,1795
12476,7701,6145
12477,11672,8875
12478,11658,3703
12479,2614,1120
12480,11941,2426
12481,2926,2829
12482,11538,8031
12483,11665,11581
12484,7671,5436
12485,5717,1740
12486,5155,2771
12487,12177,1521
12488,12391,12364
12489,6120,5515
12490,5796,4780
12491,11407,72
12492,12092,12043
12493,453,261
12494,11954,7537
12495,10412,8123
12496,12418,4345
12497,11403,10940
12498,12405,1653
12499,12428,11852
12500,3394,841
12501,8193,5533
12502,10390,6554
12503,7213,7211
12504,11300,7565
12505,12078,977
12506,12400,11868
12507,12148,4534
12508,5719,4496
12509,11873,11848
12510,1206,757
12511,11916,11518
12512,12111,11626
12513,7850,6571
12514,12243,2735
12515,8147,1100
12516,12190,7995
12517,11442,4901
12518,12138,7909
12519,5735,2689
12520,12050,8270
12521,12151,2186
12522,12010,11585
12523,11360,4874
12524,8662,8564
12525,12395,12388
12526,313,200
12527,12498,8066
12528,12095,7000
12529,7557,1327
12530,1889,1468
12531,7957,5399
12532,11224,4511
12533,12089,7576
12534,11248,7164
12535,11561,7748
12536,11181,7463
12537,6036,3209
12538,12128,1564
12539,12189,15
12540,11952,11703
12541,7081,5093
12542,8437,8139
12543,12209,11675
12544,12072,11746
12545,12184,11750
12546,11827,709
12547,11669,4275
12548,9781,5380
12549,12107,2971
12550,12217,1090
12551,11893,11171
12552,2376,2241
12553,7272,6895
12554,12176,1190
12555,11744,1900
12556,9981,314
12557,11356,1074
12558,5365,2078
12559,8135,7528
12560,12004,7182
12561,6861,6793
12562,12071,11612
12563,9149,912
12564,8060,5514
12565,11984,11876
12566,8453,2941
12567,12105,2433
12568,2788,2543
12569,2334,1122
12570,12231,11833
12571,12021,11886
12572,11349,1159
12573,12077,11517
12574,12079,11377
12575,11411,9224
12576,5982,886
12577,7130,2861
12578,11741,6282
12579,3616,2424
12580,650,544
12581,5974,5569
12582,9953,9892
12583,12492,11768
12584,12041,10826
12585,7518,4728
12586,6796,4899
12587,9715,5117
12588,12352,11948
12589,12325,8103
12590,11801,11521
12591,12267,12120
12592,11682,119
12593,3397,3161
12594,1191,588
12595,11606,6839
12596,8920,2929
12597,12363,11967
12598,8828,7132
12599,10885,1118
12600,12152,2022
12601,11943,1293
12602,12466,839
12603,12409,11826
12604,10909,6335
12605,12550,11563
12606,12058,8229
12607,12368,11559
12608,12346,6612
12609,5306,5127
12610,7556,1214
12611,3487,2386
12612,11892,1210
12613,11992,11310
12614,11358,6058
12615,9998,7880
12616,12404,12187
12617,11923,802
12618,8208,3566
12619,8246,1263
12620,12251,12109
12621,12369,8927
12622,11364,9820
12623,9828,4130
12624,12137,11701
12625,12308,8254
12626,9571,1113
12627,9146,4379
12628,12183,2263
12629,11931,1995
12630,12233,551
12631,12357,12302
12632,5972,1450
12633,5977,1997
12634,12562,12335
12635,11951,2736
12636,8945,5937
12637,12262,11840
12638,11936,9792
12639,12553,11219
12640,8278,4376
12641,5431,4225
12642,12298,2970
12643,5336,1350
12644,11486,7621
12645,11845,7384
12646,12337,5848
12647,7824,3907
12648,11841,1474
12649,11955,7172
12650,12539,11970
12651,12367,7651
12652,11867,270
12653,7552,1539
12654,12248,2329
12655,12602,5531
12656,12288,11547
12657,9538,567
12658,7743,3767
12659,12106,5868
12660,12527,12045
12661,11814,9171
12662,7020,7019
12663,12024,1227
12664,12532,12196
12665,12271,5520
12666,4667,3638
12667,12567,11650
12668,7886,1166
12669,5210,680
12670,9677,1680
12671,6845,6763
12672,12467,12410
12673,8500,8257
12674,12488,838
12675,12487,8554
12676,7941,7685
12677,11055,1030
12678,11572,3378
12679,12275,4884
12680,2055,1169
12681,5157,1376
12682,7308,1313
12683,2567,1396
12684,9562,2411
12685,7791,1982
12686,12607,6399
12687,2854,667
12688,11745,1980
12689,5201,1788
12690,12480,12056
12691,11781,4038
12692,11855,6156
12693,11881,1007
12694,7751,2867
12695,12020,4028
12696,11890,1085
12697,12171,6654
12698,8606,1572
12699,11976,11731
12700,12650,5817
12701,11603,11182
12702,12130,3071
12703,5680,4716
12704,9681,2079
12705,12131,3649
12706,365,259
12707,3416,2848
12708,4898,416
12709,8028,5836
12710,6545,86
12711,12381,2166
12712,12011,1942
12713,12153,11577
12714,11790,9563
12715,12185,3594
12716,12192,12110
12717,5105,203
12718,12638,11964
12719,3892,3042
12720,12378,587
12721,9304,4412
12722,6887,6583
12723,12123,9901
12724,12204,9975
12725,5692,1358
12726,12365,1814
12727,11296,6986
12728,12154,12016
12729,12543,769
12730,12060,994
12731,257,59
12732,3973,3738
12733,12625,476
12734,5482,155
12735,12227,730
12736,12036,12005
12737,10942,17
12738,7761,5895
12739,11509,7657
12740,12132,9760
12741,11503,10316
12742,12605,7554
12743,12046,11749
12744,12147,9884
12745,11376,4347
12746,11805,8735
12747,2342,1089
12748,1761,1216
12749,12245,11716
12750,1780,1563
12751,12628,12412
12752,12159,12017
12753,12511,11889
12754,12247,3672
12755,1310,1040
12756,12630,12506
12757,12266,8660
12758,4179,1378
12759,11918,1134
12760,9619,3065
12761,4261,1530
12762,12433,12168
12763,3952,2798
12764,3609,1184
12765,12591,6393
12766,12101,7637
12767,1470,1424
12768,12181,11829
12769,7461,7330
12770,9730,9693
12771,4030,9
12772,12482,2269
12773,12516,12454
12774,9572,2003
12775,12601,8286
12776,12521,9766
12777,11649,11370
12778,12361,12059
12779,11786,3812
12780,12281,11986
12781,11439,624
12782,442,273
12783,5900,5797
12784,3392,3158
12785,12660,6212
12786,11839,5437
12787,12061,3890
12788,11508,5859
12789,12401,12336
12790,12509,7063
12791,2881,837
12792,4059,3238
12793,12626,11901
12794,12496,5362
12795,12631,7307
12796,12037,8171
12797,12040,11988
12798,8425,7921
12799,12588,12544
12800,11851,5590
12801,4406,2678
12802,12169,9439
12803,8024,7848
12804,12443,2221
12805,5985,944
12806,5319,666
12807,11846,3437
12808,4207,1551
12809,11533,2157
12810,12202,5188
12811,11847,6581
12812,7268,2207
12813,12715,1967
12814,7935,3558
12815,12577,8696
12816,12505,11903
12817,6454,817
12818,3458,2593
12819,7374,6708
12820,8051,7412
12821,6083,1160
12822,12646,12473
12823,11608,4251
12824,1790,291
12825,12742,10002
12826,11836,4571
12827,12055,5561
12828,11485,9586
12829,12299,2691
12830,12674,4907
12831,7422,1009
12832,12578,2125
12833,12514,12274
12834,12278,298
12835,688,28
12836,12385,6369
12837,12597,189
12838,12559,5259
12839,11207,7533
12840,12785,11869
12841,12149,5825
12842,9839,6458
12843,7638,965
12844,7133,5706
12845,11926,2470
12846,12434,12112
12847,2115,724
12848,12313,12142
12849,1270,590
12850,7012,1461
12851,11913,7727
12852,1648,1244
12853,12589,5236
12854,8159,4006
12855,12752,11820
12856,7064,4097
12857,11623,7894
12858,7134,6735
12859,8613,5250
12860,12435,12025
12861,12375,11947
12862,11957,8075
12863,7501,4540
12864,6850,6777
12865,9587,1989
12866,7693,7198
12867,12044,2248
12868,11704,6055
12869,11742,4174
12870,12250,11637
12871,6946,6820
12872,5000,3647
12873,12794,1818
12874,12729,12150
12875,12776,8272
12876,7625,2355
12877,4504,4325
12878,5291,3940
12879,4411,557
12880,6208,6022
12881,12538,12525
12882,11464,1146
12883,7084,5924
12884,11789,3389
12885,11816,4437
12886,8631,1274
12887,11944,5310
12888,12810,12603
12889,11891,1104
12890,3471,3177
12891,12326,25
12892,12432,4768
12893,9756,2249
12894,11591,11313
12895,7679,6432
12896,12113,4321
12897,12825,2577
12898,12522,5809
12899,12157,1787
12900,3725,3081
12901,3248,3141
12902,4955,3517
12903,5283,5005
12904,12535,4403
12905,8726,4139
12906,12054,11417
12907,11927,3581
12908,7587,3788
12909,8599,5996
12910,12830,12103
12911,12620,4943
12912,11973,11687
12913,12661,11767
12914,11723,4532
12915,9811,593
12916,12210,6285
12917,12799,12700
12918,12573,12422
12919,12293,7145
12920,4772,3776
12921,9115,4337
12922,12386,11063
12923,12208,4845
12924,12840,12659
12925,4825,4566
12926,12665,5905
12927,12726,5623
12928,7640,6585
12929,2495,1822
12930,4743,2778
12931,6085,2312
12932,12414,12338
12933,12330,12126
12934,9048,3432
12935,12296,9816
12936,6740,5506
12937,10996,7187
12938,12502,11393
12939,4957,4217
12940,9679,1644
12941,6761,6586
12942,4735,2677
12943,12320,12052
12944,12829,6114
12945,12832,11525
12946,7546,602
12947,4448,2459
12948,12645,2738
12949,12235,4467
12950,12242,8780
12951,5921,2298
12952,12735,8244
12953,12885,12790
12954,4027,1732
12955,12733,12652
12956,5276,2227
12957,4771,4212
12958,3883,3549
12959,11657,7332
12960,12407,5970
12961,11035,925
12962,4911,1624
12963,12555,12540
12964,6737,6662
12965,12667,4730
12966,12329,8878
12967,12724,12347
12968,12554,2449
12969,3263,1011
12970,2878,581
12971,12637,12228
12972,12356,3778
12973,12419,12170
12974,12881,12795
12975,7059,3160
12976,12474,4856
12977,12656,12629
12978,11888,9093
12979,6412,1316
12980,12370,5045
12981,12534,11693
12982,12015,5862
12983,6770,6715
12984,12503,7009
12985,260,255
12986,3871,1266
12987,12300,1364
12988,12655,12309
12989,11647,2235
12990,12781,12082
12991,7015,3054
12992,11843,6938
12993,12611,4418
12994,12761,685
12995,7843,1147
12996,5558,3342
12997,11854,5776
12998,9311,2904
12999,12874,12853
13000,12118,617
13001,8772,7011
13002,12323,11898
13003,9329,3226
13004,12686,12372
13005,12600,681
13006,6833,2701
13007,4745,3519
13008,8643,4409
13009,9453,7549
13010,7664,2928
13011,12612,1493
13012,11906,6880
13013,12166,4572
13014,12351,5672
13015,5754,3946
13016,8816,1516
13017,12682,11911
13018,12834,12606
13019,12173,8624
13020,12456,11653
13021,12497,11887
13022,12614,12203
13023,12711,11457
13024,12031,1841
13025,8979,8110
13026,12442,5295
13027,12455,3532
13028,12528,357
13029,12718,12648
13030,4032,2131
13031,12924,12451
13032,11405,6766
13033,4000,3501
13034,7420,5013
13035,12549,12424
13036,7847,1467
13037,12457,12256
13038,12499,5828
13039,12411,663
13040,12741,6825
13041,12896,4930
13042,12910,9433
13043,12619,829
13044,5709,1005
13045,12517,4248
13046,12999,12775
13047,3974,3063
13048,12793,12753
13049,5499,1014
13050,11664,4002
13051,6775,2851
13052,12249,4724
13053,12916,867
13054,12332,8417
13055,12430,2154
13056,12481,8041
13057,12238,4220
13058,2228,146
13059,12246,12008
13060,8105,2605
13061,12768,12571
13062,12897,1559
13063,12779,4133
13064,7210,4384
13065,12572,1027
13066,12340,11725
13067,12234,9870
13068,12408,11822
13069,12641,12634
13070,9747,2033
13071,12090,9504
13072,9924,2804
13073,8227,3718
13074,5544,843
13075,8720,7606
13076,12862,12594
13077,9875,6950
13078,3757,992
13079,12673,12518
13080,12268,9755
13081,12393,7185
13082,12702,12427
13083,6426,2213
13084,11902,887
13085,3795,3587
13086,8698,895
13087,13004,8338
13088,12883,12394
13089,4271,996
13090,3676,2767
13091,12000,900
13092,12710,8706
13093,7665,4932
13094,12622,6064
13095,3359,675
13096,12026,4343
13097,12974,12944
13098,12649,10966
13099,12917,12757
13100,7728,7650
13101,6870,6707
13102,12765,12114
13103,12547,8092
13104,11875,256
13105,12692,12264
13106,12767,12165
13107,12198,7360
13108,12462,2799
13109,11930,5786
13110,12749,9957
13111,12546,9958
13112,11204,8675
13113,751,332
13114,4377,2458
13115,12945,12380
13116,3331,383
13117,11615,8312
13118,11582,4178
13119,5265,4915
13120,7808,7118
13121,5493,2608
13122,12476,5527
13123,12756,12444
13124,13042,4627
13125,3852,3728
13126,3284,1240
13127,9089,350
13128,11803,9860
13129,7105,6613
13130,5124,1556
13131,13031,12833
13132,7577,655
13133,12304,12220
13134,11722,3865
13135,2649,1482
13136,12642,8219
13137,13039,1167
13138,12277,12029
13139,12943,12696
13140,9308,5417
13141,12436,12003
13142,12423,12237
13143,12406,12038
13144,1921,1053
13145,12292,4983
13146,12033,11917
13147,12987,12377
13148,8794,7726
13149,8026,5765
13150,12820,12279
13151,11769,2615
13152,12260,317
13153,12868,5860
13154,13102,12257
13155,5965,1756
13156,13137,13124
13157,12965,12892
13158,12453,3604
13159,4552,3521
13160,2152,1580
13161,13099,8373
13162,12976,12125
13163,5087,1853
13164,6325,3242
13165,13062,11985
13166,12524,3791
13167,12827,11907
13168,5547,4423
13169,12762,990
13170,2907,339
13171,11670,136
13172,12584,11259
13173,8109,2456
13174,12685,584
13175,995,786
13176,11774,3490
13177,12084,12049
13178,12226,2451
13179,6190,2257
13180,11825,8276
13181,12716,12322
13182,5647,3520
13183,9469,6831
13184,7643,5517
13185,12922,4850
13186,12822,12206
13187,12845,1427
13188,12583,4807
13189,12772,1724
13190,12533,7964
13191,12873,12802
13192,13026,12777
13193,12006,11980
13194,12688,3537
13195,8117,4795
13196,12949,11458
13197,11535,2931
13198,12932,1245
13199,4606,4219
13200,12484,1152
13201,12875,8861
13202,9923,8130
13203,12425,400
13204,12465,8801
13205,5485,5419
13206,12988,343
13207,12837,12362
13208,334,179
13209,12431,1129
13210,12869,3568
13211,12094,7745
13212,12355,7149
13213,9424,9084
13214,12515,5025
13215,7779,7507
13216,12739,11192
13217,12398,2442
13218,12809,12504
13219,12770,1764
13220,12472,12445
13221,11052,6696
13222,3339,623
13223,6469,1543
13224,12485,2521
13225,12816,12713
13226,12931,12565
13227,12627,12575
13228,12902,12301
13229,12477,12383
13230,12086,11895
13231,2042,2024
13232,4997,4570
13233,5065,4253
13234,6659,5805
13235,12175,412
13236,12927,11865
13237,13035,12690
13238,2409,2319
13239,12449,6258
13240,12743,12478
13241,8476,4235
13242,5252,1738
13243,13146,1477
13244,12971,3658
13245,12317,1665
13246,12751,12093
13247,12501,1932
13248,12789,4458
13249,12311,8339
13250,13161,1140
13251,13046,5378
13252,5111,424
13253,11793,1435
13254,12952,1584
13255,11897,5475
13256,13097,842
13257,13028,7329
13258,12926,5594
13259,2889,331
13260,6028,4617
13261,12960,7144
13262,8354,5915
13263,12804,11818
13264,8228,3038
13265,13256,12490
13266,12860,4258
13267,13131,13022
13268,13226,8267
13269,12918,1409
13270,3481,2910
13271,12495,830
13272,11579,11412
13273,2537,1348
13274,9647,8862
13275,12647,4259
13276,12695,8464
13277,12397,1896
13278,13250,12977
13279,12730,1127
13280,12471,11925
13281,12861,12719
13282,1934,318
13283,8544,8341
13284,6226,5775
13285,9946,8102
13286,12966,12843
13287,12993,1873
13288,13188,12413
13289,3687,2156
13290,9685,7566
13291,13123,12666
13292,13105,12091
13293,13189,12223
13294,13265,3997
13295,9502,3288
13296,8131,1611
13297,12687,1307
13298,13191,13113
13299,7955,6259
13300,12714,11680
13301,11496,403
13302,13251,12396
13303,13115,13082
13304,6379,2065
13305,9783,2211
13306,13156,12450
13307,12764,3953
13308,12344,2885
13309,9550,5471
13310,12888,11446
13311,12464,12075
13312,9690,6304
13313,12566,12438
13314,9694,446
13315,7871,6204
13316,8199,1156
13317,12786,3251
13318,12439,12116
13319,5432,5348
13320,2356,692
13321,12180,11990
13322,13294,9744
13323,11724,5521
13324,3525,2440
13325,5352,3230
13326,13038,12564
13327,12218,6442
13328,5074,2723
13329,12458,6452
13330,8037,2095
13331,5843,3232
13332,7788,5903
13333,7787,3585
13334,9521,2551
13335,11246,8702
13336,13230,4432
13337,8759,5550
13338,6005,4726
13339,12542,5741
13340,2252,899
13341,12672,12265
13342,12697,7116
13343,13257,4958
13344,9835,5583
13345,13278,12693
13346,13322,12773
13347,12536,7397
13348,12034,11441
13349,12919,12839
13350,11784,1531
13351,12664,11824
13352,6927,6818
13353,9973,8692
13354,12925,3048
13355,12836,12616
13356,12421,12289
13357,9961,737
13358,7655,473
13359,12343,12303
13360,7071,4576
13361,12889,6127
13362,7893,1494
13363,13201,2858
13364,13225,8054
13365,7141,2600
13366,13267,5507
13367,3376,3016
13368,13053,4592
13369,3380,2210
13370,13011,1319
13371,12668,12460
13372,2807,1641
13373,8204,5316
13374,12581,519
13375,1899,733
13376,2812,758
13377,12835,3801
13378,7849,1267
13379,13136,12590
13380,7512,6926
13381,7266,7109
13382,13258,11414
13383,12706,9282
13384,7339,7147
13385,12963,1959
13386,4395,248
13387,12287,546
13388,8071,5160
13389,12483,9717
13390,8220,2119
13391,5755,2410
13392,7379,1395
13393,7755,5257
13394,5973,1401
13395,8485,8078
13396,13012,12415
13397,13279,13206
13398,12613,12232
13399,4787,745
13400,7820,2236
13401,7326,7214
13402,13180,5568
13403,13084,13014
13404,12520,7795
13405,13020,2751
13406,11747,6045
13407,13236,13165
13408,13346,2044
13409,12127,11438
13410,7912,948
13411,9220,8822
13412,12644,11616
13413,12392,7387
13414,12316,2924
13415,12552,5875
13416,12291,1408
13417,12968,12172
13418,13302,12980
13419,8616,2483
13420,5426,960
13421,9939,7997
13422,12734,9914
13423,11315,3417
13424,12712,12403
13425,1614,1269
13426,11410,11361
13427,3120,2707
13428,13349,7087
13429,13013,11929
13430,13269,13103
13431,12870,773
13432,13310,13169
13433,13288,5264
13434,13157,12269
13435,12872,12576
13436,4769,3817
13437,13345,13254
13438,8609,7543
13439,13190,543
13440,7359,7336
13441,12475,8401
13442,3729,1752
13443,9522,3155
13444,12720,747
13445,12134,6559
13446,12728,1056
13447,12680,2267
13448,12568,8657
13449,5061,2216
13450,12216,1196
13451,9540,6253
13452,8063,766
13453,12519,8180
13454,12551,9632
13455,13023,12635
13456,11949,6822
13457,12950,6155
13458,3911,3082
13459,12366,307
13460,13221,12342
13461,12745,4221
13462,12671,6637
13463,12805,800
13464,5861,5263
13465,13076,12222
13466,12014,4603
13467,5501,1667
13468,7244,2168
13469,13369,4968
13470,8975,5600
13471,11882,5067
13472,13246,12884
13473,13133,12315
13474,7767,3256
13475,12981,7965
13476,13211,7301
13477,13366,13182
13478,8444,7697
13479,9067,5416
13480,13154,11663
13481,12254,2141
13482,5280,5058
13483,7378,6290
13484,12904,12541
13485,13054,12099
13486,8374,7954
13487,1722,552
13488,11963,3989
13489,5382,491
13490,9673,4550
13491,9569,9346
13492,2503,1581
13493,12012,3313
13494,1999,1998
13495,12911,4127
13496,12841,12780
13497,12143,9676
13498,12447,9645
13499,7498,1183
13500,12677,8665
13501,13217,1460
13502,8393,8328
13503,7460,1170
13504,13262,12570
13505,13111,12459
13506,2093,1359
13507,13298,8987
13508,13306,13018
13509,8115,3296
13510,5815,4213
13511,13477,7085
13512,13080,5320
13513,13094,12479
13514,12531,7707
13515,13418,9552
13516,13228,7801
13517,7324,5392
13518,12470,12312
13519,2642,1880
13520,13356,12689
13521,11775,657
13522,12486,3270
13523,12940,2590
13524,12201,1827
13525,13397,12797
13526,13511,7436
13527,12219,7722
13528,13496,13341
13529,9890,9627
13530,13198,13088
13531,12955,8261
13532,2171,535
13533,7667,418
13534,3750,2855
13535,13177,3879
13536,12846,12788
13537,12353,3556
13538,13019,1026
13539,13437,13307
13540,12599,1811
13541,5047,3696
13542,12796,2636
13543,12236,5395
13544,9929,4453
13545,6776,6726
13546,13049,8601
13547,11721,2165
13548,920,700
13549,12290,9043
13550,12194,851
13551,13162,11856
13552,13148,8367
13553,12679,6485
13554,6815,346
13555,11924,4512
13556,12905,6482
13557,10668,8333
13558,12523,4923
13559,12967,3204
13560,4332,836
13561,12914,1716
13562,13539,13142
13563,13091,12096
13564,11979,4346
13565,12135,9554
13566,5227,4739
13567,8854,8598
13568,13255,9815
13569,13125,13087
13570,12989,12604
13571,13286,3611
13572,5757,3424
13573,13408,13017
13574,2935,1688
13575,13385,12675
13576,13210,12321
13577,7049,2422
13578,13365,13066
13579,8010,6956
13580,12359,4801
13581,6377,326
13582,12727,6948
13583,13037,11878
13584,13407,1192
13585,9864,549
13586,1986,779
13587,13007,3933
13588,11958,5971
13589,8803,2984
13590,13021,12678
13591,13152,12848
13592,1323,1042
13593,2925,1671
13594,13526,12740
13595,13336,12923
13596,2604,1571
13597,13392,13291
13598,12239,8715
13599,9577,6147
13600,13253,12557
13601,13048,4700
13602,12681,1021
13603,2795,2479
13604,13573,12530
13605,12334,4140
13606,7545,2659
13607,12769,12598
13608,12813,12787
13609,7051,2406
13610,7846,5537
13611,13122,5997
13612,4815,2871
13613,13186,11904
13614,13473,12158
13615,12063,7582
13616,13061,12560
13617,12717,4744
13618,13268,12295
13619,2427,1185
13620,1532,764
13621,12420,3639
13622,12057,3505
13623,12754,5390
13624,12417,7647
13625,12080,4984
13626,13433,13293
13627,12463,9176
13628,9609,529
13629,7043,2311
13630,12587,1237
13631,13559,13079
13632,8493,5814
13633,8422,7910
13634,7879,5215
13635,13515,12651
13636,12039,4468
13637,12345,2481
13638,12953,12494
13639,13504,13153
13640,12887,1116
13641,13029,809
13642,13245,13237
13643,13301,13027
13644,13363,13050
13645,13227,639
13646,8129,7856
13647,13507,1862
13648,7763,2239
13649,13134,949
13650,13193,9023
13651,13359,11683
13652,13192,8744
13653,3399,209
13654,7235,1620
13655,420,67
13656,13584,12844
13657,13110,12699
13658,12548,4963
13659,5792,1309
13660,12133,3730
13661,13447,6176
13662,292,238
13663,8011,6536
13664,13218,12831
13665,7890,1629
13666,8806,6811
13667,1385,1189
13668,12252,4635
13669,8540,6668
13670,9695,2349
13671,12850,514
13672,12048,7392
13673,12803,2359
13674,8814,5922
13675,8528,2324
13676,7862,1962
13677,7233,2461
13678,8320,7212
13679,13635,12824
13680,12545,12001
13681,13439,957
13682,13604,11870
13683,7687,937
13684,13355,13238
13685,12032,3386
13686,13069,2734
13687,6743,6675
13688,6310,2561
13689,8730,1517
13690,13181,13000
13691,13200,6087
13692,5095,2369
13693,4443,2535
13694,12156,5196
13695,9307,8191
13696,12195,5363
13697,6494,2552
13698,8154,2037
13699,9193,4019
13700,6981,6787
13701,13199,11506
13702,13259,12214
13703,8360,684
13704,13601,13508
13705,13398,3915
13706,13553,12285
13707,13493,4057
13708,13684,13569
13709,12979,4493
13710,13078,618
13711,13597,13220
13712,12766,1561
13713,13562,13434
13714,1749,775
13715,13343,9854
13716,12579,5551
13717,6334,4049
13718,13368,12807
13719,13642,13455
13720,3999,2952
13721,5406,702
13722,13446,8637
13723,13405,8405
13724,7040,2502
13725,13679,13571
13726,13536,12294
13727,1957,1459
13728,13528,1938
13729,13204,12812
13730,6101,1048
13731,13682,12760
13732,7175,3433
13733,9727,9539
13734,12738,9417
13735,1402,986
13736,13549,13059
13737,13647,13430
13738,13644,8260
13739,4792,3557
13740,12854,12817
13741,11997,8717
13742,13594,13292
13743,7288,7030
13744,6392,6015
13745,13030,11860
13746,13216,12736
13747,5976,648
13748,12871,6885
13749,13068,1748
13750,4927,4319
13751,12723,11795
13752,13261,1941
13753,6462,931
13754,5219,4746
13755,12389,6003
13756,8481,2416
13757,12350,7068
13758,13132,184
13759,337,133
13760,6904,6886
13761,13360,9763
13762,13465,2533
13763,4779,2153
13764,9289,3515
13765,13633,656
13766,2671,1927
13767,11454,6601
13768,13071,2014
13769,8297,3318
13770,13219,2715
13771,13731,13266
13772,12617,2251
13773,13555,4543
13774,13725,13531
13775,8008,1488
13776,12141,8995
13777,13203,12851
13778,13475,13036
13779,12654,2501
13780,4541,1371
13781,4451,2431
13782,8939,7711
13783,13174,12658
13784,13514,5622
13785,9104,5068
13786,13303,13280
13787,5822,2226
13788,12305,11939
13789,8185,1340
13790,13389,13329
13791,8383,5129
13792,2720,268
13793,13326,9883
13794,9881,9713
13795,13432,12610
13796,12339,1637
13797,5301,1939
13798,8114,166
13799,13312,12371
13800,13138,4656
13801,6584,2106
13802,12990,12847
13803,5144,3223
13804,4029,312
13805,9094,1318
13806,12942,2761
13807,13106,12574
13808,13652,13167
13809,12691,2075
13810,8597,1314
13811,8680,2524
13812,13563,1540
13813,11378,6461
13814,4618,1783
13815,13707,8642
13816,9542,9529
13817,13476,2428
13818,7658,1597
13819,7564,435
13820,3293,3272
13821,13692,13323
13822,13686,12997
13823,9994,545
13824,12948,9710
13825,13002,1634
13826,13402,13041
13827,8435,2787
13828,13135,12857
13829,12791,8690
13830,13523,12379
13831,3917,266
13832,12390,7061
13833,2460,2250
13834,13364,9933
13835,498,275
13836,4203,3078
13837,8737,5341
13838,13595,11666
13839,6366,6187
13840,5745,2763
13841,13247,1149
13842,13641,2599
13843,12913,12855
13844,8249,674
13845,9794,4781
13846,12973,3870
13847,11317,10559
13848,6033,554
13849,13314,11655
13850,12437,2478
13851,13466,12556
13852,13150,12858
13853,12073,2515
13854,8273,3635
13855,8456,1369
13856,13615,4407
13857,9949,9746
13858,13525,13243
13859,9231,6311
13860,13281,7123
13861,13809,13325
13862,7866,1723
13863,13145,2505
13864,13771,9328
13865,4336,114
13866,13657,6321
13867,2891,2351
13868,13650,13096
13869,13495,4524
13870,13719,13139
13871,13864,13626
13872,7772,1514
13873,13480,13055
13874,12819,12429
13875,13209,8628
13876,8474,5587
13877,12972,4385
13878,12639,9909
13879,13726,7516
13880,11915,6909
13881,13722,11835
13882,13711,13144
13883,13524,12748
13884,6914,137
13885,6697,6616
13886,2087,1019
13887,12376,2100
13888,13208,258
13889,8688,1909
13890,8521,2052
13891,12624,6879
13892,13842,13297
13893,13308,8007
13894,7333,7139
13895,5756,5725
13896,4664,3700
13897,12683,9962
13898,4459,4229
13899,13159,12759
13900,13656,8356
13901,13370,8133
13902,12307,2810
13903,12349,7918
13904,8519,1805
13905,7926,2242
13906,3301,2726
13907,13834,13704
13908,13057,6269
13909,13843,13795
13910,9327,1973
13911,13120,9242
13912,8017,2475
13913,13335,12333
13914,12441,7500
13915,13631,13296
13916,3543,1428
13917,1547,1259
13918,8203,4404
13919,13058,1157
13920,6179,2997
13921,12899,2289
13922,12978,3104
13923,12933,3406
13924,5645,3808
13925,13681,12838
13926,13072,2230
13927,13214,8224
13928,13244,13005
13929,13591,13328
13930,9968,7296
13931,926,505
13932,5791,5184
13933,9055,631
13934,5857,3591
13935,8009,7861
13936,3224,1054
13937,3822,3661
13938,12569,8369
13939,13590,12529
13940,12746,5311
13941,13713,8001
13942,6537,301
13943,7110,4973
13944,9952,7297
13945,4542,4313
13946,8144,898
13947,12703,2212
13948,13471,12205
13949,8004,7520
13950,9199,6590
13951,13614,13051
13952,13742,13613
13953,3749,467
13954,13882,13489
13955,9166,4747
13956,13463,13452
13957,12935,12879
13958,12771,1669
13959,5268,3006
13960,13941,13043
13961,12621,8884
13962,12907,12136
13963,8747,8512
13964,11040,7282
13965,7035,3603
13966,13060,1901
13967,6929,6923
13968,13871,13705
13969,13900,5579
13970,2122,1365
13971,2001,612
13972,13459,252
13973,13498,4061
13974,13207,12108
13975,6731,6725
13976,7150,2610
13977,13500,12849
13978,13387,1356
13979,12908,1640
13980,13330,13239
13981,13428,12937
13982,13063,3682
13983,7352,7246
13984,9665,2824
13985,9164,2961
13986,13738,5139
13987,7540,1285
13988,13952,13638
13989,11712,607
13990,13166,12863
13991,13151,4342
13992,7983,7534
13993,106,42
13994,3140,3008
13995,12373,2179
13996,5730,5630
13997,12452,4062
13998,13640,12500
13999,2446,2187
14000,13680,12448
14001,13032,12814
14002,9837,2173
14003,8523,7372
14004,13774,13283
14005,12663,4144
14006,8548,4669
14007,12708,9570
14008,7527,5687
14009,13275,9661
14010,13320,2126
14011,13484,5081
14012,5942,5138
14013,13737,12070
14014,13285,8570
14015,13045,3848
14016,8732,2028
14017,12744,7603
14018,12510,7415
14019,13348,4424
14020,13421,6542
14021,7797,6340
14022,13969,13224
14023,13794,12684
14024,12468,8904
14025,5850,5571
14026,8912,1012
14027,12446,5770
14028,6373,4987
14029,2389,1181
14030,13488,6068
14031,7322,5060
14032,13513,2295
14033,13248,1701
14034,9999,9834
14035,9511,1918
14036,12859,2113
14037,4215,3803
14038,8498,7736
14039,13960,12880
14040,4846,3171
14041,12725,8928
14042,13671,12318
14043,13968,13417
14044,13691,12636
14045,12801,5804
14046,8107,4495
14047,13643,9050
14048,13409,12701
14049,11806,9157
14050,13300,6040
14051,6808,3612
14052,13706,12354
14053,12608,9649
14054,5269,2401
14055,13951,12938
14056,14004,13415
14057,8716,1341
14058,13187,8488
14059,13954,13620
14060,9032,4691
14061,13530,1612
14062,13351,5607
14063,14056,13873
14064,13535,13085
14065,13505,783
14066,4287,1061
14067,7653,2471
14068,8033,4503
14069,13999,2124
14070,13081,7257
14071,12213,9551
14072,13550,12994
14073,9699,4
14074,1410,509
14075,9249,823
14076,9519,2390
14077,13552,13441
14078,13978,7402
14079,13185,908
14080,12856,7209
14081,12705,12282
14082,9825,7312
14083,13708,6053
14084,12704,4816
14085,8400,696
14086,13410,13311
14087,9270,1686
14088,13860,13593
14089,13379,12200
14090,13802,12806
14091,13575,2996
14092,5734,1469
14093,14000,12633
14094,7506,2322
14095,9382,3277
14096,13701,13538
14097,13112,11646
14098,13625,810
14099,13824,5752
14100,12894,9137
14101,13108,7661
14102,12811,3632
14103,12782,3737
14104,13827,7367
14105,13907,523
14106,6709,6642
14107,1802,1024
14108,13362,11445
14109,14031,7593
14110,6449,844
14111,13659,13147
14112,13572,12891
14113,9503,4971
14114,13879,13793
14115,4148,2002
14116,13554,8589
14117,3951,861
14118,12221,8112
14119,13915,13786
14120,13196,6312
14121,13668,13143
14122,13527,1449
14123,13277,12986
14124,5457,3988
14125,7924,5782
14126,3020,279
14127,11094,1412
14128,13436,8532
14129,13858,12341
14130,13423,13095
14131,13272,1069
14132,8055,1844
14133,13304,5131
14134,9719,5603
14135,3446,3398
14136,8305,585
14137,3133,3114
14138,4858,3613
14139,13869,12512
14140,5955,2745
14141,6732,2050
14142,11859,7093
14143,13232,9640
14144,14129,14039
14145,14075,8301
14146,6989,2864
14147,3710,1763
14148,12792,6441
14149,13338,9532
14150,13178,12507
14151,13093,6293
14152,8440,5164
14153,13851,1431
14154,14063,13651
14155,13118,1902
14156,12957,921
14157,13986,13249
14158,12440,6430
14159,4761,1568
14160,8953,2717
14161,12826,12358
14162,1326,493
14163,13089,12929
14164,8719,8614
14165,13729,377
14166,13629,7311
14167,7817,1728
14168,12416,1575
14169,9819,9409
14170,14165,8841
14171,7016,1194
14172,13797,9787
14173,13481,12867
14174,13556,11934
14175,13382,7222
14176,5870,1258
14177,13639,633
14178,13696,9886
14179,12893,2554
14180,4623,2949
14181,3617,336
14182,3215,2529
14183,14043,13870
14184,9738,966
14185,4694,2862
14186,13838,532
14187,13617,1864
14188,12912,310
14189,13953,7482
14190,13212,907
14191,13337,8040
14192,4804,4665
14193,13636,13618
14194,13914,13551
14195,12783,8472
14196,13654,2345
14197,1721,1
14198,13778,13616
14199,5812,5563
14200,12618,3705
14201,12399,6622
14202,13728,13444
14203,13715,13395
14204,14022,7490
14205,8549,3135
14206,12996,4048
14207,13925,13175
14208,8812,952
14209,13350,9505
14210,13818,51
14211,13107,1070
14212,12969,7881
14213,14105,13518
14214,13276,5604
14215,12962,7946
14216,13141,1260
14217,13685,61
14218,13458,13263
14219,13957,13570
14220,9533,3278
14221,5646,2271
14222,13790,13015
14223,8793,3888
14224,9041,423
14225,13040,6629
14226,8503,6418
14227,13451,1155
14228,13776,3584
14229,13092,8538
14230,13929,5887
14231,14144,13928
14232,6609,202
14233,12286,6960
14234,14061,7260
14235,14062,13783
14236,13673,13183
14237,13792,3233
14238,12818,2965
14239,12382,7346
14240,13909,70
14241,5071,3823
14242,14013,12763
14243,14088,4596
14244,13374,3044
14245,4626,4515
14246,14242,13340
14247,13973,12182
14248,2217,1331
14249,6056,603
14250,13995,12694
14251,3752,946
14252,3833,3442
14253,6152,6105
14254,13557,2268
14255,13429,12374
14256,8950,2027
14257,3434,2291
14258,13899,12898
14259,14177,14154
14260,13454,6578
14261,13086,439
14262,2920,2441
14263,13891,6700
14264,13694,12117
14265,3494,1499
14266,7052,319
14267,9528,4864
14268,12284,11641
14269,12261,4516
14270,2190,217
14271,9920,3017
14272,14059,13821
14273,13672,1651
14274,7897,397
14275,13396,2652
14276,13875,13583
14277,13223,1905
14278,6539,4729
14279,14091,9201
14280,14099,12995
14281,13520,12526
14282,13712,13235
14283,13197,2674
14284,12755,5749
14285,14204,12882
14286,14102,12469
14287,6509,3602
14288,13710,4419
14289,13056,5344
14290,9246,5163
14291,9769,3739
14292,13173,8595
14293,13773,8881
14294,13542,12592
14295,13661,13318
14296,13799,2323
14297,13702,4513
14298,12958,3748
14299,13606,2828
14300,7769,7768
14301,13503,8458
14302,9903,9752
14303,13602,13487
14304,13887,2739
14305,13472,12709
14306,13598,13560
14307,13393,1115
14308,12991,8766
14309,13016,9670
14310,223,145
14311,8850,4573
14312,9838,670
14313,13353,6734
14314,13160,12800
14315,13406,8745
14316,14083,4931
14317,14055,12122
14318,1486,1221
14319,13126,5593
14320,14235,13521
14321,14122,12886
14322,12609,2110
14323,13921,9824
14324,8774,2067
14325,13378,8477
14326,7611,1642
14327,13917,2981
14328,4880,4428
14329,14009,6306
14330,13074,1726
14331,13414,12585
14332,12906,9876
14333,12328,1616
14334,13427,9536
14335,8800,7631
14336,13315,6234
14337,13090,2780
14338,14213,13377
14339,13130,4682
14340,14234,13065
14341,14230,13412
14342,14170,8740
14343,4469,3978
14344,14183,13658
14345,14157,13287
14346,2253,1287
14347,8820,7617
14348,8239,6459
14349,13825,12426
14350,13252,2513
14351,12842,3443
14352,14240,12270
14353,12640,2595
14354,13104,9483
14355,12828,9942
14356,13752,8779
14357,14080,5315
14358,13787,13416
14359,14011,13956
14360,14316,9120
14361,14113,12939
14362,13155,5528
14363,13566,999
14364,13845,13733
14365,9782,7495
14366,13486,4948
14367,12615,2418
14368,12928,3303
14369,13117,12970
14370,4900,595
14371,14058,1964
14372,12876,210
14373,13908,9581
14374,14202,14065
14375,7874,4556
14376,8361,3925
14377,8126,5496
14378,14079,88
14379,12732,5305
14380,12360,7583
14381,13892,12998
14382,6419,3206
14383,12707,8234
14384,14119,13718
14385,8392,8248
14386,13689,5893
14387,14378,4988
14388,13242,1015
14389,7971,3489
14390,14216,5627
14391,14259,13390
14392,13470,2419
14393,13024,939
14394,14033,13561
14395,13964,9283
14396,14207,8377
14397,11583,3847
14398,7521,3881
14399,14101,7948
14400,2990,2932
14401,7771,6450
14402,13828,13194
14403,13109,3938
14404,6721,6508
14405,13457,8634
14406,8605,5681
14407,7958,162
14408,8143,4644
14409,14329,13404
14410,14018,13874
14411,13881,5873
14412,9841,9674
14413,5666,1117
14414,7710,1996
14415,1479,615
14416,4519,3188
14417,14093,13822
14418,13695,13128
14419,13373,13240
14420,8818,1875
14421,13920,9227
14422,13607,5023
14423,7962,4912
14424,13195,8712
14425,13856,4276
14426,14150,12558
14427,13998,13383
14428,5028,943
14429,3239,358
14430,13947,7688
14431,6193,6164
14432,13645,9315
14433,7320,3941
14434,13158,3275
14435,8792,7448
14436,7708,6263
14437,13933,13736
14438,13866,13807
14439,14272,14044
14440,13234,7624
14441,13938,13923
14442,8829,7596
14443,13299,4765
14444,13861,12508
14445,8982,7189
14446,13757,13129
14447,13732,3154
14448,13841,13770
14449,13516,4254
14450,6436,4844
14451,14344,5707
14452,13070,12747
14453,14338,13714
14454,14198,5225
14455,9546,4624
14456,14111,13442
14457,13709,12821
14458,13506,2046
14459,12632,1682
14460,9740,5069
14461,14090,13229
14462,176,31
14463,13270,9320
14464,5920,4447
14465,9295,5428
14466,13324,9934
14467,2776,2453
14468,5249,2716
14469,14451,14281
14470,12306,7294
14471,13399,9758
14472,13588,5189
14473,14469,14042
14474,13817,1702
14475,3190,1136
14476,13905,2937
14477,7698,6416
14478,14231,13830
14479,14089,13612
14480,14391,13927
14481,8056,4452
14482,6942,2883
14483,13723,5208
14484,13403,971
14485,7399,6772
14486,8562,3418
14487,12823,1958
14488,12877,5800
14489,12946,1638
14490,14050,6423
14491,8852,8808
14492,9011,4684
14493,13872,3118
14494,14453,14352
14495,13479,5239
14496,5783,2219
14497,12895,5816
14498,14001,13589
14499,9585,9565
14500,4580,1361
14501,11556,6722
14502,14225,7522
14503,8901,1719
14504,13047,3264
14505,7074,4732
14506,13804,5216
14507,12586,5832
14508,2856,2285
14509,14474,1541
14510,14396,1175
14511,14178,13812
14512,12778,4944
14513,13664,2265
14514,13372,13073
14515,14194,13852
14516,8176,1200
14517,4299,3620
14518,13832,7304
14519,8492,1509
14520,9814,2262
14521,14156,7636
14522,13767,6823
14523,9859,583
14524,13354,4714
14525,14175,13098
14526,14047,9278
14527,14100,1983
14528,13781,12387
14529,12798,7259
14530,5089,5036
14531,14276,13901
14532,13724,1485
14533,13981,8394
14534,13911,4673
14535,6146,1916
14536,13578,5716
14537,14356,1656
14538,9594,2506
14539,13582,6631
14540,14123,13576
14541,3105,2995
14542,14304,6277
14543,9657,7816
14544,831,296
14545,3949,3811
14546,3201,1255
14547,14478,807
14548,14219,7176
14549,1672,850
14550,14186,13313
14551,8944,8876
14552,7517,1993
14553,14203,7673
14554,9638,6563
14555,470,175
14556,14381,652
14557,14012,2562
14558,6427,5738
14559,13974,13849
14560,14246,13739
14561,13805,12669
14562,13574,6223
14563,13431,7696
14564,13543,614
14565,13850,6276
14566,13501,3843
14567,4227,3663
14568,14285,12179
14569,7812,1010
14570,14402,13800
14571,5826,5671
14572,14454,8295
14573,13649,13509
14574,2975,2365
14575,14354,415
14576,14132,13424
14577,13327,6499
14578,12866,2175
14579,11863,7660
14580,14473,4852
14581,14030,4589
14582,14155,13627
14583,13119,5728
