6000,2338,1598
6001,6000,4167
6002,4103,2145
6003,5418,4091
6004,5141,2403
6005,3885,3643
6006,4488,2309
6007,6001,5098
6008,6005,5243
6009,5411,3234
6010,6007,5342
6011,5290,3977
6012,4361,2030
6013,6006,3069
6014,4183,1281
6015,6008,6002
6016,4080,3755
6017,5156,5070
6018,5134,5128
6019,4479,4297
6020,4797,3526
6021,2340,2138
6022,6010,3261
6023,5388,4266
6024,3686,2860
6025,6003,5361
6026,6004,5695
6027,6011,3920
6028,5827,1219
6029,6014,2133
6030,6013,5364
6031,6015,4264
6032,5907,2395
6033,5545,5343
6034,4489,4426
6035,6030,2374
6036,6032,6022
6037,6012,5480
6038,6031,6027
6039,6018,6017
6040,6036,4073
6041,5461,47
6042,6029,4116
6043,4364,4355
6044,3827,3712
6045,6038,6034
6046,6035,4291
6047,6020,4134
6048,6042,2559
6049,2243,477
6050,6025,3108
6051,6040,1315
6052,1242,433
6053,6021,96
6054,6051,5439
6055,6033,6026
6056,6039,5115
6057,6037,2383
6058,4429,3928
6059,4339,2387
6060,5767,3292
6061,4387,4204
6062,6016,2746
6063,6049,2661
6064,3950,1201
6065,6054,5011
6066,6019,4450
6067,4189,2051
6068,5226,4185
6069,6057,4233
6070,6047,3539
6071,6053,1951
6072,6067,6048
6073,3650,2070
6074,6046,4378
6075,6023,4197
6076,6069,2279
6077,4170,4047
6078,6045,2497
6079,4270,94
6080,6050,3298
6081,6063,2306
6082,6028,4181
6083,6076,6052
6084,4036,3427
6085,4159,4154
6086,6064,3763
6087,6078,4369
6088,6073,1013
6089,6055,2222
6090,6085,6074
6091,3768,3346
6092,1926,1857
6093,6009,5919
6094,3068,3036
6095,6077,6059
6096,6041,4165
6097,6058,4035
6098,5878,3707
6099,4457,4070
6100,4380,4012
6101,1096,390
6102,5491,4007
6103,4280,3860
6104,3290,150
6105,6089,6082
6106,6083,5136
6107,6060,3377
6108,6072,5241
6109,6081,4599
6110,4362,4327
6111,6062,4087
6112,6056,3899
6113,6087,5024
6114,6108,4584
6115,6098,6090
6116,6094,6075
6117,5175,3023
6118,6113,5806
6119,6096,3019
6120,6084,6065
6121,6044,4368
6122,6080,3530
6123,6043,5288
6124,6070,117
6125,6114,33
6126,5203,5077
6127,6120,3689
6128,6106,4539
6129,6079,6071
6130,6102,4083
6131,6128,5834
6132,2430,2287
6133,6097,3666
6134,3153,1177
6135,6127,3600
6136,6107,2464
6137,6111,3088
6138,6125,2074
6139,6117,4180
6140,5453,4113
6141,6118,3734
6142,4754,53
6143,6137,3260
6144,6088,74
6145,4470,4317
6146,4436,4230
6147,409,207
6148,6119,5020
6149,6092,6066
6150,6109,5325
6151,6091,5240
6152,6141,6105
6153,6131,1098
6154,6116,4354
6155,6135,1357
6156,6153,6061
6157,6143,6103
6158,6149,6133
6159,6104,3033
6160,6152,6086
6161,6144,6095
6162,6154,6130
6163,4344,4111
6164,5787,2477
6165,3095,2259
6166,2331,2302
6167,6136,2118
6168,6068,6024
6169,6122,1984
6170,6138,6115
6171,6155,3208
6172,4818,3998
6173,2582,220
6174,6150,6124
6175,6123,3203
6176,6169,6167
6177,6110,5090
6178,6171,4120
6179,5298,3908
6180,3970,79
6181,5369,3171
6182,6175,41
6183,6178,4302
6184,6093,3856
6185,6148,5333
6186,4492,4125
6187,3279,3015
6188,5747,5580
6189,389,20
6190,5148,2339
6191,3711,3691
6192,5386,4284
6193,5525,2099
6194,6156,6101
6195,6160,3146
6196,4077,4020
6197,6183,5180
6198,6170,5715
6199,6161,4138
6200,5285,2680
6201,4866,4173
6202,3982,2264
6203,2057,1649
6204,6162,6159
6205,4051,1838
6206,6195,1073
6207,4260,3047
6208,6100,3753
6209,5222,5062
6210,6197,3300
6211,6198,6134
6212,3698,3555
6213,6206,1742
6214,6184,43
6215,6112,3919
6216,6204,6129
6217,6213,4308
6218,4890,4525
6219,5182,3319
6220,6174,1084
6221,6099,1347
6222,6210,4192
6223,6185,4353
6224,6217,3438
6225,3429,3276
6226,6194,815
6227,5478,5375
6228,6157,3606
6229,6224,6186
6230,4373,2108
6231,6121,5043
6232,5762,4137
6233,6146,4013
6234,6180,4326
6235,6190,2104
6236,5445,3550
6237,6220,3110
6238,6140,4210
6239,6222,6145
6240,6223,3610
6241,4720,2273
6242,6158,4262
6243,5492,5261
6244,6151,5936
6245,6176,6164
6246,6202,1137
6247,5059,3670
6248,5584,1342
6249,6229,6192
6250,3770,3391
6251,4200,2071
6252,4236,465
6253,6228,4175
6254,6168,168
6255,398,367
6256,6177,3083
6257,3695,1523
6258,5374,1536
6259,6226,1131
6260,6214,4011
6261,6235,4033
6262,6234,5764
6263,4131,1349
6264,6240,5360
6265,4050,3708
6266,6242,6139
6267,6163,4481
6268,6259,2164
6269,5376,3185
6270,6249,1188
6271,4784,4628
6272,6245,5811
6273,6216,5918
6274,3805,3022
6275,5042,4039
6276,6215,4228
6277,6179,3057
6278,6268,714
6279,6270,2466
6280,6221,1544
6281,6239,6207
6282,6165,1657
6283,6172,5373
6284,6173,490
6285,215,77
6286,6277,6264
6287,6132,2816
6288,6279,6231
6289,3633,135
6290,4250,4060
6291,6241,4314
6292,2662,1093
6293,6254,5125
6294,6193,2035
6295,6253,5697
6296,6199,2317
6297,6273,5559
6298,6166,1881
6299,6211,2232
6300,4476,3403
6301,6266,6182
6302,6281,5278
6303,6272,5652
6304,4897,2008
6305,6299,3799
6306,6244,3681
6307,2120,497
6308,6288,4960
6309,6191,4269
6310,6205,5948
6311,2580,429
6312,4392,4360
6313,6201,4498
6314,6284,6237
6315,3456,3173
6316,6302,4696
6317,6296,4157
6318,6305,6261
6319,6219,4044
6320,1446,1018
6321,6250,3447
6322,6260,1747
6323,4094,3506
6324,6262,3064
6325,6316,6297
6326,6188,5625
6327,6256,3909
6328,1892,1154
6329,6295,2729
6330,6308,2438
6331,2679,1439
6332,4298,4040
6333,6225,5199
6334,5794,3246
6335,1778,1133
6336,6304,6278
6337,5876,5565
6338,6332,3496
6339,3205,1968
6340,6330,5473
6341,6257,4147
6342,3629,3244
6343,5474,204
6344,253,112
6345,6283,2443
6346,6303,5383
6347,6271,4529
6348,6196,2193
6349,6267,5262
6350,5304,5172
6351,4438,1777
6352,6317,5884
6353,3359,3187
6354,6289,6287
6355,6203,2378
6356,5027,4370
6357,6326,4752
6358,4705,4536
6359,4877,2917
6360,6238,6232
6361,6328,2849
6362,6340,4056
6363,410,138
6364,6251,5181
6365,6218,4315
6366,3183,3004
6367,151,86
6368,6293,3495
6369,6306,4671
6370,6300,1566
6371,285,75
6372,401,368
6373,6147,5100
6374,4484,4231
6375,5357,2328
6376,6329,6327
6377,1834,251
6378,2536,1195
6379,6362,6263
6380,6318,6142
6381,6282,5657
6382,6346,4382
6383,6342,4146
6384,6325,2199
6385,3189,2294
6386,6276,4142
6387,4612,4158
6388,5591,4058
6389,3365,3310
6390,2244,2233
6391,3769,3683
6392,6291,3961
6393,6274,2391
6394,5470,5412
6395,6319,4715
6396,6379,6309
6397,5899,1567
6398,6352,4123
6399,1489,1478
6400,3441,246
6401,5995,2181
6402,6324,5683
6403,6243,2368
6404,6398,6233
6405,6361,6336
6406,4480,3356
6407,4108,1292
6408,6294,3561
6409,2522,1631
6410,6310,3954
6411,6208,3826
6412,1481,353
6413,5147,243
6414,6382,5722
6415,5554,1647
6416,6380,6354
6417,1150,1052
6418,6369,6209
6419,6396,3098
6420,6349,4286
6421,6384,6343
6422,6355,6292
6423,5785,1295
6424,5403,4793
6425,6298,3137
6426,4066,1425
6427,6286,3717
6428,5648,4184
6429,3448,1144
6430,6255,72
6431,5050,3184
6432,5468,1646
6433,2685,1890
6434,6345,4272
6435,3131,89
6436,6248,2085
6437,6357,3846
6438,6409,6275
6439,6280,3051
6440,6405,6246
6441,6258,1283
6442,6410,124
6443,6314,4917
6444,6320,1321
6445,6301,1928
6446,6339,3220
6447,5143,1675
6448,4679,281
6449,4670,371
6450,4830,4439
6451,5097,4444
6452,449,152
6453,6408,6312
6454,6419,6402
6455,6414,4182
6456,5874,5253
6457,6392,3229
6458,6333,6315
6459,4009,2332
6460,4190,2380
6461,4435,3259
6462,4654,4106
6463,6442,6421
6464,4112,1239
6465,3449,3029
6466,6440,4986
6467,6351,6322
6468,6463,3459
6469,231,107
6470,6427,5679
6471,6455,6454
6472,6416,3100
6473,3905,3902
6474,6252,4256
6475,6370,1265
6476,6395,6368
6477,6443,170
6478,6418,4072
6479,5799,4067
6480,2832,1423
6481,6377,1039
6482,6439,6381
6483,6411,6373
6484,6445,4105
6485,6360,1220
6486,6478,6334
6487,6376,5197
6488,6472,5099
6489,1661,501
6490,6470,6126
6491,62,12
6492,5981,5512
6493,6435,237
6494,6468,6426
6495,6466,5170
6496,6321,3374
6497,6433,6341
6498,6212,5248
6499,6364,4318
6500,6488,1504
6501,6247,1107
6502,6457,4422
6503,6487,6446
6504,3761,97
6505,6404,1338
6506,6313,4188
6507,3596,2886
6508,6434,3400
6509,5014,3273
6510,5165,4335
6511,453,261
6512,1275,1082
6513,6494,2149
6514,6495,4537
6515,6285,73
6516,4490,2015
6517,1513,880
6518,6372,392
6519,6338,5629
6520,6458,3674
6521,5469,5230
6522,6471,6366
6523,4710,1676
6524,6386,4420
6525,6348,2192
6526,6189,4288
6527,6485,2412
6528,6484,6441
6529,6514,2632
6530,5205,2511
6531,6477,4893
6532,6492,5883
6533,6422,1840
6534,6363,354
6535,6480,3814
6536,6393,2523
6537,6403,1603
6538,1772,1589
6539,6500,901
6540,6503,6467
6541,257,59
6542,5780,3529
6543,6227,5176
6544,6486,3819
6545,6399,1815
6546,4014,1308
6547,6335,4143
6548,6529,3469
6549,3967,2352
6550,6513,6425
6551,6522,6508
6552,6378,5398
6553,6505,2308
6554,6460,3372
6555,1334,1272
6556,6499,6387
6557,6358,4697
6558,4945,4473
6559,6390,6347
6560,5813,4349
6561,6528,1020
6562,4408,4100
6563,6539,2487
6564,6323,4101
6565,6415,6365
6566,3781,252
6567,6407,5420
6568,6530,3943
6569,1433,357
6570,3369,413
6571,6420,3601
6572,2183,2129
6573,4604,3366
6574,6551,6501
6575,6383,3742
6576,3294,1615
6577,6563,3164
6578,4734,218
6579,6436,5651
6580,4969,2301
6581,6459,6375
6582,6476,3959
6583,5447,3590
6584,6550,4462
6585,6524,4150
6586,6200,3457
6587,6423,5502
6588,4399,3836
6589,4316,2375
6590,5852,4372
6591,6577,6553
6592,5313,4293
6593,6584,6538
6594,146,37
6595,6374,4088
6596,4591,3395
6597,6491,171
6598,6540,5153
6599,6544,6497
6600,2393,2337
6601,5171,1141
6602,6571,6265
6603,6337,5727
6604,6593,5838
6605,5422,4367
6606,6490,3440
6607,6307,5802
6608,2343,1040
6609,6518,119
6610,3043,103
6611,6533,5856
6612,6574,2256
6613,6483,6448
6614,5384,2792
6615,4474,403
6616,6482,6413
6617,6561,1708
6618,6464,1825
6619,6181,2103
6620,4964,4117
6621,6187,1979
6622,6612,5209
6623,6605,1924
6624,6531,1991
6625,6532,6502
6626,2255,2174
6627,4252,3626
6628,4972,4757
6629,6618,6438
6630,6391,4076
6631,4508,3018
6632,4375,4244
6633,3307,3041
6634,6622,3269
6635,6311,9
6636,3254,1886
6637,4485,3413
6638,6437,1372
6639,6504,3958
6640,5133,270
6641,6604,6562
6642,3085,2546
6643,6585,6558
6644,6579,5696
6645,6548,6371
6646,4015,3492
6647,3470,1941
6648,6429,4440
6649,6606,6350
6650,6552,4246
6651,6451,1126
6652,6527,5553
6653,6634,6565
6654,5913,5708
6655,6617,3212
6656,6580,4433
6657,5983,2344
6658,6591,6523
6659,1577,1035
6660,6489,722
6661,5270,4118
6662,6641,6581
6663,2314,762
6664,6610,5631
6665,6616,1734
6666,3904,3079
6667,6397,3944
6668,6394,5518
6669,4041,3285
6670,3966,3922
6671,6475,5886
6672,6535,5472
6673,6520,4166
6674,6449,5359
6675,1180,527
6676,6572,6506
6677,3360,3094
6678,3907,1457
6679,4826,1345
6680,6269,4630
6681,6599,2564
6682,4371,2910
6683,5939,4093
6684,5078,4237
6685,6598,5166
6686,6645,793
6687,5930,5321
6688,5489,4226
6689,6655,1311
6690,6662,1692
6691,4300,4025
6692,4141,2844
6693,6624,987
6694,6653,5779
6695,6406,4023
6696,6498,6461
6697,5452,5001
6698,6545,6493
6699,5415,5324
6700,6597,1329
6701,3869,3210
6702,6431,5214
6703,6629,4471
6704,6643,4151
6705,6658,3971
6706,6694,5740
6707,3332,2176
6708,6582,5421
6709,3540,1400
6710,6689,4031
6711,6642,2329
6712,6519,5576
6713,6693,658
6714,5146,4350
6715,5851,1497
6716,6660,6417
6717,440,343
6718,6515,1375
6719,6588,4126
6720,6690,6625
6721,3384,287
6722,6536,5401
6723,6705,115
6724,6521,5466
6725,6534,2565
6726,4891,4441
6727,3900,2007
6728,6631,3286
6729,6611,5934
6730,6638,5931
6731,6230,4910
6732,6713,742
6733,3373,2584
6734,6542,200
6735,6453,3588
6736,1835,1605
6737,6649,3243
6738,6686,6672
6739,6517,1087
6740,6681,2550
6741,5555,4010
6742,4282,3258
6743,2507,2202
6744,6692,6637
6745,4187,3547
6746,6589,2432
6747,4074,2929
6748,5956,5596
6749,6720,3820
6750,2514,1746
6751,6564,3648
6752,6636,2047
6753,3385,1994
6754,6652,6516
6755,6749,6549
6756,6708,5318
6757,6627,3510
6758,6479,1498
6759,6644,963
6760,6706,6687
6761,6723,3299
6762,3103,2455
6763,6496,4021
6764,260,255
6765,6656,4034
6766,3375,3222
6767,6712,6567
6768,5434,2751
6769,6432,3221
6770,6556,2353
6771,6710,3960
6772,6428,3046
6773,5212,5104
6774,6755,6632
6775,6737,6447
6776,2276,17
6777,3136,491
6778,1877,1320
6779,6465,370
6780,4004,1415
6781,6547,4843
6782,1193,1006
6783,5888,5710
6784,6729,1337
6785,3721,4
6786,6709,5121
6787,6481,2010
6788,5624,3986
6789,4571,495
6790,6774,6569
6791,5019,3387
6792,5699,2988
6793,6756,6586
6794,5994,1707
6795,6685,4613
6796,6668,1450
6797,6771,5292
6798,6704,4191
6799,6512,4301
6800,1814,508
6801,3213,1266
6802,6738,4950
6803,6602,4263
6804,3910,1660
6805,6761,6726
6806,6359,4590
6807,5265,4915
6808,5677,1585
6809,3831,3225
6810,6665,4216
6811,3306,929
6812,6696,3918
6813,6805,4115
6814,6651,1693
6815,6677,5618
6816,6388,4906
6817,5817,219
6818,6802,6650
6819,6790,6734
6820,1967,1856
6821,6674,3382
6822,6732,4509
6823,6813,6784
6824,6730,6401
6825,6767,3743
6826,6795,5009
6827,3211,3209
6828,6787,6715
6829,6633,6575
6830,1299,1282
6831,6613,442
6832,6600,2282
6833,6797,2911
6834,1757,460
6835,6769,6587
6836,2472,1251
6837,3314,317
6838,6456,5144
6839,6595,4397
6840,6673,6573
6841,5385,3345
6842,6718,4581
6843,4733,4008
6844,6620,1503
6845,6635,184
6846,6702,5511
6847,4487,4285
6848,6740,5254
6849,6717,6675
6850,6546,4055
6851,4224,3817
6852,6779,3675
6853,6818,1114
6854,4393,1091
6855,6566,307
6856,6583,4442
6857,6826,4119
6858,6798,5202
6859,3554,3090
6860,5929,3172
6861,6353,279
6862,6848,6543
6863,6663,2081
6864,6760,6754
6865,4901,2130
6866,6812,3309
6867,6751,4674
6868,6630,5289
6869,6525,1224
6870,4929,4878
6871,4749,3132
6872,3123,2878
6873,3160,3087
6874,6819,6739
6875,6601,2218
6876,6810,5636
6877,6759,5717
6878,6735,3802
6879,4168,1068
6880,6537,4089
6881,4739,4394
6882,6716,6703
6883,6853,6822
6884,5306,5127
6885,6748,6664
6886,4668,2240
6887,3671,1230
6888,4939,3101
6889,6874,6752
6890,6695,4351
6891,3399,2759
6892,1125,626
6893,4941,2366
6894,5911,2480
6895,6507,3297
6896,1398,1037
6897,6462,3442
6898,5869,4875
6899,6823,5564
6900,6444,1463
6901,5083,2955
6902,6707,6385
6903,6509,3825
6904,6824,5820
6905,6889,6733
6906,6596,3197
6907,6669,1821
6908,439,108
6909,6829,4845
6910,3394,3257
6911,6803,6775
6912,6724,4122
6913,6899,6786
6914,6570,1424
6915,6833,5345
6916,6864,6791
6917,6736,339
6918,6684,202
6919,3921,1552
6920,6905,1883
6921,2494,192
6922,6700,310
6923,6920,3504
6924,6916,6770
6925,6828,6727
6926,6913,6863
6927,3283,3193
6928,5750,2962
6929,6788,6728
6930,5534,500
6931,6621,4954
6932,6876,4391
6933,6858,3929
6934,6356,2687
6935,6578,300
6936,6757,2621
6937,6639,1758
6938,4418,4006
6939,6722,6671
6940,6923,1557
6941,6603,5606
6942,6862,6857
6943,6557,5210
6944,2928,314
6945,6698,1737
6946,5237,1186
6947,6895,6831
6948,6915,1382
6949,438,259
6950,5096,5012
6951,4063,3619
6952,5664,3169
6953,6883,6367
6954,3228,2367
6955,6940,5149
6956,6890,4565
6957,5909,2019
6958,4743,2778
6959,6725,3854
6960,6657,906
6961,4059,3238
6962,6389,3488
6963,6903,2938
6964,6474,4347
6965,6948,935
6966,6667,3574
6967,5719,4496
6968,6924,5322
6969,5586,2361
6970,6926,6817
6971,6768,5808
6972,6838,6424
6973,6842,298
6974,6745,2335
6975,6878,6816
6976,6721,6608
6977,6942,2877
6978,3634,3312
6979,6965,344
6980,6846,5943
6981,5354,167
6982,3313,1831
6983,6615,6541
6984,6680,2185
6985,5272,1643
6986,6955,2360
6987,5821,5599
6988,6932,5331
6989,6970,2420
6990,6780,6555
6991,5858,3630
6992,6968,4245
6993,4454,545
6994,6986,6867
6995,6904,2388
6996,5004,2416
6997,6825,6777
6998,4377,1079
6999,6814,4464
7000,6731,4666
7001,6839,6623
7002,5988,5504
7003,6931,4738
7004,6793,3694
7005,6773,3672
7006,470,51
7007,3340,2423
7008,5830,1051
7009,4983,2686
7010,6992,6688
7011,6628,4611
7012,6929,5535
7013,587,118
7014,6808,5540
7015,6869,3192
7016,3002,1384
7017,7010,5739
7018,5548,1537
7019,6840,872
7020,5067,3003
7021,6979,6947
7022,6849,1367
7023,6763,1083
7024,6989,6896
7025,6994,1306
7026,5991,2742
7027,6988,876
7028,6933,189
7029,6925,860
7030,6927,6648
7031,6559,5368
7032,6866,6661
7033,6953,4835
7034,6943,1132
7035,7025,4588
7036,4310,2534
7037,5500,1168
7038,7017,6880
7039,6901,6882
7040,6526,6430
7041,6331,286
7042,4689,1819
7043,5350,3056
7044,7024,1606
7045,4979,4383
7046,6654,5925
7047,5281,4881
7048,6778,1017
7049,7027,6640
7050,7022,5242
7051,3198,1917
7052,6977,3785
7053,6966,4078
7054,3517,3472
7055,6844,6804
7056,6850,6799
7057,7039,1393
7058,292,238
7059,6554,1619
7060,7012,5818
7061,6510,5109
7062,6809,3527
7063,425,337
7064,7038,2105
7065,6911,2297
7066,6590,1253
7067,1876,360
7068,5032,3989
7069,7065,2056
7070,6473,3945
7071,2234,210
7072,7028,2454
7073,5493,4413
7074,6892,6845
7075,6619,4846
7076,6741,4099
7077,7035,5661
7078,6990,6450
7079,6888,1386
7080,6765,6746
7081,7033,6946
7082,498,275
7083,6697,1868
7084,6997,1894
7085,7019,3996
7086,6792,1959
7087,6679,2547
7088,6975,2638
7089,6666,3479
7090,7029,1529
7091,6854,4135
7092,7044,2170
7093,3514,1390
7094,5395,5358
7095,7064,6887
7096,7071,5746
7097,5678,5029
7098,6851,2143
7099,6820,1430
7100,4029,312
7101,5949,1187
7102,6714,4097
7103,7092,1505
7104,7000,6806
7105,6885,2676
7106,1530,1379
7107,6935,3407
7108,5889,5810
7109,7095,7047
7110,6758,3581
7111,4796,3236
7112,7052,6909
7113,7004,6987
7114,5036,4475
7115,7077,5006
7116,7081,6789
7117,5456,736
7118,6941,5906
7119,2450,68
7120,6897,3329
7121,7045,6744
7122,5647,4914
7123,6938,3487
7124,6877,6800
7125,2567,838
7126,6594,1601
7127,7115,7015
7128,6995,278
7129,5448,5438
7130,6939,1218
7131,7072,6452
7132,6914,199
7133,6886,3549
7134,6830,1333
7135,7085,5600
7136,6719,3378
7137,4968,3380
7138,7043,6782
7139,5441,2296
7140,6614,2861
7141,6576,4273
7142,6894,1095
7143,7103,7090
7144,6856,1029
7145,7109,6647
7146,420,318
7147,7020,3061
7148,106,42
7149,7112,1101
7150,3914,3868
7151,7036,879
7152,7116,2097
7153,7127,7018
7154,6907,4379
7155,7049,6821
7156,3773,3740
7157,4542,4313
7158,7021,1368
7159,6984,6659
7160,6999,46
7161,2060,1591
7162,7152,7087
7163,7032,4043
7164,5680,3435
7165,7153,3255
7166,5974,5569
7167,7145,6912
7168,6982,4057
7169,7134,1297
7170,1710,1216
7171,6910,5391
7172,6762,4329
7173,6951,4054
7174,7069,5723
7175,3178,778
7176,5769,397
7177,7165,1034
7178,7149,6859
7179,7076,6835
7180,7008,2064
7181,7162,6879
7182,7058,6609
7183,4130,2897
7184,3940,3722
7185,5297,1919
7186,179,61
7187,6971,6796
7188,6412,892
7189,7167,2508
7190,1204,88
7191,6978,229
7192,5751,5703
7193,5718,2461
7194,7177,1434
7195,6785,291
7196,2326,1041
7197,7113,1304
7198,7083,6815
7199,7181,1291
7200,7189,5686
7201,7143,7057
7202,6980,4430
7203,4857,4763
7204,6959,6743
7205,7124,7014
7206,6766,3084
7207,805,635
7208,7194,3972
7209,7158,1579
7210,4406,2678
7211,7002,1586
7212,299,186
7213,334,258
7214,4295,4279
7215,5475,705
7216,4898,416
7217,7088,3995
7218,5617,5074
7219,6881,6772
7220,3669,1206
7221,2943,2836
7222,5601,1787
7223,7050,1602
7224,4343,4305
7225,6742,4553
7226,7034,4597
7227,5577,3832
7228,7009,629
7229,6945,6922
7230,6711,5793
7231,6783,5689
7232,7041,6568
7233,3402,3322
7234,3803,3024
7235,5145,2743
7236,7200,7001
7237,4337,3876
7238,4813,4677
7239,5849,5602
7240,6678,4259
7241,7168,3775
7242,7209,5425
7243,5900,5797
7244,1923,1648
7245,6983,423
7246,7208,2160
7247,4899,2324
7248,7150,7121
7249,6956,6841
7250,2637,2088
7251,7178,5508
7252,7080,2112
7253,5194,3818
7254,7201,6919
7255,7136,6400
7256,7246,7055
7257,3021,129
7258,6969,2880
7259,7256,7130
7260,6750,2150
7261,7219,2866
7262,6875,1417
7263,7053,4482
7264,7084,2485
7265,6646,3638
7266,7236,7197
7267,6906,400
7268,7254,2978
7269,5895,1932
7270,6832,2096
7271,7042,3128
7272,4030,2197
7273,6936,4127
7274,7169,15
7275,7111,7031
7276,7163,4225
7277,7079,5224
7278,5637,1532
7279,3653,476
7280,7175,7135
7281,6937,5809
7282,6676,4767
7283,1435,1028
7284,4160,3231
7285,5910,1466
7286,7138,7091
7287,4499,3821
7288,4691,3311
7289,7251,7195
7290,5365,2078
7291,7060,3622
7292,6776,1350
7293,5387,3642
7294,7233,2827
7295,7266,6781
7296,6972,593
7297,5233,4219
7298,7264,2646
7299,7204,28
7300,7174,6699
7301,6801,784
7302,2602,1044
7303,7074,5279
7304,6976,1422
7305,5692,1358
7306,5691,1827
7307,5533,1149
7308,6930,3347
7309,1348,350
7310,7073,2608
7311,5848,4235
7312,6836,1645
7313,7046,4468
7314,7268,7101
7315,3165,2760
7316,4675,3532
7317,6855,280
7318,7242,2798
7319,4600,1408
7320,7011,1824
7321,7205,7142
7322,7211,5777
7323,7110,5706
7324,3824,2993
7325,6921,6898
7326,7223,7107
7327,7180,6670
7328,7318,739
7329,3170,1656
7330,6928,1127
7331,6985,1860
7332,6868,6607
7333,7280,3859
7334,7289,5407
7335,4543,2881
7336,7231,7128
7337,5065,4253
7338,7199,1560
7339,3155,2372
7340,6981,862
7341,7258,7078
7342,7146,272
7343,7155,3049
7344,5731,1748
7345,4985,4583
7346,2757,1108
7347,7295,7122
7348,4911,1624
7349,7140,2812
7350,7003,6973
7351,6950,1473
7352,7259,7037
7353,7089,3232
7354,7170,1761
7355,7273,1885
7356,7105,5286
7357,7338,4703
7358,7328,4345
7359,7312,2408
7360,7245,7006
7361,6682,4973
7362,7126,6944
7363,7062,3778
7364,6960,1164
7365,6963,452
7366,6949,3835
7367,7314,1904
7368,4932,4294
7369,7291,5803
7370,5961,4839
7371,7248,3624
7372,5877,1429
7373,7296,4037
7374,7352,5488
7375,7075,6884
7376,7358,3984
7377,6860,6837
7378,7282,4641
7379,7067,6794
7380,7367,3009
7381,7129,4239
7382,7347,7086
7383,3397,3161
7384,6934,2493
7385,5008,4437
7386,7125,791
7387,6974,2509
7388,7059,6811
7389,7172,4768
7390,3895,1613
7391,5945,5778
7392,7357,6747
7393,5563,331
7394,7380,3348
7395,7308,4292
7396,6961,5397
7397,7355,7334
7398,7173,4461
7399,3705,468
7400,7374,7333
7401,7104,1062
7402,7250,2300
7403,7394,4410
7404,6872,4261
7405,7300,7263
7406,4258,3751
7407,7232,1237
7408,6954,837
7409,7252,5980
7410,6891,5155
7411,7343,5712
7412,7023,3073
7413,7160,5195
7414,7382,7179
7415,7376,7171
7416,7159,7123
7417,7132,3892
7418,7131,4416
7419,7298,1925
7420,5590,395
7421,7403,1510
7422,4400,4026
7423,7277,6993
7424,6917,2136
7425,3735,2635
7426,4726,3052
7427,7040,7030
7428,4504,4325
7429,7141,6753
7430,7392,1214
7431,7118,6560
7432,6290,2837
7433,7241,3499
7434,7411,7369
7435,6852,1454
7436,1274,1067
7437,7225,3728
7438,7421,7274
7439,1376,923
7440,7271,3887
7441,7302,6701
7442,7229,7148
7443,7066,1679
7444,7299,122
7445,5294,916
7446,5670,975
7447,7154,5266
7448,3618,1891
7449,6865,2458
7450,7056,4467
7451,7400,5958
7452,6952,2738
7453,5356,5124
7454,7414,2781
7455,3764,1209
7456,2152,1580
7457,7438,7371
7458,4560,565
7459,984,70
7460,6962,4572
7461,6344,143
7462,3354,3122
7463,7240,7226
7464,6511,223
7465,7454,6683
7466,5268,3006
7467,7397,5378
7468,7415,3665
7469,7401,5429
7470,4695,3702
7471,4133,3812
7472,7202,5957
7473,7151,1156
7474,7119,4984
7475,5162,4587
7476,5432,5234
7477,7378,7007
7478,7467,5056
7479,6908,6
7480,6843,4251
7481,7465,7391
7482,5002,3978
7483,7106,2310
7484,2248,1452
7485,7451,662
7486,7005,5390
7487,7261,6871
7488,7434,7356
7489,7320,4577
7490,7187,7051
7491,7102,5315
7492,7305,346
7493,7418,473
7494,7099,1217
7495,7419,1111
7496,7468,1976
7497,7284,4699
7498,5566,2258
7499,4095,4079
7500,7198,4535
7501,7485,7196
7502,7469,4686
7503,7260,6902
7504,6964,4221
7505,1551,1002
7506,7332,7061
7507,7478,7301
7508,7026,2895
7509,5211,2996
7510,7218,5660
7511,5538,1362
7512,7227,3797
7513,7216,4376
7514,7276,5340
7515,7234,3657
7516,7120,2405
7517,5975,1279
7518,5487,5192
7519,7501,7293
7520,7412,6873
7521,7349,2926
7522,7082,196
7523,7322,7321
7524,7496,3631
7525,7483,776
7526,7457,7389
7527,7424,1507
7528,7139,572
7529,7354,6834
7530,7430,789
7531,7519,5771
7532,7481,5594
7533,5164,4497
7534,7524,7188
7535,1870,1562
7536,7364,7326
7537,7336,1353
7538,7117,972
7539,7475,6870
7540,7407,1471
7541,7531,7262
7542,7507,6861
7543,3932,435
7544,7214,2530
7545,3331,383
7546,7315,579
7547,3913,2006
7548,7222,424
7549,3858,3251
7550,4735,2677
7551,7526,7390
7552,5965,4330
7553,7309,3432
7554,5759,4451
7555,7409,7372
7556,7048,1104
7557,7534,5450
7558,7215,2594
7559,6893,2643
7560,3615,1914
7561,7444,7190
7562,2311,95
7563,7203,4766
7564,5903,1128
7565,5815,4213
7566,7541,7495
7567,5118,716
7568,4412,1955
7569,4923,4874
7570,7013,2711
7571,5016,446
7572,7417,7133
7573,7494,7303
7574,5589,610
7575,7439,5455
7576,7530,7093
7577,5201,249
7578,7489,4174
7579,7359,5517
7580,7097,5000
7581,7431,7235
7582,3917,266
7583,7323,5927
7584,5028,3877
7585,7342,161
7586,7286,2260
7587,7551,1681
7588,7385,7275
7589,5720,3202
7590,4443,2535
7591,7471,7221
7592,7353,5843
7593,7294,3875
7594,7330,1033
7595,7557,7341
7596,7319,529
7597,7384,4728
7598,1729,191
7599,1402,365
7600,7217,4727
7601,3376,3016
7602,7387,1878
7603,7566,5066
7604,7587,5267
7605,7377,358
7606,4177,1543
7607,7405,7114
7608,7287,2207
7609,7542,7278
7610,7555,7257
7611,7576,7459
7612,7604,915
7613,7532,7249
7614,7515,6847
7615,7544,4212
7616,7547,5196
7617,2825,2593
7618,7609,7509
7619,7612,7570
7620,4455,4092
7621,149,10
7622,7423,3730
7623,1614,1269
7624,1913,1085
7625,2379,2286
7626,7603,5327
7627,7373,3082
7628,3594,412
7629,3985,3218
7630,7447,639
7631,7281,7100
7632,7563,7502
7633,3182,2641
7634,7448,5047
7635,7626,1322
7636,4858,3613
7637,7339,2098
7638,3339,1739
7639,5283,1826
7640,7220,4278
7641,6626,5711
7642,4352,4065
7643,7350,7304
7644,7619,5531
7645,5868,3792
7646,7094,547
7647,4448,2459
7648,7635,2148
7649,1370,407
7650,7600,7440
7651,4922,933
7652,3162,1460
7653,7648,7488
7654,7325,2590
7655,5964,5860
7656,7166,3044
7657,7503,7270
7658,316,306
7659,7267,7210
7660,3651,256
7661,7279,2467
7662,7413,4693
7663,4179,1378
7664,7644,5235
7665,7643,7442
7666,7182,273
7667,4085,1912
7668,7618,5449
7669,7613,7450
7670,1686,363
7671,7559,1076
7672,7472,2572
7673,7212,351
7674,7460,1548
7675,993,765
7676,5622,4022
7677,7445,7386
7678,7611,7540
7679,7656,4606
7680,7446,5367
7681,5442,2634
7682,5933,5440
7683,7573,979
7684,4203,3078
7685,7346,7144
7686,7664,7340
7687,6918,236
7688,7435,7206
7689,7324,475
7690,7607,7493
7691,7463,5773
7692,5280,5058
7693,7561,7473
7694,7508,2691
7695,7668,1590
7696,5026,3505
7697,7578,4803
7698,7500,7054
7699,4936,3275
7700,7539,1116
7701,7307,7269
7702,7238,4458
7703,7669,7610
7704,1247,790
7705,7703,7672
7706,7230,5873
7707,7164,5971
7708,4836,3483
7709,7477,1113
7710,466,313
7711,5276,2921
7712,5524,2069
7713,7193,2470
7714,4994,1634
7715,7098,268
7716,7228,3127
7717,5861,2139
7718,7686,2854
7719,7520,1651
7720,1394,434
7721,7224,5316
7722,7161,7096
7723,7527,7517
7724,1359,843
7725,7063,133
7726,7213,7186
7727,7523,5894
7728,7470,7360
7729,7255,848
7730,5701,2714
7731,7363,25
7732,7311,2034
7733,6991,5864
7734,7631,91
7735,3409,2947
7736,5126,2995
7737,5190,3289
7738,7361,1983
7739,5833,1257
7740,7678,7677
7741,7548,2141
7742,7698,7695
7743,4761,1568
7744,7366,694
7745,1437,1210
7746,7521,2829
7747,7443,1170
7748,7605,949
7749,7427,263
7750,7288,7265
7751,7606,5317
7752,7348,6807
7753,5311,1118
7754,7456,7437
7755,4271,3948
7756,7705,5872
7757,5960,5688
7758,2557,2510
7759,3750,3428
7760,7584,943
7761,3020,2075
7762,7756,5404
7763,7718,7368
7764,3074,849
7765,4178,2885
7766,7653,1859
7767,7685,2615
7768,7595,1818
7769,7556,1319
7770,7766,1666
7771,2079,1414
7772,7740,940
7773,7536,1032
7774,7763,4681
7775,185,67
7776,7762,5076
7777,6996,4519
7778,7550,4019
7779,7768,796
7780,7388,2673
7781,7772,3104
7782,7297,2213
7783,4882,1250
7784,4957,4217
7785,7781,1211
7786,4576,1811
7787,7598,1839
7788,7474,2414
7789,7779,7774
7790,7185,4801
7791,4018,361
7792,4220,1312
7793,4744,203
7794,7379,1340
7795,1494,175
7796,7290,4534
7797,7770,2495
7798,7785,7665
7799,7497,803
7800,4395,248
7801,7016,3873
7802,7727,1559
7803,4792,1395
7804,7588,7449
7805,7402,601
7806,7728,7316
7807,5482,2411
7808,7583,5523
7809,7070,3632
7810,7797,7560
7811,176,31
7812,3964,2313
7813,7441,3462
7814,6900,2251
7815,7416,1122
7816,4403,781
7817,2465,2215
7818,7670,7630
7819,7733,1701
7820,7514,4241
7821,7650,7487
7822,274,205
7823,7498,686
7824,7674,7429
7825,7632,2945
7826,7742,3884
7827,7362,2228
7828,7810,7535
7829,7453,3515
7830,3404,1571
7831,7637,7627
7832,5185,3224
7833,5363,1456
7834,457,56
7835,7581,134
7836,7776,7625
7837,7828,2371
7838,2671,1927
7839,2278,1709
7840,7709,2712
7841,7657,2091
7842,7837,1022
7843,3536,1611
7844,7683,7628
7845,4283,3500
7846,3762,137
7847,7589,5844
7848,7723,7579
7849,5800,3168
7850,5922,2961
7851,7662,5274
7852,3822,3661
7853,5085,213
7854,4764,3386
7855,7842,7655
7856,7693,1768
7857,2788,2543
7858,3729,232
7859,4933,1339
7860,7773,1965
7861,7761,7554
7862,5168,598
7863,7622,7375
7864,7855,2107
7865,7572,2970
7866,7327,2220
7867,1622,1075
7868,7614,7351
7869,7659,1313
7870,1587,496
7871,7365,254
7872,7836,7680
7873,7176,4658
7874,7821,3544
7875,7804,6998
7876,7864,4578
7877,7335,4517
7878,7654,3791
7879,7789,7331
7880,7147,3248
7881,3991,2189
7882,7826,7755
7883,5954,5867
7884,7525,7404
7885,4682,1556
7886,7506,7486
7887,5007,750
7888,3925,1388
7889,7719,7702
7890,4086,3896
7891,7283,1285
7892,7537,104
7893,7820,5151
7894,7433,6236
7895,7552,2456
7896,4716,3847
7897,3392,3158
7898,7504,7420
7899,7708,13
7900,7529,7306
7901,7713,7432
7902,7398,7381
7903,5807,4549
7904,7751,2542
7905,7729,1697
7906,5558,3342
7907,7716,7638
7908,7882,194
7909,7794,1410
7910,7597,2354
7911,5583,426
7912,7860,4777
7913,7802,2436
7914,7884,7856
7915,7247,1365
7916,7874,7815
7917,3389,304
7918,7901,541
7919,7847,7691
7920,7586,5423
7921,7617,4717
7922,7808,7452
7923,7908,4736
7924,7410,3270
7925,4000,3501
7926,7798,517
7927,4424,1441
7928,2551,1119
7929,5782,1175
7930,7769,1129
7931,7749,109
7932,4540,2665
7933,7748,3865
7934,7746,7399
7935,7848,7624
7936,7903,4163
7937,7923,7876
7938,7818,1327
7939,7881,7788
7940,4275,1409
7941,7841,7722
7942,5963,5587
7943,7688,7395
7944,7137,2210
7945,178,84
7946,7840,7575
7947,4148,303
7948,1810,283
7949,7813,5349
7950,5428,2476
7951,7569,3437
7952,7479,493
7953,2188,1324
7954,1691,1030
7955,5976,2633
7956,7879,2847
7957,5902,1061
7958,481,87
7959,451,130
7960,7591,3682
7961,7640,6592
7962,7741,7484
7963,504,319
7964,7183,2266
7965,5822,3017
7966,3215,2529
7967,7931,3744
7968,5068,415
7969,7721,4005
7970,5075,3795
7971,7717,7546
7972,4320,3316
7973,7706,3480
7974,5669,3318
7975,7846,3709
7976,4332,836
7977,7651,7574
7978,7715,2720
7979,7426,4199
7980,7615,7253
7981,7593,4992
7982,7476,4098
7983,7825,746
7984,4411,2965
7985,7867,7787
7986,7814,7608
7987,5049,1134
7988,5770,4495
7989,7671,7602
7990,7700,4531
7991,3774,1973
7992,7892,7872
7993,7956,4608
7994,7492,1795
7995,7935,7641
7996,4114,2237
7997,5875,2376
7998,7863,7851
7999,7930,1677
8000,3396,3007
8001,7993,7912
8002,7734,5419
8003,3039,1872
8004,7666,1655
8005,7699,3035
8006,7807,155
8007,7594,5700
8008,7673,1950
8009,1952,1625
8010,5890,5537
8011,7875,7645
8012,7831,7730
8013,7553,1181
8014,7937,659
8015,7568,7337
8016,7941,1120
8017,7926,4709
8018,7865,7512
8019,7370,114
8020,7313,5091
8021,7801,7191
8022,7393,5052
8023,7344,1740
8024,7827,1323
8025,7835,5685
8026,4988,4977
8027,7992,2082
8028,7780,2050
8029,944,800
8030,7184,5291
8031,5743,4769
8032,8017,540
8033,7938,7905
8034,7767,6764
8035,5163,1704
8036,3663,624
8037,7983,7914
8038,7844,510
8039,7970,7868
8040,7422,4107
8041,7689,2848
8042,7921,655
8043,7823,7285
8044,7902,7690
8045,7900,2348
8046,7977,7580
8047,2072,772
8048,7585,1572
8049,7962,7739
8050,4756,4110
8051,7731,5757
8052,2785,227
8053,8027,5106
8054,480,233
8055,5675,1502
8056,3256,3062
8057,7861,3230
8058,8033,7480
8059,7738,2327
8060,8044,7707
8061,7720,3806
8062,7765,2303
8063,7975,1833
8064,7946,7920
8065,7990,7918
8066,4432,878
8067,5634,3325
8068,7649,1346
8069,1875,296
8070,7687,4016
8071,8001,1184
8072,7829,4935
8073,4718,3277
8074,3625,2753
8075,7904,7406
8076,7675,7292
8077,5665,4574
8078,5607,3947
8079,4324,1066
8080,4616,1453
8081,7676,3383
8082,7436,7239
8083,4500,2597
8084,8032,7558
8085,8016,2023
8086,8038,7909
8087,3855,3811
8088,1749,411
8089,7793,5105
8090,467,322
8091,7621,348
8092,7661,7528
8093,7745,1167
8094,5330,139
8095,8014,2385
8096,7513,7491
8097,7967,3050
8098,7505,5277
8099,8053,7620
8100,6469,4062
8101,8095,7759
8102,7998,7843
8103,8071,444
8104,7750,7694
8105,7889,7592
8106,8007,7878
8107,7913,1146
8108,7754,3852
8109,8103,4706
8110,7461,1
8111,7969,928
8112,2896,2254
8113,7747,5972
8114,7599,7510
8115,7943,4692
8116,7981,7907
8117,8013,2867
8118,7816,865
8119,2883,297
8120,5870,2457
8121,7681,3464
8122,7764,4124
8123,7744,3509
8124,8109,909
8125,7886,3727
8126,8084,606
8127,5733,966
8128,8099,3293
8129,5855,4513
8130,461,406
8131,7924,2771
8132,8128,7243
8133,8046,7819
8134,717,528
8135,2907,1016
8136,7697,4802
8137,8126,7726
8138,5444,110
8139,7895,5023
8140,8107,5592
8141,8124,7995
8142,5246,995
8143,5859,2169
8144,7849,7428
8145,7652,3054
8146,7629,2688
8147,4365,3086
8148,7778,2761
8149,8097,7893
8150,7877,4798
8151,3837,2656
8152,8025,7947
8153,8045,1714
8154,8019,4336
8155,8132,4856
8156,7917,1776
8157,3725,3081
8158,3952,2252
8159,7979,7458
8160,7499,3578
8161,8064,2705
8162,1361,1238
8163,7871,7156
8164,7108,5754
8165,8018,604
8166,8137,1396
8167,6958,1380
8168,7933,7736
8169,4825,3048
8170,5471,4883
8171,5955,2745
8172,8101,1461
8173,3350,3305
8174,8141,7971
8175,7939,7919
8176,7887,5405
8177,8172,7997
8178,8140,1897
8179,7696,5823
8180,8174,2462
8181,7955,1508
8182,441,341
8183,8139,5528
8184,5499,1014
8185,8177,8092
8186,7964,7490
8187,2486,1563
8188,387,144
8189,7786,3575
8190,8004,7858
8191,8060,8020
8192,7549,5437
8193,8180,3953
8194,3494,1499
8195,3418,1600
8196,3296,1832
8197,7516,4896
8198,8051,524
8199,5738,1194
8200,2446,2009
8201,2990,1391
8202,7799,4477
8203,7869,5130
8204,8185,7922
8205,7796,1516
8206,7068,586
8207,7852,5323
8208,7425,1939
8209,8193,8135
8210,2478,1354
8211,5154,2390
8212,3898,751
8213,8065,4511
8214,7701,1665
8215,3058,234
8216,3767,1793
8217,1638,602
8218,3235,7
8219,8166,3801
8220,8155,1626
8221,8042,1445
8222,7310,1381
8223,8220,8113
8224,8204,8123
8225,7660,7317
8226,5937,5893
8227,3336,2810
8228,8209,8086
8229,7803,1160
8230,7980,3417
8231,211,111
8232,8224,4814
8233,7989,7616
8234,7934,7533
8235,5850,5571
8236,8039,1403
8237,7812,5305
8238,8232,904
8239,7329,5970
8240,4319,3591
8241,7986,1159
8242,8059,7596
8243,7543,5494
8244,8085,8028
8245,7973,7455
8246,7545,1515
8247,8133,8011
8248,7704,2933
8249,8219,38
8250,8178,7511
8251,8191,8040
8252,8114,7916
8253,7833,1263
8254,8153,8023
8255,8002,2625
8256,8249,990
8257,7679,4419
8258,8238,190
8259,8106,7954
8260,8258,8055
8261,8081,3931
8262,3433,3154
8263,8150,7408
8264,6967,4038
8265,8256,1050
8266,8102,605
8267,7682,4061
8268,8146,1472
8269,3710,1763
8270,2489,1642
8271,8058,7482
8272,8104,2726
8273,8022,2889
8274,1721,1183
8275,7988,3621
8276,4664,3115
8277,7806,7805
8278,8260,5054
8279,7714,5013
8280,7396,4104
8281,7862,7538
8282,8214,8043
8283,7994,7932
8284,1008,58
8285,4634,3126
8286,8072,7885
8287,7800,1936
8288,8037,4737
8289,4214,157
8290,8278,8266
8291,5920,4725
8292,8257,8175
8293,7562,4952
8294,8247,8223
8295,8108,1351
8296,5836,5063
8297,3227,93
8298,8265,1694
8299,8029,5985
8300,8230,3431
8301,7978,7857
8302,8165,3452
8303,8248,8118
8304,506,436
8305,8012,5716
8306,8121,7464
8307,7898,3787
8308,7157,2716
8309,8290,8075
8310,8034,4342
8311,7737,2125
8312,3697,1796
8313,3303,142
8314,8168,187
8315,7950,5245
8316,8136,8111
8317,8076,5336
8318,7771,4816
8319,8115,5092
8320,8298,4907
8321,8252,2750
8322,7929,692
8323,5057,2739
8324,7522,24
8325,3616,1863
8326,8309,3611
8327,8197,7633
8328,7915,2295
8329,8024,1314
8330,8320,743
8331,7961,5501
8332,8122,4243
8333,7795,7345
8334,8179,3602
8335,8259,8228
8336,8295,2033
8337,8105,8087
8338,8026,982
8339,8068,2068
8340,165,30
8341,7927,4069
8342,8330,1305
8343,1191,588
8344,3419,2767
8345,8338,8288
8346,5724,5426
8347,8192,7782
8348,7634,3639
8349,5698,288
8350,8302,2707
8351,5790,5257
8352,4149,1355
8353,8326,734
8354,7910,328
8355,2146,2127
8356,8149,8021
8357,8221,8161
8358,8213,7758
8359,5435,2856
8360,7928,4781
8361,2165,1569
8362,7880,3011
8363,8198,3531
8364,8242,710
8365,2406,1706
8366,8335,1426
8367,7999,1493
8368,4483,373
8369,1670,1561
8370,3055,2853
8371,8254,8250
8372,8366,8162
8373,4573,454
8374,8321,824
8375,8294,8202
8376,4779,1155
8377,8151,4778
8378,8353,8159
8379,8372,2247
8380,8203,448
8381,1316,325
8382,8342,874
8383,3756,1802
8384,5392,1244
8385,7976,1862
8386,347,327
8387,5039,3788
8388,8336,8116
8389,5107,4759
8390,418,63
8391,7866,4238
8392,5053,4268
8393,7809,3736
8394,1942,419
8395,8345,685
8396,8276,5022
8397,8009,5138
8398,2417,1841
8399,8378,562
8400,8319,8236
8401,8379,4632
8402,2503,1581
8403,7639,5446
8404,8272,7911
8405,5129,5037
8406,8176,7984
8407,8251,7571
8408,8375,712
8409,5626,1233
8410,4712,4533
8411,8041,377
8412,8079,166
8413,8229,8061
8414,3974,3063
8415,8408,8181
8416,7985,7850
8417,8322,4194
8418,7873,4049
8419,8399,5575
8420,4075,3992
8421,1385,1189
8422,8419,1152
8423,8350,8035
8424,8357,8093
8425,8374,1658
8426,8244,8074
8427,8052,3882
8428,5863,302
8429,5776,5753
8430,8314,7582
8431,5905,5862
8432,7965,2226
8433,8170,2644
8434,8186,1741
8435,8261,8120
8436,4254,3951
8437,8415,2116
8438,8422,8316
8439,8189,8066
8440,7896,7760
8441,8437,8096
8442,8401,8282
8443,5547,4423
8444,8358,8216
8445,3699,2835
8446,3874,1784
8447,7839,1599
8448,3204,2110
8449,8208,3649
8450,1641,672
8451,7752,4794
8452,4586,3038
8453,8156,2863
8454,8425,8047
8455,2657,1728
8456,8407,4389
8457,7790,2
8458,3871,3580
8459,8441,5379
8460,5623,924
8461,8397,7949
8462,7894,2570
8463,5300,3880
8464,2167,39
8465,3471,3351
8466,5912,3949
8467,2156,1774
8468,4385,1852
8469,8145,1451
8470,4139,2345
8471,8271,7845
8472,2346,2020
8473,4384,3849
8474,8138,4943
8475,7777,3667
8476,8406,1317
8477,4934,3367
8478,8264,8057
8479,8125,5302
8480,8438,7936
8481,5944,5644
8482,5402,3983
8483,3851,8
8484,8339,856
8485,8395,1766
8486,7383,3151
8487,5010,3278
8488,8301,4622
8489,5666,3579
8490,8442,936
8491,8424,8382
8492,5561,217
8493,8490,846
8494,5609,2386
8495,8459,4421
8496,8329,7906
8497,7945,499
8498,8056,5103
8499,7577,2864
8500,5598,4002
8501,8327,8050
8502,7968,148
8503,8493,2094
8504,1431,701
8505,8333,3481
8506,7982,5348
8507,8503,1995
8508,8480,8062
8509,7987,3460
8510,4657,2773
8511,5495,4928
8512,8356,5112
8513,8507,1786
8514,8233,2084
8515,8212,4919
8516,8303,2599
8517,8237,2652
8518,8292,1064
8519,8461,7817
8520,8508,8226
8521,2357,2245
8522,8495,3071
8523,8513,761
8524,8281,983
8525,5319,1182
8526,8523,669
8527,7244,4618
8528,8520,8300
8529,4940,2087
8530,8310,3130
8531,7732,2219
8532,8418,8152
8533,8434,1682
8534,8241,2157
8535,8253,8184
8536,8082,8049
8537,5229,5069
8538,8524,8522
8539,7952,92
8540,8003,7783
8541,4493,269
8542,8199,6957
8543,8462,4274
8544,2973,1855
8545,8526,7940
8546,8528,7647
8547,2872,1963
8548,7944,2040
8549,7824,4602
8550,8110,8048
8551,5645,3808
8552,8479,8100
8553,8363,4333
8554,5854,3981
8555,8380,8183
8556,3829,336
8557,8163,4524
8558,8529,1019
8559,8546,8404
8560,1986,779
8561,4673,1689
8562,2960,1145
8563,8391,2039
8564,5921,2298
8565,7991,7883
8566,8426,2669
8567,5353,240
8568,8364,7784
8569,4032,2131
8570,4623,989
8571,5238,209
8572,8423,8234
8573,8447,1221
8574,7724,2046
8575,7667,4140
8576,7711,3771
8577,8222,5072
8578,8466,5516
8579,8164,1094
8580,5915,4017
8581,5527,2042
8582,5663,2782
8583,8545,553
8584,2787,1521
8585,7775,1700
8586,8454,5514
8587,1690,1267
8588,8413,1117
8589,8388,2319
8590,5608,1009
8591,8005,4548
8592,4965,4959
8593,8485,988
8594,8277,4700
8595,8583,8444
8596,4887,1054
8597,8206,3976
8598,8559,8484
8599,8360,2090
8600,4997,4570
8601,3291,3206
8602,8538,3645
8603,5400,4961
8604,5826,5671
8605,8367,8284
8606,8471,7743
8607,3102,2496
8608,8593,977
8609,7948,3813
8610,7646,5132
8611,8098,691
8612,3393,3226
8613,3014,2045
8614,7564,4701
8615,8533,1442
8616,8227,4425
8617,8602,1328
8618,1957,1459
8619,8595,8535
8620,8255,8117
8621,7565,2701
8622,2577,2223
8623,4924,4650
8624,5749,1310
8625,8491,4751
8626,8354,768
8627,8512,8377
8628,7959,1934
8629,8456,5479
8630,8385,1594
8631,5814,1895
8632,8134,859
8633,8540,8315
8634,7684,1173
8635,8514,571
8636,8619,8416
8637,8392,4198
8638,7272,3508
8639,8091,422
8640,8119,201
8641,5506,484
8642,8337,1980
8643,8088,2983
8644,8629,8160
8645,8187,1780
8646,4958,4869
8647,8598,740
8648,1628,1151
8649,214,164
8650,8606,8439
8651,5332,3930
8652,4366,1059
8653,8586,8143
8654,2891,2036
8655,8400,3923
8656,1535,1243
8657,1972,576
8658,8625,8608
8659,5015,55
8660,3475,3150
8661,2979,2802
8662,7891,4762
8663,8427,7854
8664,8381,2561
8665,2682,2429
8666,8112,1136
8667,8521,5756
8668,2095,1756
8669,8617,8171
8670,5198,729
8671,8589,8332
8672,8450,1492
8673,4390,4128
8674,5828,1779
8675,8412,2552
8676,8430,1903
8677,7888,1582
8678,8341,8129
8679,8390,52
8680,8323,1549
8681,8245,5839
8682,8642,8073
8683,3398,3308
8684,8534,1021
8685,8283,1592
8686,8131,7207
8687,5825,1072
8688,7792,3201
8689,8389,8127
8690,5709,1005
8691,4873,4568
8692,8647,1945
8693,8669,78
8694,8636,2629
8695,8572,1671
8696,8574,2093
8697,8594,877
8698,2269,719
8699,8693,8318
8700,8627,8089
8701,1609,1558
8702,8469,3233
8703,4967,4561
8704,2636,1922
8705,8692,814
8706,5748,5585
8707,7838,145
8708,8694,5351
8709,8435,1258
8710,4902,2270
8711,8705,4955
8712,4452,4398
8713,5120,212
8714,1545,1166
8715,8240,8154
8716,8553,8468
8717,8201,2690
8718,2505,1596
8719,8190,332
8720,3560,3334
8721,8239,7899
8722,3543,1428
8723,8348,3134
8724,8291,241
8725,3881,2186
8726,8699,2799
8727,2858,1147
8728,8205,8200
8729,8440,2312
8730,8711,3839
8731,5982,886
8732,2280,1470
8733,4551,414
8734,7642,3490
8735,7960,2958
8736,4205,3135
8737,8726,8517
8738,2833,2221
8739,5714,3754
8740,8708,5414
8741,3484,2700
8742,8504,2957
8743,8644,333
8744,8615,8475
8745,342,80
8746,8573,3890
8747,8489,5673
8748,8496,8306
8749,8069,831
8750,2994,1743
8751,7712,1192
8752,5567,1227
8753,4850,4747
8754,8569,7972
8755,8740,3658
8756,8730,1468
8757,8756,8698
8758,3635,2925
8759,8518,2544
8760,3042,2539
8761,8755,8697
8762,3585,1820
8763,8169,4566
8764,8743,2515
8765,8588,3186
8766,8273,5812
8767,3133,3114
8768,8536,8328
8769,8664,4931
8770,8761,3080
8771,5880,4580
8772,5730,5630
8773,8217,3037
8774,5568,4136
8775,8325,5551
8776,8681,8563
8777,5942,622
8778,8684,2168
8779,8759,8467
8780,8460,822
8781,4772,3776
8782,8757,8682
8783,8782,8737
8784,8279,2413
8785,8653,8398
8786,8597,1109
8787,8671,2409
8788,4299,3620
8789,8492,2263
8790,1226,850
8791,8555,748
8792,8779,1048
8793,2483,1916
8794,8210,7636
8795,8770,8519
8796,8054,225
8797,8090,430
8798,8305,2600
8799,8289,5094
8800,8317,8063
8801,8449,3288
8802,8516,2920
8803,7567,3701
8804,8655,8312
8805,464,54
8806,5760,3280
8807,8687,8566
8808,8532,4334
8809,7601,3032
8810,8719,32
8811,8785,866
8812,5582,1620
8813,8361,8296
8814,2404,1901
8815,8263,4512
8816,8463,7753
8817,7822,335
8818,5765,3143
8819,8611,3703
8820,5853,5729
8821,8700,8584
8822,7897,5515
8823,3924,643
8824,8543,4206
8825,8549,5604
8826,4617,698
8827,8417,8371
8828,8676,8557
8829,8182,1484
8830,8795,715
8831,8788,2941
8832,8830,1964
8833,5061,2216
8834,8458,4688
8835,5174,2241
8836,8499,1788
8837,8411,2871
8838,8832,8539
8839,7951,5653
8840,8565,3247
8841,3685,2323
8842,4582,2524
8843,1371,459
8844,8362,3364
8845,8448,5572
8846,3889,745
8847,8494,8365
8848,4346,3556
8849,8650,7953
8850,3264,2651
8851,8783,4585
8852,8787,5161
8853,7834,5252
8854,1669,1249
8855,8630,8570
8856,2162,808
8857,8766,3262
8858,5763,4592
8859,8838,8158
8860,5186,1576
8861,8811,4865
8862,4741,1298
8863,8457,3844
8864,8808,7963
8865,8658,523
8866,8764,4082
8867,5796,4780
8868,8859,1363
8869,5219,4746
8870,5805,594
8871,8478,5352
8872,4201,3804
8873,8849,8515
8874,8868,3405
8875,2658,2463
8876,8498,5208
8877,8167,5542
8878,8635,548
8879,3147,2537
8880,8861,2727
8881,8852,657
8882,8148,2953
8883,8874,8579
8884,1309,1215
8885,8299,5060
8886,5597,2969
8887,5055,3716
8888,8548,8010
8889,8196,4453
8890,8746,8373
8891,8883,1966
8892,8568,8511
8893,5741,4694
8894,8709,5399
8895,5947,4404
8896,8798,8006
8897,1933,428
8898,8334,197
8899,8891,888
8900,8582,8311
8901,8446,4624
8902,8501,3423
8903,650,544
8904,8899,8476
8905,8235,5973
8906,8802,1752
8907,8807,1325
8908,8866,8723
8909,8531,5783
8910,8851,4974
8911,4640,1234
8912,8547,8344
8913,1823,1407
8914,8804,8287
8915,8880,8500
8916,8810,8567
8917,8656,4466
8918,5560,3903
8919,8910,2011
8920,8347,1026
8921,8744,8654
8922,5427,4724
8923,4563,2175
8924,8211,5503
8925,8246,7590
8926,8502,3747
8927,3274,1762
8928,8695,2369
8929,8405,4646
8930,8724,4447
8931,8620,81
8932,8828,474
8933,8904,839
8934,8482,1616
8935,3263,1011
8936,8639,66
8937,8865,2555
8938,8691,4331
8939,8628,8008
8940,3841,1716
8941,8078,2086
8942,8821,8429
8943,8784,5908
8944,1449,381
8945,8825,7735
8946,3850,3335
8947,8488,1785
8948,8792,8776
8949,8907,8878
8950,8933,1546
8951,8409,2439
8952,8662,8036
8953,2187,2080
8954,8791,8668
8955,8685,3582
8956,8618,8274
8957,7832,4895
8958,2533,1531
8959,3993,1003
8960,8894,8814
8961,8393,3863
8962,5529,2265
8963,8937,4556
8964,8919,8677
8965,8928,8765
8966,8873,3706
8967,2349,1854
8968,5832,3287
8969,2253,1287
8970,8748,8675
8971,8950,8672
8972,8964,8581
8973,4930,2980
8974,2935,2874
8975,5646,2271
8976,8889,8280
8977,8963,8605
8978,1982,1185
8979,8890,4912
8980,5603,4908
8981,8843,8827
8982,3646,3129
8983,8262,5635
8984,8826,8592
8985,8717,2583
8986,8331,5789
8987,8505,4486
8988,8683,3446
8989,4338,1745
8990,8477,1163
8991,8686,8657
8992,8432,503
8993,8931,5684
8994,955,567
8995,2595,704
8996,3557,224
8997,8000,3476
8998,8956,8550
8999,8225,4510
9000,8972,8914
9001,4669,2693
9002,559,558
9003,8666,8268
9004,3190,76
9005,8710,1654
9006,8881,2206
9007,8610,614
9008,8542,8307
9009,8971,1477
9010,8856,1908
9011,9009,1496
9012,5189,5031
9013,985,913
9014,7958,408
9015,8701,1783
9016,8981,2654
9017,8031,2616
9018,8916,8884
9019,8243,7925
9020,8678,801
9021,9003,8915
9022,1804,1790
9023,4755,4472
9024,8962,8778
9025,5693,4635
9026,8383,8142
9027,3458,902
9028,8215,2513
9029,8955,2318
9030,1993,1099
9031,1588,208
9032,8882,4655
9033,8431,5520
9034,9016,8751
9035,8906,1207
9036,5217,141
9037,8707,1004
9038,7518,2902
9039,3140,2948
9040,9013,9011
9041,4257,1971
9042,8735,613
9043,8703,4970
9044,1369,1280
9045,7663,5271
9046,8285,2601
9047,3121,1889
9048,8396,3700
9049,5200,1711
9050,8960,7757
9051,8908,382
9052,8530,8195
9053,3524,1759
9054,3533,708
9055,8977,741
9056,8410,4340
9057,8436,3662
9058,8275,7942
9059,8297,1672
9060,4927,1806
9061,8892,8633
9062,8267,4045
9063,9055,136
9064,9000,8834
9065,8308,5804
9066,8715,5562
9067,8552,4396
9068,9067,3668
9069,5490,226
9070,8970,8470
9071,9040,8632
9072,8712,8622
9073,8394,5064
9074,8716,3424
9075,8948,8845
9076,5847,5045
9077,8402,2997
9078,1907,1789
9079,8689,1540
9080,8896,3911
9081,8954,5775
9082,5081,623
9083,9063,2155
9084,7966,1225
9085,8763,8304
9086,8858,4903
9087,8898,8800
9088,8769,8541
9089,9071,1816
9090,9089,8775
9091,147,126
9092,4871,4723
9093,8847,3077
9094,9034,1668
9095,8863,8015
9096,8641,8070
9097,8876,7890
9098,9083,8421
9099,8945,1069
9100,9090,590
9101,8077,3338
9102,7623,3679
9103,9100,2022
9104,7237,2724
9105,8864,8813
9106,8920,8793
9107,8544,2811
9108,1420,427
9109,5167,3117
9110,8293,3266
9111,9006,8978
9112,8614,1803
9113,8351,5632
9114,9103,8901
9115,9070,8702
9116,8433,2227
9117,8722,1097
9118,8080,2851
9119,5835,1715
9120,4804,4267
9121,1352,599
9122,8803,5117
9123,5917,2932
9124,8443,3738
9125,9114,8992
9126,8696,2992
9127,8911,2083
9128,8949,777
9129,5734,1199
9130,8966,942
9131,4248,2801
9132,8993,4215
9133,8942,3956
9134,5633,309
9135,9051,5329
9136,4414,1042
9137,8762,3617
9138,5034,3317
9139,9125,9085
9140,4807,4805
9141,8965,4667
9142,8780,8732
9143,8270,2605
9144,8576,305
9145,9064,8940
9146,8643,180
9147,9094,957
9148,9107,8718
9149,8902,2721
9150,8727,2426
9151,9026,1024
9152,2868,2604
9153,8551,2134
9154,8947,4603
9155,8777,1989
9156,8453,2501
9157,9075,8789
9158,8585,443
9159,4208,378
9160,8739,8616
9161,9145,8580
9162,8870,5752
9163,8871,8428
9164,2422,375
9165,9147,8587
9166,9029,8624
9167,8452,1071
9168,8612,3075
9169,8839,4704
9170,9133,8368
9171,8414,3436
9172,7859,1539
9173,4053,228
9174,8651,5616
9175,1674,177
9176,8688,3962
9177,8801,5301
9178,9081,889
9179,9135,8506
9180,8867,2250
9181,8556,7853
9182,9139,1007
9183,9101,4687
9184,8747,8646
9185,4359,3569
9186,4196,21
9187,8728,2964
9188,8147,1805
9189,3379,102
9190,8768,1798
9191,9182,4812
9192,9130,4880
9193,2106,29
9194,3878,1520
9195,8749,2102
9196,8844,4863
9197,9080,5882
9198,9191,1639
9199,9010,1575
9200,8815,554
9201,9161,2620
9202,8991,8571
9203,8359,2976
9204,8752,8621
9205,8713,3324
9206,9198,5263
9207,9141,8760
9208,9201,825
9209,9206,8951
9210,5507,4409
9211,9208,9022
9212,7192,2717
9213,9033,8842
9214,9209,8836
9215,8486,3752
9216,9179,9012
9217,9214,1427
9218,8909,5742
9219,4809,3239
9220,8725,3493
9221,8474,2950
9222,8558,640
9223,9098,8663
9224,4642,2304
9225,9211,8835
9226,9018,9005
9227,9021,8674
9228,9192,8926
9229,2642,1880
9230,9111,3415
9231,8483,4990
9232,1474,16
9233,9165,1527
9234,9024,1722
9235,9217,1938
9236,8083,2003
9237,2449,2166
9238,9115,9050
9239,5046,324
9240,8376,2153
9241,9068,3941
9242,9235,9035
9243,123,23
9244,8561,8355
9245,9225,812
9246,9227,5187
9247,8753,5213
9248,8819,8680
9249,5135,952
9250,8736,5389
9251,2190,763
9252,4528,4218
9253,9052,8623
9254,8600,1808
9255,8818,4771
9256,9132,8509
9257,9149,7974
9258,4844,827
9259,9223,4676
9260,4775,3726
9261,9170,8591
9262,2123,1318
9263,9154,546
9264,8094,2776
9265,9105,8231
9266,9126,9046
9267,8750,7957
9268,7870,4982
9269,2908,1684
9270,8472,1331
9271,8403,3512
9272,5979,649
9273,8626,4889
9274,5977,1997
9275,1817,1623
9276,8218,4909
9277,9066,8786
9278,8794,5256
9279,5713,1421
9280,1479,538
9281,9259,8974
9282,9242,8922
9283,1848,169
9284,9245,9020
9285,9216,8637
9286,9140,4773
9287,9281,5465
9288,3842,3408
9289,5996,2740
9290,9253,9099
9291,9160,9074
9292,8527,2447
9293,8986,8771
9294,7710,2460
9295,8938,8207
9296,9128,702
9297,9282,1781
9298,9221,8932
9299,9246,8921
9300,9228,5362
9301,9284,3572
9302,9297,8984
9303,4463,2177
9304,9093,3636
9305,9301,9265
9306,2899,2796
9307,8809,293
9308,4966,1929
9309,8575,5463
9310,2289,1483
9311,9302,8855
9312,9226,5227
9313,9047,735
9314,8888,5522
9315,2364,1231
9316,8885,802
9317,8862,5232
9318,9199,9127
9319,9230,4894
9320,9287,8661
9321,9106,2394
9322,9187,3194
9323,9049,3521
9324,3466,3076
9325,8343,2857
9326,9233,8564
9327,9296,8690
9328,4828,3454
9329,9207,8758
9330,2805,326
9331,4620,3987
9332,9311,5443
9333,8957,8596
9334,9332,3593
9335,9334,1667
9336,3327,83
9337,8451,3242
9338,8887,8721
9339,9320,5417
9340,8990,2184
9341,9234,8837
9342,9335,4841
9343,8731,2285
9344,4938,3388
9345,9305,8799
9346,4289,4202
9347,9342,8985
9348,9077,2027
9349,8903,542
9350,5087,1853
9351,9285,5089
9352,5220,925
9353,8857,3576
9354,5676,3853
9355,9148,900
9356,3341,2623
9357,9345,1078
9358,8917,8648
9359,9042,970
9360,1241,1088
9361,5095,1998
9362,9157,5335
9363,9347,1161
9364,5621,3414
9365,2901,2525
9366,4795,4745
9367,2695,2384
9368,8638,1475
9369,5410,2109
9370,9363,9312
9371,8976,1695
9372,9158,8979
9373,9166,2171
9374,9261,1864
9375,8952,4152
9376,9190,8667
9377,8738,8599
9378,8860,1190
9379,9197,620
9380,5702,5642
9381,9060,8925
9382,8941,8912
9383,479,195
9384,9263,1528
9385,8464,5299
9386,8601,3328
9387,1921,764
9388,9224,5310
9389,8340,99
9390,9351,8729
9391,8742,5110
9392,9058,8144
9393,9299,9036
9394,5071,3823
9395,8194,1058
9396,9370,706
9397,9306,2299
9398,3426,2203
9399,4121,2655
9400,549,518
9401,920,700
9402,3109,2021
9403,9357,2115
9404,9004,8790
9405,5755,2410
9406,9403,9086
9407,9136,2018
9408,8999,2708
9409,1476,1065
9410,9184,9142
9411,9304,1633
9412,9291,752
9413,9271,5005
9414,9326,8913
9415,4341,2342
9416,9327,8967
9417,3195,3149
9418,992,680
9419,2398,1974
9420,9025,8670
9421,9406,2479
9422,8824,3696
9423,9065,1106
9424,9396,2954
9425,1750,1637
9426,9319,3656
9427,9421,749
9428,9072,8995
9429,1850,1578
9430,9117,1782
9431,9037,8773
9432,216,172
9433,1797,494
9434,9424,1584
9435,9427,9076
9436,8996,1844
9437,9061,3845
9438,8998,8369
9439,9434,683
9440,8714,1525
9441,5641,4211
9442,8420,3570
9443,5690,3223
9444,9362,9156
9445,9395,9300
9446,9435,8893
9447,1685,1595
9448,3368,2563
9449,1412,585
9450,9439,783
9451,9178,660
9452,8959,2900
9453,9339,9146
9454,9450,1264
9455,4307,2224
9456,8944,2931
9457,9290,8603
9458,9264,564
9459,9379,3216
9460,9416,1829
9461,9219,1985
9462,5269,664
9463,9202,758
9464,5573,2355
9465,9426,8609
9466,9277,2859
9467,5578,3583
9468,9200,4848
9469,9414,5513
9470,5249,4503
9471,4545,2475
9472,2481,1636
9473,9454,9079
9474,8833,5416
9475,9218,5539
9476,9453,9373
9477,7692,3295
9478,9329,5131
9479,9444,1232
9480,6827,1360
9481,8816,8797
9482,9123,8649
9483,9445,9361
9484,9104,5273
9485,9474,5239
9486,8562,396
9487,9177,532
9488,9459,3676
9489,9032,8853
9490,9196,8841
9491,9382,9366
9492,3848,1943
9493,8346,960
9494,9473,1610
9495,8720,1294
9496,5735,2689
9497,9465,8846
9498,9057,820
9499,198,125
9500,9276,2500
9501,9257,3647
9502,9376,1012
9503,8935,8645
9504,9494,627
9505,9163,9053
9506,9195,2828
9507,9087,2322
9508,9374,9205
9509,7466,830
9510,9446,9180
9511,3489,153
9512,9504,9431
9513,9181,3522
9514,9356,3177
9515,9322,8510
9516,9222,539
9517,9384,5093
9518,4407,4276
9519,4644,2968
9520,5866,2049
9521,9510,1411
9522,8820,2612
9523,8905,887
9524,9097,8030
9525,9266,7830
9526,8445,399
9527,8924,526
9528,2440,2293
9529,9314,113
9530,9410,9088
9531,8352,3272
9532,9236,262
9533,9391,2972
9534,9521,1374
9535,9249,3834
9536,9256,4552
9537,9534,9381
9538,9512,9430
9539,9073,1356
9540,9045,1344
9541,9121,1564
9542,5725,2445
9543,9537,9466
9544,9112,9043
9545,9269,3421
9546,9469,9428
9547,9476,4627
9548,5619,3105
9549,9378,9237
9550,9478,3637
9551,9543,3148
9552,9538,1736
9553,9349,5424
9554,9547,8829
9555,9460,8968
9556,9298,492
9557,8130,49
9558,9109,9031
9559,9551,2967
9560,9254,276
9561,9559,9248
9562,9307,1800
9563,5829,5654
9564,9313,842
9565,8953,2124
9566,4643,271
9567,9393,9015
9568,8455,2052
9569,9508,3592
9570,9238,2946
9571,9122,5308
9572,9550,9451
9573,9102,9082
9574,9353,9131
9575,1307,667
9576,9561,8781
9577,8958,2627
9578,5986,3571
9579,3265,3112
9580,9108,873
9581,3605,3552
9582,9247,193
9583,8943,8387
9584,9232,1174
9585,9169,4851
9586,9554,5339
9587,9552,4730
9588,9576,2649
9589,9303,8370
9590,9355,3607
9591,9437,709
9592,9251,1373
9593,2370,1612
9594,9293,9027
9595,4242,3713
9596,9586,2842
9597,9134,2028
9598,8879,1077
9599,766,731
9600,5370,3381
9601,9341,1148
9602,3267,2585
9603,9054,3912
9604,9570,9541
9605,9338,8473
9606,9587,2589
9607,9596,8854
9608,5459,3704
9609,8604,1775
9610,9606,899
9611,4595,4207
9612,9124,8774
9613,9155,744
9614,9372,345
9615,4949,320
9616,9412,9023
9617,9588,9407
9618,9617,4876
9619,4852,2927
9620,8560,711
9621,9116,3330
9622,9309,3867
9623,5116,2728
9624,9273,3443
9625,9497,896
9626,9591,9555
9627,8973,8577
9628,5543,4707
9629,9390,5640
9630,9610,2807
9631,9483,3519
9632,9573,581
9633,9455,1702
9634,9569,5431
9635,9630,8869
9636,5544,1726
9637,9255,5924
9638,9529,9502
9639,9618,4541
9640,9546,2912
9641,9635,9519
9642,9556,2609
9643,8982,5216
9644,9607,1278
9645,9644,9507
9646,9268,3664
9647,5662,2076
9648,9572,9530
9649,9475,4169
9650,9639,9143
9651,3444,3271
9652,9321,5526
9653,8929,4621
9654,5992,5990
9655,2850,2024
9656,9408,9152
9657,4815,128
9658,9535,2249
9659,9120,656
9660,9641,1644
9661,9650,8578
9662,9423,8812
9663,1100,352
9664,9634,631
9665,9456,4358
9666,9279,1405
9667,8961,3612
9668,9640,1981
9669,9660,5467
9670,9008,8590
9671,2290,607
9672,8900,372
9673,9661,3687
9674,9286,795
9675,9625,2268
9676,9442,9371
9677,9491,9318
9678,9489,8987
9679,1130,841
9680,9457,9420
9681,8983,678
9682,8640,3478
9683,2736,2663
9684,9386,2588
9685,9118,8313
9686,9501,8918
9687,9062,2441
9688,9567,8980
9689,9673,9250
9690,9411,9150
9691,9668,4639
9692,9409,8487
9693,9669,9400
9694,8939,8796
9695,9677,845
9696,9167,8286
9697,9174,2172
9698,9274,5865
9699,9368,9215
9700,2211,828
9701,9689,9664
9702,4987,1703
9703,9631,893
9704,3249,1197
9705,9704,8324
9706,2755,811
9707,9241,4102
9708,9707,469
9709,9693,5259
9710,9601,9316
9711,9458,9270
9712,9514,8465
9713,3240,3181
9714,9498,1074
9715,9002,4879
9716,9294,5638
9717,5140,4790
9718,932,183
9719,282,127
9720,9059,4833
9721,8772,8269
9722,8989,3439
9723,9323,8877
9724,9691,9129
9725,9709,4660
9726,9189,9048
9727,8741,4494
9728,9703,9487
9729,9688,5887
9730,9479,1538
9731,8975,8840
9732,9725,2424
9733,3467,3139
9734,9732,895
9735,9582,2893
9736,3684,819
9737,9509,9084
9738,5320,3988
9739,4567,4042
9740,9486,5959
9741,9418,9401
9742,9488,3450
9743,9468,1142
9744,9656,3749
9745,9645,9506
9746,2820,918
9747,3116,2421
9748,9729,2723
9749,9734,1203
9750,2101,1000
9751,4449,3138
9752,9730,5846
9753,9262,3008
9754,9604,3843
9755,9686,9343
9756,9315,1570
9757,9637,9278
9758,4417,3498
9759,8897,3434
9760,9708,9239
9761,9624,9188
9762,9749,759
9763,9697,315
9764,9001,2576
9765,9333,630
9766,9762,730
9767,9377,8537
9768,295,69
9769,9701,5341
9770,5681,5674
9771,2952,2764
9772,8704,8384
9773,9752,5658
9774,2065,1847
9775,9766,4171
9776,2013,1080
9777,3355,3059
9778,9769,637
9779,3410,3337
9780,9754,9447
9781,9441,1915
9782,9745,5123
9783,9782,775
9784,9775,511
9785,3026,2660
9786,3883,1799
9787,9517,8805
9788,3879,3587
9789,9162,5627
9790,8525,1047
9791,9580,9358
9792,9113,2209
9793,9626,747
9794,8930,3028
9795,9748,9525
9796,2949,2538
9797,9505,2431
9798,9783,5188
9799,9648,9041
9800,9203,2037
9801,9564,9388
9802,9415,3118
9803,9675,9560
9804,5744,3344
9805,159,36
9806,9337,9176
9807,3237,3107
9808,9778,5033
9809,4656,3012
9810,9568,2236
9811,9784,2433
9812,9799,9533
9813,9724,804
9814,9728,9436
9815,9811,5792
9816,9665,1500
9817,9536,2389
9818,5728,356
9819,9815,1364
9820,9028,1081
9821,9819,1092
9822,4721,2939
9823,9614,8946
9824,4708,4445
9825,9629,9605
9826,8936,1719
9827,9813,9030
9828,9742,9220
9829,9289,9244
9830,9798,688
9831,9151,9044
9832,5758,1343
9833,9808,1920
9834,9821,2235
9835,9834,9317
9836,5656,1286
9837,2117,673
9838,9375,4615
9839,5408,374
9840,9835,4516
9841,9795,9485
9842,5745,2763
9843,9513,8886
9844,9831,5819
9845,9840,792
9846,9678,2453
9847,9017,2882
9848,9213,1807
9849,9845,9638
9850,9680,5774
9851,6691,4491
9852,9780,9153
9853,1727,330
9854,9833,4636
9855,9584,619
9856,3973,3551
9857,9643,4748
9858,9854,9655
9859,9662,2569
9860,9613,1918
9861,9723,9019
9862,9858,1822
9863,9144,1440
9864,9862,724
9865,9773,1541
9866,9793,9528
9867,9830,851
9868,5574,1495
9869,9827,9776
9870,9392,8895
9871,9803,9746
9872,9864,9852
9873,9260,2830
9874,8634,912
9875,9482,2904
9876,9348,4770
9877,9826,9557
9878,9872,9801
9879,4991,2631
9880,2770,1958
9881,3906,3584
9882,9562,8754
9883,9716,9670
9884,9495,5295
9885,9558,3096
9886,9772,9194
9887,9849,2200
9888,8734,5923
9889,9394,4161
9890,9865,9593
9891,3157,1760
9892,9814,9674
9893,9594,757
9894,355,173
9895,9470,9463
9896,9867,8679
9897,9887,9866
9898,4523,3589
9899,9878,5997
9900,9817,9755
9901,8969,2809
9902,8934,4386
9903,4357,4109
9904,9869,2884
9905,9092,1387
9906,9325,3916
9907,5051,806
9908,4684,3535
9909,9695,9549
9910,2684,2578
9911,1289,1055
9912,9871,1724
9913,9787,5667
9914,2779,1744
9915,9841,9516
9916,9404,721
9917,9616,5672
9918,9899,9890
9919,9790,8706
9920,9527,2664
9921,3358,2154
9922,4564,3250
9923,9722,2734
9924,9204,188
9925,5396,3523
9926,9846,1268
9927,9496,9240
9928,9912,9860
9929,9544,4645
9930,9850,4144
9931,2055,1169
9932,9490,1931
9933,9472,2540
9934,9387,1053
9935,9897,9590
9936,9892,679
9937,3891,1962
9938,1038,760
9939,9797,9603
9940,9731,9690
9941,9692,9336
9942,9806,9710
9943,9828,9532
9944,9622,4096
9945,9785,3363
9946,2966,818
9947,9369,826
9948,9913,9425
9949,9585,4791
9950,9598,9039
9951,9825,3315
9952,9951,8673
9953,4760,2239
9954,9698,9612
9955,9838,9681
9956,9380,926
9957,9267,5611
9958,9429,3156
9959,9765,4176
9960,8850,4527
9961,9464,2435
9962,2984,1663
9963,9687,816
9964,432,163
9965,9935,2358
9966,9896,969
9967,5536,976
9968,2484,26
9969,9965,2373
9970,5668,2000
9971,2201,1102
9972,9627,1874
9973,9893,5643
9974,9855,9438
9975,8497,7725
9976,9904,5966
9977,9895,9812
9978,9359,3253
9979,4971,2744
9980,1662,482
9981,4885,4629
9982,9952,5841
9983,9966,1975
9984,4808,727
9985,3482,3349
9986,9918,5380
9987,9461,8173
9988,1031,937
9989,2277,1110
9990,9171,3486
9991,9672,1488
9992,8659,1680
9993,9986,9185
9994,9969,520
9995,8823,1664
9996,2122,162
9997,9726,338
9998,9880,5247
9999,9583,9500
10000,9993,2791
10001,5557,4311
10002,9565,9515
10003,9671,4405
10004,5588,3089
10005,9976,9539
10006,9902,9518
10007,9743,5484
10008,9581,9193
10009,9794,9711
10010,8875,1303
10011,9915,5786
10012,1240,456
10013,10000,9352
10014,9676,4823
10015,10013,914
10016,9983,9820
10017,9789,9633
10018,10015,9229
10019,5556,5021
10020,1935,1485
10021,10018,867
10022,9413,4999
10023,9974,9575
10024,9531,3175
10025,9480,8349
10026,3304,364
10027,4849,3933
10028,3979,3939
10029,9741,882
10030,4626,1326
10031,9994,1899
10032,9615,45
10033,9932,9930
10034,9936,1555
10035,10021,4732
10036,10031,9720
10037,9657,9330
10038,9738,5457
10039,8831,7462
10040,10011,9792
10041,9280,615
10042,9761,1554
10043,1198,140
10044,9917,9523
10045,10036,905
10046,9927,561
10047,5736,3245
10048,1448,1235
10049,9492,844
10050,9982,2875
10051,9663,9553
10052,9183,4431
10053,2730,773
10054,10045,4765
10055,9007,2272
10056,5250,2113
10057,9331,2334
10058,5485,4048
10059,9649,5705
10060,3786,2772
10061,3934,1621
10062,9038,8988
10063,9832,8652
10064,10005,699
10065,9928,1871
10066,9948,9503
10067,10035,1699
10068,10067,3302
10069,10034,2579
10070,9542,2014
10071,3980,533
10072,3430,1717
10073,4900,595
10074,9829,9682
10075,9652,2490
10076,10016,2333
10077,5142,90
10078,9842,5255
10079,9957,9683
10080,9876,9397
10081,3861,1330
10082,9934,3534
10083,927,922
10084,10050,4309
10085,9623,9540
10086,4859,2012
10087,10054,9973
10088,4046,703
10089,10064,1884
10090,5615,2002
10091,9747,1956
10092,10007,9308
10093,9909,9679
10094,10040,2840
10095,4786,4506
10096,2482,881
10097,10087,994
10098,4806,603
10099,4546,3362
10100,9788,9493
10101,9926,9658
10102,9882,3627
10103,9344,4942
10104,10068,9959
10105,10002,2451
10106,3320,997
10107,10077,9295
10108,9340,4024
10109,9119,1270
10110,9977,3748
10111,10023,9823
10112,10069,9642
10113,5570,2817
10114,10104,1547
10115,10097,3609
10116,9737,3465
10117,2400,2194
10118,4465,4322
10119,10114,1200
10120,5840,3520
10121,9714,3145
10122,9954,9856
10123,5687,417
10124,10057,9943
10125,10119,4963
10126,9906,9651
10127,10115,1245
10128,10125,9757
10129,9857,9137
10130,8848,5184
10131,4998,485
10132,10093,10065
10133,10094,608
10134,10084,1196
10135,10076,884
10136,9955,9900
10137,9805,8817
10138,9578,3352
10139,9978,9884
10140,9837,9715
10141,9999,1550
10142,10128,1482
10143,7996,1153
10144,3040,486
10145,10089,1001
10146,9481,2956
10147,10133,10051
10148,4886,1712
10149,10142,666
10150,9609,1718
10151,10135,9685
10152,9791,9740
10153,2804,2230
10154,10042,9577
10155,10149,965
10156,9700,907
10157,10127,670
10158,4605,2624
10159,10155,5550
10160,9636,1593
10161,2198,1341
10162,8613,3282
10163,10159,4381
10164,10157,2427
10165,4459,4328
10166,2038,560
10167,10164,2971
10168,9354,648
10169,10167,829
10170,10163,10147
10171,10151,707
10172,8067,2977
10173,9563,9449
10174,10169,2808
10175,9997,9566
10176,9389,3176
10177,3106,362
10178,9599,767
10179,9096,8554
10180,9574,1653
10181,9292,4609
10182,10134,2725
10183,10174,9853
10184,10145,10110
10185,10171,1688
10186,10006,9870
10187,9522,431
10188,9859,4557
10189,5476,1996
10190,10029,9810
10191,10185,4619
10192,9939,5989
10193,10044,3893
10194,2288,645
10195,9699,908
10196,3603,340
10197,8481,5837
10198,10183,875
10199,10198,9694
10200,9751,9056
10201,10124,5139
10202,2402,1277
10203,4290,2873
10204,10053,9653
10205,9767,3188
10206,9632,4842
10207,9231,105
10208,1849,85
10209,10092,10075
10210,9619,9462
10211,9091,3968
10212,10112,10038
10213,10059,9924
10214,9901,9889
10215,9949,2870
10216,9885,5521
10217,9212,289
10218,2053,1954
10219,9735,1738
10220,2173,1089
10221,9288,1723
10222,8822,2713
10223,9666,813
10224,9659,2179
10225,3142,2196
10226,9696,9684
10227,9647,4819
10228,9760,9014
10229,9592,2834
10230,9258,2553
10231,9548,5204
10232,10199,894
10233,10232,10132
10234,10182,4084
10235,9972,5282
10236,9600,799
10237,9802,1514
10238,10191,5497
10239,9589,1205
10240,10170,2999
10241,10205,8923
10242,9744,2674
10243,9571,4864
10244,10238,10161
10245,9764,2703
10246,9923,9422
10247,10240,2735
10248,9916,2951
10249,10247,1765
10250,4993,2267
10251,5984,2305
10252,10193,10180
10253,10249,10231
10254,3758,3053
10255,10253,2100
10256,10192,5914
10257,10255,5150
10258,9800,1618
10259,5732,2913
10260,9520,5581
10261,10139,3888
10262,9781,2397
10263,9863,1583
10264,9138,35
10265,10215,9346
10266,9419,5935
10267,8733,967
10268,10098,9905
10269,10184,9956
10270,9877,1597
10271,9756,509
10272,10257,9998
10273,10242,9886
10274,10234,9944
10275,9432,3
10276,10017,2428
10277,10272,9848
10278,9847,2915
10279,2261,1882
10280,10188,9907
10281,10201,10181
10282,10276,1640
10283,9991,1178
10284,9727,9417
10285,10244,487
10286,10277,769
10287,10233,3690
10288,10165,4229
10289,10025,447
10290,9385,3092
10291,9940,2715
10292,9883,9252
10293,9873,522
10294,10286,5236
10295,10281,9484
10296,9881,9405
10297,9963,3065
10298,10294,2119
10299,10039,8665
10300,10287,2161
10301,10298,1273
10302,9702,2762
10303,10154,2924
10304,3422,2919
10305,10122,1300
10306,5433,2377
10307,9929,9611
10308,10300,1490
10309,7811,265
10310,10003,9753
10311,483,301
10312,9942,552
10313,10308,10027
10314,10252,2212
10315,9770,2469
10316,10046,1112
10317,1260,618
10318,10301,10102
10319,9739,723
10320,10235,3200
10321,2571,537
10322,10265,1751
10323,2653,1465
10324,9875,9310
10325,5605,2381
10326,4356,2407
10327,10212,4304
10328,10280,10014
10329,4888,3938
10330,10261,5344
10331,3371,823
10332,10318,10269
10333,5816,2283
10334,10292,2359
10335,9990,9960
10336,9440,3870
10337,10313,514
10338,10033,9874
10339,1999,946
10340,10152,9816
10341,10175,9095
10342,10141,9733
10343,10061,1509
10344,10327,4637
10345,3207,3144
10346,10012,1336
10347,10317,10190
10348,10337,9961
10349,10285,1015
10350,9350,2704
10351,4193,2575
10352,10348,868
10353,10219,10178
10354,10100,9919
10355,9159,5987
10356,10156,10101
10357,10010,5215
10358,4662,2089
10359,10290,9984
10360,1902,5
10361,10352,531
10362,10332,857
10363,2325,2225
10364,10032,131
10365,10344,10082
10366,4740,4532
10367,10361,9844
10368,10362,10210
10369,10291,2292
10370,10052,4680
10371,10206,2839
10372,10258,2748
10373,9851,250
10374,9839,2838
10375,10283,4502
10376,9786,1629
10377,10121,4948
10378,10055,9467
10379,4956,264
10380,10263,1063
10381,3784,1404
10382,9511,5885
10383,2959,2940
10384,10150,10079
10385,8386,27
10386,472,206
10387,2591,394
10388,4989,3013
10389,10302,10041
10390,10312,3507
10391,9477,3445
10392,10066,1801
10393,9950,3420
10394,10367,5102
10395,9779,3411
10396,10394,9718
10397,9545,1284
10398,4460,4209
10399,10396,10187
10400,9822,2648
10401,10108,1767
10402,9843,9471
10403,10030,4515
10404,10001,5704
10405,5682,1335
10406,10379,9891
10407,2617,1143
10408,10274,4363
10409,10390,10347
10410,9110,2382
10411,3503,646
10412,10136,1731
10413,10412,10078
10414,10399,903
10415,5639,1397
10416,9777,4052
10417,2448,999
10418,9941,2442
10419,2987,2814
10420,2159,855
10421,10204,671
10422,10307,934
10423,10356,10349
10424,10414,9988
10425,9621,4579
10426,5088,462
10427,10368,5382
10428,10427,634
10429,10376,10020
10430,10070,5891
10431,10392,10131
10432,384,19
10433,9705,2545
10434,10172,2614
10435,10282,10229
10436,10090,4164
10437,1043,515
10438,10186,2062
10439,1261,1176
10440,9921,2205
10441,10273,9646
10442,10297,174
10443,2813,1960
10444,10424,3513
10445,2001,713
10446,10423,10195
10447,10243,9620
10448,10413,4501
10449,10365,2630
10450,10444,10071
10451,10375,10096
10452,10408,10378
10453,10428,10091
10454,10453,3564
10455,10213,9210
10456,10454,10160
10457,10103,4810
10458,10449,10216
10459,2586,2498
10460,10303,3553
10461,9172,1444
10462,8927,5892
10463,10324,9328
10464,10450,557
10465,10448,2784
10466,10254,684
10467,10109,2016
10468,10464,1208
10469,9164,4520
10470,10334,5951
10471,863,675
10472,1491,1486
10473,2865,2562
10474,5707,580
10475,10304,3343
10476,311,244
10477,10468,10316
10478,8660,8157
10479,10341,9524
10480,10401,10354
10481,10456,3975
10482,10481,9989
10483,10305,10236
10484,10111,4661
10485,9398,4596
10486,9920,945
10487,10482,3565
10488,10130,653
10489,5073,3001
10490,120,100
10491,10421,10295
10492,10369,9759
10493,9186,3113
10494,10024,9947
10495,10350,9970
10496,10487,2257
10497,10465,9774
10498,10496,5552
10499,2831,2468
10500,8188,329
10501,10431,10080
10502,10373,9283
10503,10452,9275
10504,10477,10371
10505,10503,10314
10506,10504,10446
10507,10239,1978
10508,5223,3790
10509,10484,10009
10510,10022,9975
10511,9861,1893
10512,10458,931
10513,9069,1627
10514,9981,2937
10515,10498,810
10516,10271,1673
10517,5307,4195
10518,10267,4817
10519,5337,1836
10520,10515,1469
10521,3807,1683
10522,2067,1524
10523,3326,2399
10524,10221,2396
10525,9448,2765
10526,10248,9628
10527,9938,1887
10528,3604,3577
10529,10162,9771
10530,2048,958
10531,2229,1988
10532,9946,9824
10533,2824,2769
10534,4027,1732
10535,10037,638
10536,9750,3333
10537,5122,2982
10538,10520,2981
10539,2491,2208
10540,9908,4822
10541,10245,9597
10542,10483,9888
10543,10538,974
10544,9365,2862
10545,3997,1553
10546,10543,10377
10547,10062,9736
10548,10474,536
10549,5952,2063
10550,10176,10146
10551,9818,3451
10552,391,323
10553,10338,4526
10554,10246,3809
10555,10224,10107
10556,9452,1139
10557,10256,1970
10558,10460,2262
10559,10546,1770
10560,5111,521
10561,4821,2741
10562,10262,10223
10563,9796,3737
10564,2004,1248
10565,10559,10435
10566,10511,10129
10567,10470,3608
10568,10567,10433
10569,771,284
10570,10153,10105
10571,10557,10372
10572,1873,1271
10573,10270,2697
10574,10299,3528
10575,10512,10364
10576,10436,5932
10577,10555,10553
10578,10203,2128
10579,1896,1713
10580,10447,1228
10581,3485,919
10582,10536,4287
10583,9758,1049
10584,1501,445
10585,10177,4348
10586,5978,1659
10587,10565,551
10588,10220,3491
10589,1909,1632
10590,10558,2025
10591,10004,737
10592,5221,3688
10593,10491,9933
10594,10113,5519
10595,10587,10140
10596,10319,689
10597,10370,2639
10598,10342,9168
10599,3301,1846
10600,10393,10310
10601,10595,9602
10602,10266,1753
10603,8997,4980
10604,10601,10488
10605,9914,1687
10606,10173,5334
10607,10278,4249
10608,10411,10095
10609,10315,9763
10610,10462,4862
10611,10099,1725
10612,5610,647
10613,10509,9717
10614,10330,636
10615,9911,9804
10616,10513,10137
10617,10604,10575
10618,10386,230
10619,10289,4648
10620,10226,9953
10621,10492,10430
10622,1733,1124
10623,10554,9937
10624,1977,1392
10625,10217,1948
10626,10547,1254
10627,10284,9987
10628,5593,3284
10629,10211,9962
10630,10617,1861
10631,10525,9579
10632,10501,10074
10633,4995,2242
10634,10214,3545
10635,9958,3957
10636,10630,964
10637,10409,10357
10638,10636,3793
10639,10179,221
10640,3166,3005
10641,7791,3546
10642,10418,2618
10643,10506,478
10644,10643,10613
10645,2914,1057
10646,10259,1526
10647,10580,5406
10648,4240,2650
10649,9807,3031
10650,3714,3390
10651,10570,10486
10652,10168,798
10653,8994,2140
10654,5381,1406
10655,5926,3733
10656,9499,488
10657,10088,2568
10658,9931,898
10659,10620,9324
10660,10634,10209
10661,10063,4981
10662,4799,1987
10663,10497,10480
10664,9367,1506
10665,10505,10438
10666,10120,9898
10667,10638,10296
10668,4559,2499
10669,10425,10380
10670,10230,2790
10671,9967,1157
10672,10541,10158
10673,9399,385
10674,10442,869
10675,10288,5901
10676,10072,2437
10677,9922,9433
10678,10644,1135
10679,10678,10489
10680,10086,1462
10681,10667,2855
10682,10467,10323
10683,10589,1843
10684,10593,617
10685,5044,625
10686,3281,1121
10687,10346,9968
10688,2330,2217
10689,9526,3766
10690,9809,4428
10691,5795,3833
10692,10194,4853
10693,10539,10451
10694,10320,9595
10695,10681,10429
10696,10516,4698
10697,10494,4593
10698,10384,5946
10699,10679,10353
10700,3199,3000
10701,10590,10507
10702,10606,10264
10703,5659,3060
10704,5766,5030
10705,10695,1900
10706,2916,1650
10707,10457,10333
10708,10073,4742
10709,10705,10336
10710,10573,9078
10711,3840,404
10712,10471,9879
10713,10699,809
10714,10709,10548
10715,10222,9360
10716,10698,10251
10717,10463,3463
10718,2869,1255
10719,4868,3693
10720,4944,4522
10721,10713,786
10722,10402,5650
10723,10714,10311
10724,3477,3124
10725,10637,2754
10726,5831,2975
10727,10422,10366
10728,9712,9173
10729,10651,10340
10730,10696,1171
10731,10572,9721
10732,10684,10658
10733,2336,2121
10734,9175,1533
10735,10571,9985
10736,10533,10144
10737,10723,10049
10738,359,235
10739,4550,1443
10740,2622,1458
10741,10123,10116
10742,10737,1138
10743,10535,10459
10744,10721,951
10745,10241,2274
10746,10710,10008
10747,10732,10669
10748,5798,5532
10749,2598,1447
10750,10275,366
10751,10621,1517
10752,4153,2520
10753,4232,3927
10754,10742,10642
10755,10445,10389
10756,10117,4649
10757,4145,3673
10758,10528,834
10759,10485,5791
10760,10532,10466
10761,10751,10586
10762,3732,575
10763,10727,10322
10764,10279,2043
10765,10754,10189
10766,10577,4562
10767,10585,10085
10768,2659,1534
10769,10566,2092
10770,10660,4401
10771,10665,5993
10772,10725,10415
10773,10765,1332
10774,9667,3857
10775,2320,1162
10776,10744,10730
10777,10237,4832
10778,2892,1937
10779,10404,4162
10780,1930,1512
10781,10420,720
10782,5962,4071
10783,2307,2275
10784,10647,2777
10785,10773,5496
10786,10785,10735
10787,10598,10328
10788,10416,2696
10789,10419,3864
10790,10776,2556
10791,885,597
10792,959,956
10793,10720,10663
10794,10770,948
10795,10343,5177
10796,10693,10619
10797,10260,4265
10798,10382,5620
10799,10772,10740
10800,3473,349
10801,10703,10626
10802,10597,4713
10803,10250,10166
10804,9383,222
10805,3866,971
10806,10227,10056
10807,10403,10268
10808,4750,4281
10809,10786,10706
10810,10790,642
10811,10809,633
10812,10811,3677
10813,4753,2135
10814,9443,8607
10815,10812,5462
10816,10810,2506
10817,10118,4916
10818,10815,2795
10819,10816,591
10820,3097,1172
10821,10818,10544
10822,10821,3757
10823,2531,1949
10824,10615,2316
10825,9971,8631
10826,10766,3969
10827,10826,4665
10828,9992,2752
10829,5898,4653
10830,10822,5486
10831,10472,10339
10832,10747,939
10833,10607,10518
10834,10830,10495
10835,10799,10632
10836,1045,455
10837,10602,2887
10838,10819,5157
10839,10827,10756
10840,10578,1432
10841,3370,3091
10842,10745,10434
10843,10834,10440
10844,10400,1246
10845,4569,4518
10846,10843,10793
10847,10838,10717
10848,3518,2026
10849,10624,10574
10850,10455,10410
10851,10143,4685
10852,10759,3120
10853,10441,2794
10854,10556,2549
10855,2341,2151
10856,10847,10560
10857,10359,5772
10858,10148,2548
10859,10846,1812
10860,10853,10563
10861,10493,3623
10862,10856,5355
10863,10661,2005
10864,10795,4296
10865,10859,2195
10866,10321,1879
10867,10625,9402
10868,3072,981
10869,2158,14
10870,10775,574
10871,10842,10026
10872,10865,2667
10873,10524,3901
10874,10664,4633
10875,10550,10432
10876,10639,82
10877,10872,530
10878,10383,9608
10879,9364,2668
10880,10731,10060
10881,10877,10614
10882,10655,10228
10883,10882,10200
10884,10881,10666
10885,10761,10687
10886,10672,5953
10887,10862,10225
10888,10582,4456
10889,10701,10479
10890,10562,4711
10891,10837,10609
10892,10884,5312
10893,5314,5086
10894,10883,10540
10895,5498,2845
10896,10849,10579
10897,10817,10697
10898,10719,10395
10899,10839,4227
10900,9243,2528
10901,10892,2452
10902,10652,921
10903,10901,854
10904,2797,98
10905,10707,10674
10906,10903,10437
10907,968,681
10908,10716,1259
10909,10906,10542
10910,10769,609
10911,10887,652
10912,2066,738
10913,10911,853
10914,10527,2521
10915,10798,10794
10916,10622,5207
10917,10196,181
10918,10909,10690
10919,10899,10351
10920,4554,1865
10921,10671,10576
10922,10796,1056
10923,10599,3915
10924,10913,10792
10925,10047,2793
10926,10784,9979
10927,2471,998
10928,5287,5113
10929,10741,10631
10930,10924,535
10931,10335,4722
10932,10591,10397
10933,10782,1202
10934,10600,1105
10935,10523,10381
10936,10771,5879
10937,10936,4028
10938,10918,519
10939,10885,10628
10940,10930,3798
10941,10864,10835
10942,10629,3558
10943,10940,4714
10944,10549,2281
10945,10475,1617
10946,10439,1940
10947,4872,4374
10948,10836,10461
10949,2519,1252
10950,10584,242
10951,10937,10610
10952,10943,10500
10953,182,11
10954,4222,2737
10955,10938,2610
10956,5079,2560
10957,3789,2698
10958,10955,10608
10959,10952,1947
10960,10645,10633
10961,10755,4920
10962,10958,10545
10963,10962,10443
10964,10963,9964
10965,10959,573
10966,10126,1630
10967,3401,1036
10968,5509,1419
10969,10858,780
10970,9706,1851
10971,10951,10919
10972,10964,10787
10973,10374,2132
10974,10682,10583
10975,10965,697
10976,10889,10529
10977,10530,2603
10978,10309,10208
10979,10833,10702
10980,10922,10207
10981,10677,10138
10982,10975,10961
10983,10028,3628
10984,10915,10802
10985,10982,10739
10986,5264,2526
10987,10972,817
10988,10987,2114
10989,10605,1771
10990,10218,4925
10991,10814,10729
10992,10914,5137
10993,10988,10646
10994,10869,4064
10995,10743,10654
10996,10473,696
10997,10526,10417
10998,10691,10568
10999,10841,4892
11000,5338,3152
11001,10469,2766
11002,10985,5193
11003,10808,774
11004,10939,10871
11005,10857,10325
11006,10763,10708
11007,10391,4255
11008,10801,10510
11009,5454,4776
11010,10993,10657
11011,10306,2347
11012,10860,5179
11013,10890,5160
11014,11002,693
11015,10832,4521
11016,10385,158
11017,10616,8745
11018,11014,1792
11019,11010,1212
11020,10941,9910
11021,11018,9945
11022,10728,1401
11023,11021,10831
11024,10670,2692
11025,10758,10564
11026,11019,1910
11027,11026,5436
11028,10635,5048
11029,10875,10603
11030,2291,911
11031,11027,1608
11032,10521,3660
11033,10927,1905
11034,11031,11009
11035,11034,10588
11036,11023,807
11037,10777,890
11038,10683,2822
11039,11035,10933
11040,3641,1399
11041,2731,40
11042,11036,2803
11043,10851,4223
11044,11039,2419
11045,11044,883
11046,11045,11006
11047,10908,10840
11048,11042,1604
11049,11048,11020
11050,10718,1828
11051,2783,463
11052,9980,4855
11053,10685,4824
11054,11046,3027
11055,10764,2246
11056,5510,4555
11057,11054,5326
11058,11057,11013
11059,10648,5549
11060,4953,294
11061,4598,3159
11062,10676,3406
11063,3241,2178
11064,10522,4538
11065,5152,3416
11066,10880,5998
11067,10997,10868
11068,9903,3559
11069,11067,11015
11070,10910,3816
11071,5737,3741
11072,11049,10907
11073,10888,471
11074,3034,2786
11075,11058,5761
11076,11075,1416
11077,10789,3537
11078,10886,10824
11079,10490,405
11080,10983,3723
11081,9995,4774
11082,4951,4652
11083,10956,2611
11084,10806,10202
11085,10995,10659
11086,10942,3990
11087,11076,10852
11088,11072,3830
11089,10612,10331
11090,4247,1276
11091,10976,3455
11092,10894,4446
11093,11087,682
11094,5206,687
11095,10920,2747
11096,11093,4690
11097,1366,1262
11098,11088,5451
11099,2963,2768
11100,1911,1290
11101,10760,10293
11102,10921,1867
11103,4505,753
11104,11096,2574
11105,2775,1755
11106,10992,10726
11107,10326,2031
11108,10974,10960
11109,5950,897
11110,10804,9719
11111,4800,2492
11112,10896,832
11113,10998,10874
11114,11104,10923
11115,10778,1791
11116,11114,10902
11117,11073,10996
11118,5579,1413
11119,11081,4837
11120,11098,961
11121,10791,4918
11122,10946,4838
11123,3644,1383
11124,11116,11047
11125,11022,10650
11126,11037,10845
11127,11120,663
11128,10828,5080
11129,11127,10969
11130,10898,3412
11131,11124,616
11132,10978,10746
11133,5159,4788
11134,10722,3563
11135,5347,1086
11136,10931,641
11137,11069,10329
11138,10866,1720
11139,11131,1837
11140,10926,5481
11141,11140,9996
11142,10641,3680
11143,2710,1992
11144,2647,2527
11145,2894,2675
11146,10897,8767
11147,11129,3525
11148,11139,1467
11149,11147,570
11150,11070,10979
11151,10900,388
11152,10561,891
11153,11148,2502
11154,11153,835
11155,10711,458
11156,11154,5025
11157,2918,1025
11158,11156,2238
11159,10807,2073
11160,10917,10083
11161,10905,3772
11162,11161,10925
11163,10653,1010
11164,11158,10058
11165,5178,4831
11166,10991,2581
11167,10891,2029
11168,11167,11004
11169,10800,5999
11170,5101,2846
11171,11012,10966
11172,10623,5191
11173,11172,10971
11174,11164,996
11175,11174,10873
11176,10363,4978
11177,4068,48
11178,9868,1301
11179,2473,2182
11180,11149,2554
11181,11180,3815
11182,11181,10662
11183,11182,583
11184,11005,3886
11185,11175,11003
11186,10850,4589
11187,4132,1794
11188,10980,2392
11189,5251,1990
11190,10551,2558
11191,11183,11166
11192,11133,11085
11193,11185,1293
11194,11193,10844
11195,1730,245
11196,11194,1090
11197,11196,11064
11198,10932,10478
11199,10803,2365
11200,10048,5649
11201,10986,755
11202,10426,3595
11203,10476,794
11204,10656,116
11205,11112,3541
11206,11197,11077
11207,11191,11086
11208,10916,600
11209,10973,57
11210,10981,2350
11211,10673,10043
11212,11206,11084
11213,10820,2903
11214,11207,3946
11215,10878,10768
11216,5346,725
11217,11212,5225
11218,11217,11033
11219,10948,9836
11220,11218,11136
11221,11091,4913
11222,3965,3219
11223,11125,556
11224,11214,2474
11225,11190,2672
11226,11205,2054
11227,11224,11083
11228,11220,568
11229,10734,2434
11230,11227,369
11231,11228,11188
11232,11050,10514
11233,5108,3268
11234,10736,10627
11235,11094,10984
11236,5871,4610
11237,11187,10829
11238,10387,5768
11239,11090,10534
11240,10989,10825
11241,11230,11216
11242,11241,11030
11243,11137,10762
11244,11242,2401
11245,11231,11208
11246,11146,10779
11247,11245,1418
11248,11244,11106
11249,11248,2425
11250,10977,676
11251,11168,11066
11252,11078,11038
11253,11252,11001
11254,11247,569
11255,11223,10934
11256,11186,10879
11257,10848,10781
11258,11007,10757
11259,11254,11138
11260,11028,10531
11261,10692,9654
11262,11255,11130
11263,10508,5628
11264,10994,10749
11265,11259,11029
11266,11117,11113
11267,10689,4415
11268,11150,10863
11269,11265,5228
11270,3045,1769
11271,5614,840
11272,10688,5328
11273,10823,3516
11274,11251,11243
11275,10904,290
11276,2774,421
11277,11199,3739
11278,5303,3453
11279,2719,489
11280,11000,2733
11281,11032,10712
11282,11092,11080
11283,11201,2532
11284,11189,2645
11285,10752,10019
11286,512,65
11287,11269,11250
11288,11287,10345
11289,11198,11141
11290,10668,3678
11291,11290,3461
11292,11162,5017
11293,10861,4469
11294,11249,910
11295,11294,674
11296,10797,4921
11297,10876,10502
11298,10700,10694
11299,10596,621
11300,11295,4672
11301,1223,1165
11302,11288,11184
11303,3567,611
11304,4478,3872
11305,4081,2041
11306,11296,11234
11307,11053,11025
11308,11300,695
11309,11308,2418
11310,11192,11159
11311,5231,4312
11312,11309,11264
11313,11302,10813
11314,11173,11008
11315,11314,4860
11316,4820,3573
11317,10999,3217
11318,10870,4702
11319,11235,10715
11320,437,50
11321,11017,10950
11322,11312,582
11323,11322,2619
11324,11256,10733
11325,3800,2974
11326,11323,11128
11327,4631,2986
11328,11313,732
11329,11328,11102
11330,11329,11152
11331,11266,11056
11332,11240,3167
11333,5309,4827
11334,11330,2517
11335,11268,11170
11336,10388,1518
11337,11326,1140
11338,11337,733
11339,11334,505
11340,11338,5035
11341,11340,11108
11342,10949,4854
11343,11339,0
11344,11111,852
11345,11089,10805
11346,11343,11118
11347,11346,10780
11348,11341,2756
11349,5084,4782
11350,2444,516
11351,10767,2351
11352,11097,1773
11353,11126,756
11354,11024,3760
11355,11348,11115
11356,11315,10893
11357,2843,2666
11358,2592,1866
11359,11171,10611
11360,10686,3796
11361,11355,1027
11362,11347,2732
11363,11062,5784
11364,11229,1573
11365,11362,861
11366,5530,1565
11367,11298,11221
11368,11365,10407
11369,11368,5371
11370,11356,10592
11371,1103,661
11372,5458,3425
11373,10649,10519
11374,11361,11327
11375,11367,10724
11376,10406,10360
11377,11333,11246
11378,11353,11277
11379,3214,3066
11380,11142,3640
11381,11369,4303
11382,11335,11151
11383,10990,1858
11384,11381,11331
11385,11374,5505
11386,11385,2362
11387,4575,847
11388,1869,1635
11389,4861,1845
11390,11122,947
11391,11210,10854
11392,11272,11051
11393,11386,612
11394,11393,543
11395,11384,11324
11396,11370,2415
11397,10748,10197
11398,5038,821
11399,11394,5183
11400,11292,2137
11401,5726,950
11402,11395,11261
11403,577,507
11404,11402,11226
11405,11134,3111
11406,11052,10398
11407,5694,376
11408,2876,1480
11409,10704,10405
11410,11404,644
11411,11399,11157
11412,11411,2058
11413,10912,2356
11414,11284,11253
11415,11267,11011
11416,2998,2607
11417,11281,2694
11418,11412,11101
11419,11209,11204
11420,11396,5394
11421,11379,10788
11422,11418,11319
11423,11410,5897
11424,11423,1754
11425,11400,11103
11426,4946,3724
11427,11424,770
11428,11203,2934
11429,11427,4787
11430,11429,11144
11431,11178,4758
11432,11430,10945
11433,11422,10499
11434,11274,2315
11435,11390,10935
11436,10929,2718
11437,2815,2518
11438,11420,5483
11439,11165,1438
11440,11107,1809
11441,11438,11074
11442,11432,11364
11443,11414,10552
11444,10970,10355
11445,10537,3174
11446,11434,566
11447,11442,11307
11448,11447,3568
11449,11433,1070
11450,11239,1944
11451,11299,5003
11452,11383,2670
11453,11351,4234
11454,11082,4962
11455,11359,986
11456,11225,10944
11457,11160,5409
11458,11448,11283
11459,11458,11232
11460,11317,9713
11461,5293,450
11462,11132,10867
11463,11462,3163
11464,11342,654
11465,11449,11392
11466,11459,4884
11467,11200,60
11468,11455,1961
11469,11466,3566
11470,11363,11271
11471,11219,5040
11472,11469,787
11473,11472,3252
11474,3935,550
11475,11213,4129
11476,11425,11257
11477,11476,11465
11478,11202,10081
11479,11215,10594
11480,11179,2180
11481,11473,11145
11482,11481,11377
11483,11408,11110
11484,11376,11262
11485,11484,5781
11486,3497,1813
11487,11297,18
11488,11398,3838
11489,10774,3720
11490,11477,1696
11491,11490,11286
11492,1888,525
11493,11491,833
11494,11463,11332
11495,2898,2722
11496,11482,1179
11497,11441,4975
11498,11496,632
11499,11397,2922
11500,11498,2284
11501,11500,11451
11502,11121,10947
11503,11493,11100
11504,11109,2944
11505,11497,3955
11506,3468,1256
11507,11503,1574
11508,5430,3614
11509,11501,555
11510,4719,2749
11511,11453,10750
11512,11345,788
11513,11507,11301
11514,11513,1764
11515,11421,11373
11516,11055,797
11517,11321,11211
11518,11354,10954
11519,11509,3357
11520,11222,3119
11521,11514,11378
11522,11275,5460
11523,2059,502
11524,11446,11366
11525,11095,11041
11526,2818,1652
11527,11278,5393
11528,11163,2758
11529,11155,11079
11530,11061,3353
11531,11059,1705
11532,11405,11071
11533,10968,5119
11534,11519,1288
11535,11534,11470
11536,11535,11407
11537,11238,10967
11538,11336,11143
11539,1946,1487
11540,11279,3321
11541,11285,5928
11542,4306,2596
11543,11494,726
11544,11310,2516
11545,11415,10738
11546,11536,11316
11547,5258,3731
11548,11546,11511
11549,11548,11413
11550,4847,978
11551,11505,4834
11552,11068,2702
11553,11551,3099
11554,11544,11518
11555,11524,5842
11556,11555,11468
11557,11060,2985
11558,11549,2077
11559,11558,1115
11560,11559,11521
11561,11486,154
11562,11417,11040
11563,3783,980
11564,11556,11419
11565,4156,665
11566,11460,2613
11567,11375,2879
11568,11403,11177
11569,1213,1158
11570,11499,2191
11571,3474,3025
11572,11391,9272
11573,10569,3828
11574,11305,628
11575,11436,2204
11576,11169,4638
11577,11554,11065
11578,10895,2363
11579,11456,11276
11580,10680,4594
11581,11358,11289
11582,11043,3782
11583,3598,239
11584,11443,11325
11585,11575,11237
11586,11502,10957
11587,11564,11560
11588,11587,11584
11589,2930,1522
11590,11344,3759
11591,4729,2504
11592,11550,11176
11593,11504,11382
11594,2640,247
11595,5967,4937
11596,11437,3179
11597,11464,11444
11598,11516,11105
11599,5940,3655
11600,11567,11553
11601,11543,9768
11602,10581,3361
11603,11588,11471
11604,11565,11357
11605,11123,1377
11606,4614,2806
11607,11603,3586
11608,5916,2163
11609,11452,782
11610,11577,2890
11611,11467,4663
11612,11282,4547
11613,11612,10106
11614,11613,10675
11615,11557,11435
11616,11483,4647
11617,11475,11260
11618,11517,4926
11619,11618,121
11620,11607,3718
11621,11306,8806
11622,11350,2852
11623,11576,4530
11624,11563,308
11625,11450,11293
11626,11620,11574
11627,11461,11303
11628,11371,10358
11629,4731,589
11630,11439,2699
11631,953,321
11632,11626,11609
11633,11632,584
11634,991,592
11635,11580,9894
11636,11532,5169
11637,11633,11387
11638,11637,941
11639,3659,2991
11640,4905,3779
11641,11360,954
11642,11569,11528
11643,11638,4544
11644,11479,2923
11645,11531,5655
11646,10783,578
11647,11629,11566
11648,11581,11561
11649,5788,4003
11650,11600,11512
11651,4829,1464
11652,11615,2936
11653,11643,690
11654,11653,11596
11655,11480,5613
11656,11621,11547
11657,11654,11540
11658,11593,11099
11659,11658,1229
11660,11063,3999
11661,11388,3597
11662,11657,2488
11663,11662,11537
11664,11515,2681
11665,11625,11538
11666,11542,1511
11667,2606,938
11668,2789,2214
11669,11630,11597
11670,11440,2142
11671,11663,11401
11672,11636,10517
11673,11652,2780
11674,11659,11389
11675,11572,11570
11676,11409,864
11677,11671,5284
11678,11677,11604
11679,11489,3562
11680,11678,11273
11681,11602,11520
11682,11680,4507
11683,11485,11233
11684,11627,11610
11685,11457,5218
11686,11650,11533
11687,11318,718
11688,11634,11258
11689,11674,11586
11690,11675,962
11691,11644,11601
11692,11579,1735
11693,11682,11474
11694,11693,2126
11695,11694,2044
11696,11695,5158
11697,11696,1698
11698,11591,2823
11699,2144,1222
11700,11669,11545
11701,11683,11592
11702,11523,11445
11703,11691,5260
11704,3994,677
11705,11454,4607
11706,11611,7658
11707,11697,11562
11708,11707,11664
11709,11428,2942
11710,4659,563
11711,10953,10618
11712,11708,11431
11713,11656,2032
11714,11686,11406
11715,11712,3963
11716,11715,11605
11717,2888,2709
11718,11713,11119
11719,11716,5173
11720,11614,10928
11721,11647,11590
11722,11719,386
11723,11598,3862
11724,11578,11530
11725,11689,11684
11726,11714,11492
11727,11722,11488
11728,11727,11673
11729,11582,728
11730,11728,1607
11731,11692,11616
11732,11526,3652
11733,870,44
11734,11648,11631
11735,11720,4996
11736,11585,11529
11737,3125,973
11738,4904,2566
11739,11730,2321
11740,379,277
11741,11726,5857
11742,11741,11608
11743,2541,22
11744,11739,11236
11745,11700,11522
11746,11291,5546
11747,11595,11349
11748,11495,5082
11749,11135,1678
11750,11711,4811
11751,11606,4558
11752,11687,11583
11753,11672,71
11754,11731,11510
11755,5896,132
11756,11734,11666
11757,11628,11426
11758,11655,1302
11759,11744,11619
11760,11759,3810
11761,11742,4321
11762,10855,1969
11763,3794,3067
11764,11676,11270
11765,11487,3942
11766,11721,11701
11767,11737,11736
11768,11645,11623
11769,9925,3070
11770,11768,11760
11771,11705,4625
11772,11735,11688
11773,11770,11699
11774,11773,5275
11775,11774,11704
11776,11775,858
11777,11776,11758
11778,11777,11320
11779,11778,5114
11780,11280,11195
11781,11508,4678
11782,11779,11622
11783,11725,11668
11784,11782,11732
11785,11784,11723
11786,4870,785
11787,3196,1842
11788,2061,1830
11789,11785,11754
11790,11706,2231
11791,11752,871
11792,11765,8872
11793,11789,5018
11794,11772,11263
11795,11793,11506
11796,11795,11667
11797,11796,11710
11798,11690,11660
11799,11797,3542
11800,11685,5612
11801,11703,2628
11802,11766,11761
11803,11799,11639
11804,11617,11016
11805,11724,11718
11806,10753,3180
11807,11767,11670
11808,11764,5541
11809,4277,1389
11810,11803,11751
11811,11810,668
11812,11635,1123
11813,11811,3654
11814,11798,1898
11815,11748,11709
11816,11801,11525
11817,11813,11640
11818,11817,1455
11819,11702,11352
11820,11818,11745
11821,1296,1023
11822,11814,2017
11823,11372,2819
11824,11820,4789
11825,11819,11756
11826,11824,11594
11827,3937,267
11828,11826,11733
11829,11828,11783
11830,11749,11539
11831,11599,11568
11832,11829,11821
11833,11832,2800
11834,5372,2909
11835,11746,1236
11836,5464,2989
11837,11833,5041
11838,11837,3548
11839,11800,11757
11840,11781,2841
11841,3141,2905
11842,11802,11661
11843,11842,11763
11844,11838,11812
11845,11844,2706
11846,11845,11835
11847,11843,3765
11848,11847,11804
11849,11790,5366
11850,5969,1060
11851,11815,11642
11852,11846,402
11853,11852,3692
11854,11853,5477
11855,4323,1906
11856,11854,11304
11857,11649,4402
11858,11807,11571
11859,11858,11641
11860,11825,11816
11861,11856,11791
11862,11665,2906
11863,11861,11717
11864,11863,1542
11865,11747,4090
11866,5595,4155
11867,11864,3780
11868,11848,11541
11869,11738,4651
11870,11867,64
11871,11870,11830
11872,11871,596
11873,11872,11827
11874,11552,917
11875,5968,3323
11876,11873,11839
11877,11876,11808
11878,11788,4601
11879,3511,2587
11880,11877,513
11881,11880,11750
11882,11527,5904
11883,11840,4785
11884,11874,11868
11885,11884,11771
11886,11885,5721
11887,11822,11416
11888,930,754
11889,11679,380
11890,11859,11743
11891,11805,4001
11892,11886,101
11893,11892,11753
11894,11862,2512
11895,11882,11794
11896,11881,11809
11897,11755,11698
11898,4976,4867
11899,11896,11866
11900,11899,11850
11901,2826,1436
11902,11900,11646
11903,11893,11780
11904,11902,3926
11905,11681,11651
11906,11904,11901
11907,11903,11849
11908,11906,11769
11909,4783,3191
11910,11908,11887
11911,11910,11851
11912,11911,11891
11913,11729,11589
11914,11888,11834
11915,11907,11865
11916,11898,11890
11917,11912,5244
11918,11917,11831
11919,11787,3030
11920,11915,11883
11921,11913,4427
11922,11916,3093
11923,11836,3936
11924,11624,393
11925,11918,11875
11926,11792,5801
11927,11925,11860
11928,11927,11897
11929,11928,11924
11930,11879,1519
11931,11920,11740
11932,11931,11895
11933,11929,5296
11934,11869,3897
11935,11380,156
11936,11933,3719
11937,11936,4186
11938,11937,11905
11939,11938,11894
11940,11939,1953
11941,11932,11786
11942,11940,2821
11943,11942,11930
11944,11943,11841
11945,11944,11914
11946,11926,4434
11947,11921,4683
11948,11947,11922
11949,11948,4947
11950,11945,11762
11951,5413,160
11952,11941,34
11953,11952,3538
11954,11950,2573
11955,11954,11855
11956,11857,11311
11957,11878,10640
11958,11955,2147
11959,11958,1046
11960,11959,11949
11961,11953,2111
11962,11960,11889
11963,11962,11823
11964,11963,2683
11965,11964,4840
11966,4172,3745
11967,11961,11806
11968,11956,11934
11969,11965,2626
11970,11969,5845
11971,11967,11573
11972,11970,4514
11973,11972,3502
11974,11973,5824
11975,11946,3777
11976,5377,3746
11977,11971,11968
11978,11478,534
11979,11974,11935
11980,11979,5938
11981,11980,11977
11982,11923,5881
11983,11982,3599
11984,11951,3715
11985,11981,4388
11986,11985,11909
11987,11986,11975
11988,11987,11957
11989,11988,11983
11990,11984,11919
11991,11989,3894
11992,11991,11978
11993,11992,11976
11994,11993,11990
11995,11966,651
11996,11995,11994
11997,11996,3010
11998,11997,5941
