2000,1598,1013
2001,1242,433
2002,1281,33
2003,1315,1201
2004,1951,96
2005,1926,1857
2006,1096,390
2007,2001,1098
2008,2004,94
2009,2003,2000
2010,2007,53
2011,2002,1177
2012,409,207
2013,1219,1073
2014,2008,150
2015,2009,1357
2016,2005,41
2017,2010,2006
2018,477,117
2019,490,220
2020,389,20
2021,2013,1742
2022,1131,815
2023,2018,1084
2024,398,367
2025,1838,1544
2026,2017,215
2027,2026,77
2028,2011,1039
2029,2015,2014
2030,1567,47
2031,2021,1188
2032,2028,135
2033,2023,2019
2034,2022,1137
2035,1446,1018
2036,1649,1093
2037,1892,1154
2038,2031,1107
2039,1778,1133
2040,1220,79
2041,253,112
2042,1746,74
2043,1984,1349
2044,2029,124
2045,410,138
2046,151,86
2047,2025,1347
2048,285,75
2049,401,368
2050,2034,714
2051,1834,251
2052,1747,43
2053,2032,2016
2054,2044,204
2055,2050,2027
2056,1489,1478
2057,2054,1881
2058,1968,1777
2059,1481,353
2060,1150,1052
2061,2024,72
2062,2055,1195
2063,2035,1321
2064,2053,1676
2065,449,152
2066,1566,1265
2067,2043,2039
2068,237,89
2069,2012,1536
2070,231,107
2071,1734,1657
2072,2036,1840
2073,1661,501
2074,62,12
2075,2030,1675
2076,2040,1647
2077,453,261
2078,1275,1082
2079,2047,2038
2080,1513,880
2081,2049,392
2082,1825,1631
2083,2057,1425
2084,1051,465
2085,2033,170
2086,281,246
2087,1890,1523
2088,2045,354
2089,1342,963
2090,1772,1589
2091,2062,1423
2092,257,59
2093,2064,1504
2094,2056,1815
2095,1334,1272
2096,1433,357
2097,2037,742
2098,1424,413
2099,146,37
2100,2074,171
2101,2081,119
2102,2093,762
2103,2090,2083
2104,2102,901
2105,1959,168
2106,2091,1497
2107,429,403
2108,2094,2068
2109,1577,1035
2110,2073,722
2111,1979,73
2112,1928,115
2113,2097,2085
2114,1180,527
2115,1292,343
2116,2051,1430
2117,1283,1020
2118,2104,1400
2119,2103,2071
2120,2100,1329
2121,440,218
2122,371,243
2123,2110,2060
2124,1068,793
2125,2061,2020
2126,2088,2069
2127,1835,1605
2128,1924,1126
2129,2118,2072
2130,2080,1087
2131,2052,1821
2132,2095,1311
2133,1457,1132
2134,2111,2106
2135,2117,1708
2136,260,255
2137,1758,97
2138,2113,658
2139,2042,1338
2140,2079,2076
2141,2119,103
2142,2089,1814
2143,2123,2082
2144,1877,1320
2145,1193,1006
2146,1886,259
2147,2078,1141
2148,2138,987
2149,2121,2115
2150,1692,1537
2151,2129,1037
2152,2087,1266
2153,200,167
2154,1967,1856
2155,2134,2108
2156,1299,1282
2157,1757,460
2158,2107,2092
2159,2151,2112
2160,2139,1239
2161,2142,508
2162,1994,1615
2163,2058,1868
2164,2148,1991
2165,2075,2067
2166,2141,1306
2167,2086,442
2168,1125,626
2169,2166,1498
2170,219,15
2171,2063,1463
2172,439,108
2173,291,4
2174,2155,1737
2175,2159,1337
2176,2127,339
2177,2169,2150
2178,2120,310
2179,2149,2114
2180,1603,1548
2181,2130,1503
2182,1375,298
2183,1415,1251
2184,2122,270
2185,655,184
2186,2174,1114
2187,2140,1230
2188,2158,423
2189,2152,1885
2190,2177,1883
2191,2164,2046
2192,2175,344
2193,1646,1295
2194,2132,1368
2195,2187,1308
2196,470,51
2197,2126,88
2198,2170,906
2199,2190,2096
2200,2168,2116
2201,587,118
2202,2160,1505
2203,2066,1218
2204,2192,935
2205,2186,2124
2206,2165,1941
2207,2195,1386
2208,1557,192
2209,1471,1439
2210,2208,2179
2211,2204,1398
2212,2135,2059
2213,2143,1552
2214,2144,1017
2215,292,238
2216,307,252
2217,425,337
2218,1224,1168
2219,1876,360
2220,2098,199
2221,2211,1606
2222,2128,46
2223,2199,1434
2224,498,275
2225,2131,1590
2226,2205,2048
2227,370,304
2228,1382,1367
2229,2213,2202
2230,2194,1579
2231,2191,1291
2232,2207,1914
2233,2105,1917
2234,1530,1379
2235,1613,1529
2236,2200,2154
2237,236,202
2238,2099,1601
2239,2156,1333
2240,2161,1586
2241,420,318
2242,2163,1101
2243,106,42
2244,1860,1643
2245,2184,876
2246,2223,2218
2247,2197,1156
2248,2226,1422
2249,2239,1297
2250,1710,1216
2251,495,52
2252,2215,2101
2253,1040,287
2254,179,61
2255,2229,2221
2256,2181,1041
2257,2220,1894
2258,805,635
2259,2196,2188
2260,299,186
2261,334,258
2262,2147,1417
2263,2210,2153
2264,2232,1253
2265,1560,286
2266,1787,1591
2267,2248,1186
2268,1923,1648
2269,2267,838
2270,2146,1660
2271,2249,2198
2272,2193,1651
2273,2236,2230
2274,2182,2178
2275,2256,2246
2276,2255,1187
2277,2084,278
2278,2231,137
2279,2269,916
2280,1435,1028
2281,2125,1144
2282,1127,300
2283,2275,1034
2284,1473,1083
2285,1348,350
2286,1693,400
2287,1350,17
2288,2242,1585
2289,2219,1707
2290,2228,1602
2291,1206,196
2292,2212,892
2293,2233,1450
2294,2279,2278
2295,2241,272
2296,796,739
2297,1384,229
2298,860,776
2299,2250,1761
2300,2276,2273
2301,2225,2173
2302,2137,312
2303,2264,2245
2304,2171,2133
2305,2290,1164
2306,2070,2065
2307,2183,1370
2308,2283,778
2309,2206,1304
2310,2189,1429
2311,1913,1645
2312,2167,415
2313,2145,1091
2314,2266,1257
2315,2176,2109
2316,473,189
2317,879,28
2318,1274,1067
2319,545,500
2320,1376,923
2321,2298,2234
2322,1204,296
2323,2308,2262
2324,1095,476
2325,1919,1826
2326,2303,2222
2327,279,129
2328,984,70
2329,2041,143
2330,2077,223
2331,2209,1076
2332,2247,122
2333,1925,1810
2334,1079,610
2335,2172,6
2336,497,469
2337,1739,1580
2338,2271,1965
2339,1827,314
2340,407,317
2341,2281,263
2342,2294,1214
2343,1551,1002
2344,2162,1108
2345,2323,2270
2346,2305,2263
2347,2310,784
2348,1904,1393
2349,979,9
2350,2342,1390
2351,2261,346
2352,2299,2157
2353,1870,1562
2354,1543,416
2355,2300,2292
2356,2240,1111
2357,2272,2180
2358,397,104
2359,1237,765
2360,2214,1104
2361,491,313
2362,2338,1044
2363,2347,2288
2364,2302,91
2365,2295,161
2366,2350,1345
2367,2277,395
2368,1729,191
2369,1402,365
2370,1681,175
2371,249,210
2372,1572,424
2373,2216,280
2374,2314,2311
2375,1510,629
2376,2345,662
2377,2356,2257
2378,149,10
2379,2265,1211
2380,1614,1269
2381,1619,1516
2382,2309,975
2383,2244,915
2384,2253,493
2385,2376,2307
2386,2366,789
2387,2346,2282
2388,316,306
2389,1279,1085
2390,2355,2348
2391,2252,273
2392,2312,639
2393,2334,2326
2394,1976,1395
2395,972,736
2396,1686,363
2397,2260,351
2398,2385,1859
2399,2315,1507
2400,2332,412
2401,2317,1062
2402,2386,2328
2403,2301,1532
2404,2393,933
2405,2235,1167
2406,1247,790
2407,2398,1322
2408,2400,2390
2409,1394,434
2410,2387,2362
2411,1359,843
2412,2217,133
2413,2402,2274
2414,2344,1029
2415,1795,1358
2416,1748,1674
2417,1437,1210
2418,2203,1075
2419,2324,872
2420,2322,1319
2421,452,254
2422,2407,2353
2423,2403,2363
2424,2351,2254
2425,185,67
2426,2304,1312
2427,2238,1466
2428,2368,1839
2429,2422,1666
2430,2349,2289
2431,2340,438
2432,2389,1932
2433,2429,2419
2434,2404,1441
2435,2420,1768
2436,2293,949
2437,176,31
2438,1209,68
2439,2296,541
2440,2259,1032
2441,274,205
2442,1811,496
2443,2413,2379
2444,2377,1117
2445,457,56
2446,2373,256
2447,134,81
2448,1408,529
2449,1033,862
2450,2401,791
2451,1372,1353
2452,2433,1022
2453,2434,1611
2454,2436,358
2455,2408,2321
2456,2375,849
2457,2359,2331
2458,2313,750
2459,2443,517
2460,2399,686
2461,2319,712
2462,2450,940
2463,1410,1340
2464,1622,1456
2465,2280,1285
2466,2341,109
2467,2360,1129
2468,2432,2374
2469,1327,694
2470,1824,1803
2471,2423,194
2472,2396,2392
2473,2460,2201
2474,2286,1313
2475,2455,1217
2476,2452,1122
2477,2462,2459
2478,2405,1445
2479,426,187
2480,1691,1452
2481,2440,2320
2482,178,84
2483,2406,781
2484,2327,1549
2485,2391,232
2486,1697,1324
2487,2431,266
2488,2354,1502
2489,2333,283
2490,481,87
2491,451,130
2492,504,319
2493,2439,579
2494,2430,1927
2495,2453,2284
2496,2444,2394
2497,2476,2418
2498,1973,1119
2499,468,111
2500,1820,435
2501,2467,1677
2502,2475,1818
2503,2285,1181
2504,2409,475
2505,2494,1950
2506,2382,13
2507,1170,572
2508,2426,1009
2509,2337,1351
2510,2477,540
2511,2502,1184
2512,2251,63
2513,1863,1030
2514,1952,1625
2515,2478,2384
2516,2497,2361
2517,1916,1116
2518,2427,1323
2519,2372,2365
2520,2511,2383
2521,944,800
2522,2352,1714
2523,2493,2473
2524,2456,710
2525,1280,1149
2526,2516,1704
2527,2520,2370
2528,480,233
2529,2485,1655
2530,2243,341
2531,2227,1776
2532,2495,2357
2533,2447,203
2534,2316,333
2535,2481,1113
2536,2395,1414
2537,2466,2297
2538,1833,993
2539,2381,1365
2540,2527,746
2541,2471,659
2542,1749,411
2543,467,322
2544,2378,348
2545,2454,1521
2546,2449,2410
2547,2480,2415
2548,1819,772
2549,2329,1
2550,2532,803
2551,1175,1094
2552,2510,2435
2553,2515,2417
2554,2451,2367
2555,2472,148
2556,461,406
2557,2526,1461
2558,1709,1599
2559,717,528
2560,2457,705
2561,2552,1396
2562,2496,419
2563,2557,2541
2564,1361,1238
2565,1903,1571
2566,2518,1451
2567,1515,383
2568,2524,1784
2569,2540,846
2570,2224,24
2571,2464,2428
2572,2508,1159
2573,2569,2546
2574,387,144
2575,1243,995
2576,2325,2136
2577,2364,1134
2578,2561,2424
2579,2512,418
2580,1642,1624
2581,2484,1346
2582,1388,157
2583,1638,602
2584,1011,268
2585,1409,565
2586,2458,902
2587,604,436
2588,909,444
2589,2568,1061
2590,2573,2505
2591,1109,586
2592,2550,2461
2593,2554,2358
2594,1679,524
2595,2469,751
2596,1354,190
2597,2535,2185
2598,2339,1942
2599,2578,2553
2600,1831,1616
2601,2539,2501
2602,1980,1454
2603,1721,1183
2604,1780,1563
2605,1008,58
2606,2468,2318
2607,2414,1069
2608,2523,1016
2609,2590,2335
2610,2562,2504
2611,1569,1194
2612,2522,1740
2613,2537,1936
2614,2592,1626
2615,2503,1852
2616,2563,2488
2617,990,606
2618,2421,361
2619,2572,325
2620,2438,1064
2621,165,30
2622,1191,588
2623,2589,2474
2624,2599,1050
2625,2616,904
2626,1594,836
2627,1066,166
2628,1983,1250
2629,982,741
2630,1484,441
2631,1878,716
2632,2397,139
2633,2483,865
2634,1670,1561
2635,2624,2617
2636,2506,598
2637,2609,1263
2638,2268,1244
2639,347,327
2640,2507,928
2641,2637,2608
2642,1665,1215
2643,2560,38
2644,1493,1189
2645,2517,2369
2646,1986,929
2647,1472,1136
2648,2635,874
2649,1535,1014
2650,2625,2566
2651,2620,1403
2652,2597,2521
2653,1897,1527
2654,2595,1862
2655,2636,2545
2656,2529,2487
2657,2559,1391
2658,2614,2596
2659,2641,1426
2660,1641,672
2661,2463,510
2662,297,201
2663,2258,1832
2664,2610,1146
2665,2650,856
2666,2619,924
2667,1568,1499
2668,2564,622
2669,2587,748
2670,2536,1634
2671,2558,1221
2672,1850,331
2673,2291,1197
2674,2343,691
2675,2482,499
2676,1431,701
2677,2665,1793
2678,2565,248
2679,2499,211
2680,2448,1872
2681,2648,1305
2682,2677,562
2683,2659,2571
2684,2446,2442
2685,1058,848
2686,2643,743
2687,2519,454
2688,1362,692
2689,2577,2531
2690,2681,1694
2691,2612,2416
2692,1559,1371
2693,2683,2588
2694,2658,1701
2695,2486,878
2696,2598,1934
2697,2586,503
2698,2425,1700
2699,1690,1267
2700,2530,147
2701,2682,1945
2702,2701,734
2703,2694,1716
2704,2538,2287
2705,2513,601
2706,1639,1155
2707,2606,1072
2708,2702,740
2709,2654,2555
2710,2693,936
2711,2710,1786
2712,1957,1459
2713,2465,1508
2714,685,214
2715,2600,1891
2716,446,408
2717,2544,422
2718,2664,1470
2719,2711,1995
2720,2547,1592
2721,2709,332
2722,2708,2582
2723,2703,605
2724,2719,2661
2725,1628,1151
2726,1972,576
2727,1783,1442
2728,2724,553
2729,988,977
2730,2549,193
2731,2660,1492
2732,2690,2686
2733,2722,1706
2734,2594,25
2735,2628,1128
2736,2728,669
2737,1120,593
2738,2633,234
2739,2733,2581
2740,2626,2380
2741,2718,2585
2742,2509,657
2743,2498,428
2744,2723,624
2745,2336,2306
2746,1609,1558
2747,2548,866
2748,2652,802
2749,1142,837
2750,2739,2330
2751,2736,761
2752,2514,719
2753,2656,2479
2754,1741,824
2755,1316,1160
2756,2411,1908
2757,2670,983
2758,2657,859
2759,1545,1166
2760,2492,303
2761,2720,2687
2762,2666,269
2763,342,80
2764,729,656
2765,966,698
2766,1494,1317
2767,2601,1325
2768,2748,1669
2769,2750,1152
2770,1233,745
2771,2707,2371
2772,1596,32
2773,2655,78
2774,2645,1024
2775,2769,2642
2776,2732,2605
2777,2741,2669
2778,2613,212
2779,2668,2623
2780,2692,459
2781,373,177
2782,1226,850
2783,1004,145
2784,2775,1901
2785,2679,1314
2786,1841,1658
2787,2528,225
2788,2543,430
2789,2751,715
2790,2784,1963
2791,2744,2651
2792,464,54
2793,2534,382
2794,2691,2653
2795,2713,1796
2796,2441,335
2797,2790,2731
2798,2776,2644
2799,1774,594
2800,2695,532
2801,2789,2771
2802,2768,1021
2803,2777,2489
2804,2798,2542
2805,2761,2738
2806,2779,2752
2807,1889,1468
2808,2797,808
2809,2801,1966
2810,471,448
2811,2804,2629
2812,2556,164
2813,1407,1192
2814,2753,240
2815,2649,2575
2816,2808,814
2817,1939,650
2818,1460,1309
2819,1672,93
2820,2525,1420
2821,2721,913
2822,2607,1600
2823,2754,1790
2824,2791,825
2825,2671,443
2826,2729,1766
2827,2767,2646
2828,2717,66
2829,2809,2551
2830,1182,1047
2831,2697,2680
2832,1449,381
2833,2640,1800
2834,2734,2615
2835,2773,2757
2836,2712,2603
2837,2816,2799
2838,1453,197
2839,2824,1328
2840,1854,1145
2841,2829,1964
2842,2678,1804
2843,1823,1118
2844,2839,2837
2845,1428,1097
2846,777,55
2847,1982,1185
2848,2632,2491
2849,2803,2755
2850,2821,957
2851,2689,2533
2852,2841,2826
2853,955,567
2854,336,213
2855,2746,2727
2856,1779,114
2857,1048,217
2858,2802,1785
2859,559,558
2860,614,547
2861,1581,92
2862,2819,1788
2863,1993,1234
2864,1576,896
2865,1989,888
2866,2780,1671
2867,2835,2567
2868,2852,1496
2869,1588,208
2870,2847,2742
2871,2630,2583
2872,2762,377
2873,1196,943
2874,2833,1582
2875,2631,571
2876,2811,523
2877,2876,2704
2878,2794,2699
2879,2705,546
2880,2868,2858
2881,2850,2814
2882,2576,2
2883,2715,1745
2884,1907,1789
2885,2673,2570
2886,2602,1287
2887,768,328
2888,224,140
2889,2758,877
2890,2700,126
2891,2880,2831
2892,2611,2593
2893,1743,1715
2894,2805,1752
2895,2786,1636
2896,142,29
2897,2825,2698
2898,2500,1488
2899,2842,2756
2900,1352,599
2901,1668,1427
2902,427,345
2903,2772,1938
2904,2891,2889
2905,2844,812
2906,1019,539
2907,2877,136
2908,2849,985
2909,2237,169
2910,2696,1627
2911,2818,99
2912,2806,2770
2913,1258,506
2914,492,110
2915,2905,2807
2916,2817,544
2917,2827,1174
2918,2878,1038
2919,2634,180
2920,1163,927
2921,1684,548
2922,1369,352
2923,2854,1656
2924,2684,2618
2925,2908,2866
2926,2685,758
2927,2861,2676
2928,2872,822
2929,2774,1575
2930,2904,1363
2931,2912,2870
2932,141,102
2933,2813,1078
2934,958,302
2935,2930,1816
2936,2907,2714
2937,2935,2879
2938,2937,839
2939,2836,2730
2940,1685,1298
2941,2843,764
2942,1620,7
2943,2881,1654
2944,1875,85
2945,2674,2470
2946,1474,16
2947,2785,1232
2948,2584,1909
2949,2894,1310
2950,123,23
2951,2936,2846
2952,2918,2688
2953,2938,1477
2954,2743,155
2955,1808,1476
2956,305,162
2957,2862,2782
2958,1817,1623
2959,2823,2747
2960,1360,886
2961,1479,538
2962,2815,1802
2963,2778,1864
2964,2953,1546
2965,2928,1722
2966,2765,1540
2967,2917,1005
2968,2726,795
2969,1147,1065
2970,2800,942
2971,2445,952
2972,2921,2875
2973,2915,2874
2974,2964,1007
2975,2834,1054
2976,432,21
2977,2951,831
2978,2977,2579
2979,2591,640
2980,2974,1161
2981,2737,898
2982,2926,209
2983,1326,554
2984,2916,542
2985,2980,590
2986,2973,2627
2987,1711,1071
2988,1241,1088
2989,2925,918
2990,2986,735
2991,2985,2845
2992,479,195
2993,1587,1199
2994,2886,970
2995,2787,2662
2996,2978,1385
2997,2962,2820
2998,549,518
2999,2990,2899
3000,920,700
3001,2991,1667
3002,2856,1805
3003,992,680
3004,1570,900
3005,2967,2725
3006,2647,1974
3007,2740,1855
3008,3001,1610
3009,1750,1637
3010,2949,2946
3011,2867,1806
3012,2795,1074
3013,2931,2865
3014,216,172
3015,1797,494
3016,1373,763
3017,2759,1525
3018,3008,1264
3019,1412,1318
3020,3018,1781
3021,2735,125
3022,293,262
3023,1556,623
3024,1759,643
3025,2929,2863
3026,1695,1682
3027,2716,2490
3028,1829,709
3029,2783,330
3030,3010,2848
3031,1207,766
3032,2970,2943
3033,2972,711
3034,3020,2903
3035,1763,934
3036,2788,2621
3037,2975,752
3038,2781,1294
3039,1130,1099
3040,3034,706
3041,2857,1055
3042,2910,1528
3043,2745,324
3044,3040,783
3045,2667,1724
3046,2989,660
3047,3007,989
3048,2999,1374
3049,2957,2706
3050,3044,3013
3051,2822,912
3052,2963,631
3053,2895,1531
3054,3048,3046
3055,2900,1564
3056,3011,2932
3057,2965,2766
3058,721,76
3059,3005,2897
3060,2942,806
3061,1421,1176
3062,2838,227
3063,2966,1341
3064,2812,49
3065,1307,667
3066,2947,1541
3067,2828,1719
3068,3050,683
3069,301,288
3070,2971,1268
3071,1331,564
3072,2672,1578
3073,326,128
3074,2892,466
3075,1999,1998
3076,2933,1411
3077,2997,873
3078,1921,1053
3079,1387,1249
3080,3025,841
3081,3031,731
3082,3068,1782
3083,2760,83
3084,3032,1844
3085,2922,1100
3086,3076,3054
3087,1026,153
3088,2994,2941
3089,2996,1278
3090,3089,3062
3091,3082,2901
3092,1702,372
3093,3056,1997
3094,1042,704
3095,3055,1595
3096,2954,396
3097,3091,1584
3098,2869,320
3099,1289,414
3100,3002,2979
3101,1775,241
3102,1200,820
3103,3097,1736
3104,3086,2955
3105,3041,2604
3106,3103,627
3107,463,113
3108,2945,1404
3109,3030,1798
3110,2851,1380
3111,3057,744
3112,3037,607
3113,1703,818
3114,2959,2855
3115,3090,775
3116,932,183
3117,1336,1190
3118,282,127
3119,3106,2871
3120,3080,759
3121,2920,1355
3122,3115,1689
3123,3119,1644
3124,3052,1760
3125,3003,3000
3126,1343,1059
3127,2939,226
3128,1539,455
3129,3104,842
3130,2914,474
3131,3122,688
3132,3123,2927
3133,3131,2896
3134,2998,994
3135,3047,3004
3136,1335,801
3137,3084,1364
3138,295,69
3139,2882,819
3140,1981,1718
3141,3026,271
3142,3129,3094
3143,2832,1500
3144,1943,1106
3145,3108,845
3146,3042,1356
3147,3093,1653
3148,1633,1012
3149,3142,3066
3150,3130,1985
3151,1756,889
3152,159,36
3153,3149,749
3154,3038,613
3155,3012,708
3156,3033,779
3157,3045,2968
3158,1971,1255
3159,3132,895
3160,3111,828
3161,3009,2948
3162,3120,2984
3163,1248,1173
3164,3159,899
3165,1225,830
3166,3051,2764
3167,3016,2913
3168,3105,1612
3169,2981,1169
3170,3133,2890
3171,3153,3095
3172,1526,925
3173,3170,851
3174,1728,1509
3175,3164,3109
3176,3006,620
3177,3171,1538
3178,3137,679
3179,3157,2982
3180,3114,3053
3181,2911,2893
3182,3177,1822
3183,3160,603
3184,3175,3029
3185,3182,804
3186,3059,702
3187,3124,1853
3188,2864,1260
3189,375,309
3190,2924,2796
3191,3178,3162
3192,3186,3028
3193,3049,39
3194,3135,581
3195,3185,3151
3196,2952,760
3197,3147,2906
3198,3067,3064
3199,2749,948
3200,355,173
3201,1440,456
3202,3184,1203
3203,3195,1884
3204,3065,619
3205,2859,673
3206,3077,2902
3207,3192,3173
3208,2983,2853
3209,3197,1300
3210,3112,887
3211,2958,2883
3212,1895,1744
3213,3203,1920
3214,3202,792
3215,2580,881
3216,2675,2412
3217,1662,482
3218,3155,3110
3219,3088,893
3220,3043,2793
3221,1231,1171
3222,3213,3179
3223,3187,3017
3224,1031,937
3225,3191,3075
3226,3081,767
3227,2944,2919
3228,3019,585
3229,3222,1547
3230,3166,3139
3231,3214,3063
3232,3231,3194
3233,3196,1080
3234,3183,1871
3235,3134,1245
3236,1405,813
3237,2888,1555
3238,1935,1485
3239,2909,250
3240,3083,2969
3241,3229,561
3242,3125,882
3243,3223,1958
3244,1912,1762
3245,3209,3141
3246,3176,3021
3247,3144,844
3248,2961,615
3249,3205,3117
3250,3180,2622
3251,1448,1235
3252,3232,730
3253,2940,1733
3254,3241,3167
3255,3234,670
3256,3207,969
3257,3252,511
3258,1261,630
3259,1765,1726
3260,3022,1618
3261,3242,1092
3262,3098,2993
3263,1514,276
3264,3254,3219
3265,1922,1520
3266,2840,526
3267,2898,8
3268,3264,3078
3269,3240,1640
3270,3256,3227
3271,1003,649
3272,3036,2792
3273,3261,3188
3274,3257,520
3275,3268,857
3276,3274,3235
3277,3243,1880
3278,3146,3101
3279,1996,678
3280,3275,3225
3281,3276,3255
3282,3218,1847
3283,1344,90
3284,2663,399
3285,3245,1227
3286,1621,707
3287,3023,723
3288,3096,364
3289,3201,1240
3290,3145,724
3291,3210,2960
3292,3281,1899
3293,3292,2995
3294,3085,1271
3295,3100,608
3296,3285,799
3297,3070,1738
3298,3181,3140
3299,3277,1482
3300,2810,1918
3301,3233,3039
3302,3169,431
3303,3293,829
3304,1001,514
3305,3074,188
3306,3303,3071
3307,3290,646
3308,3206,3143
3309,3306,905
3310,405,338
3311,3309,3226
3312,3270,1597
3313,3311,1727
3314,3092,1723
3315,2638,1121
3316,3035,2887
3317,3299,45
3318,3313,894
3319,3298,699
3320,1475,222
3321,3280,926
3322,3113,1512
3323,3168,3161
3324,3296,637
3325,3156,747
3326,2885,757
3327,3230,595
3328,3014,3
3329,1339,40
3330,1077,228
3331,3215,1178
3332,3312,1975
3333,3220,3027
3334,3253,1124
3335,3058,981
3336,3102,867
3337,1593,1205
3338,3272,19
3339,1699,965
3340,3291,960
3341,3321,3319
3342,3249,671
3343,356,35
3344,2987,1731
3345,3318,3308
3346,340,181
3347,3267,105
3348,3324,3295
3349,3340,3282
3350,1879,374
3351,3326,868
3352,3199,1929
3353,3258,3061
3354,1807,703
3355,3302,3246
3356,1978,1153
3357,3341,1469
3358,3332,2437
3359,3087,485
3360,3297,552
3361,3358,3204
3362,3294,3250
3363,3211,264
3364,3345,875
3365,1902,5
3366,3325,737
3367,3239,484
3368,3278,3127
3369,2830,648
3370,3357,634
3371,3342,773
3372,3307,914
3373,3364,1490
3374,3273,618
3375,3370,3339
3376,3373,531
3377,2639,27
3378,472,206
3379,1049,1015
3380,3376,557
3381,1688,907
3382,3165,617
3383,3375,3304
3384,3024,1664
3385,3383,1770
3386,3380,3361
3387,3323,1801
3388,1882,797
3389,3385,551
3390,1866,1284
3391,3174,1270
3392,3128,1045
3393,3389,769
3394,3393,974
3395,3212,1849
3396,3327,2873
3397,3224,1680
3398,3394,3336
3399,483,26
3400,1043,515
3401,3301,1629
3402,3158,1303
3403,1955,1381
3404,3269,3189
3405,1110,664
3406,3148,945
3407,3154,384
3408,537,536
3409,863,675
3410,3401,3398
3411,1491,1486
3412,311,244
3413,3305,95
3414,3315,939
3415,3079,1148
3416,120,100
3417,3198,265
3418,3015,684
3419,3107,855
3420,2574,329
3421,3381,1081
3422,3354,3348
3423,3236,1915
3424,3221,1673
3425,3338,1843
3426,3193,1112
3427,3072,1988
3428,3300,1458
3429,1277,645
3430,3408,580
3431,488,198
3432,3410,1960
3433,3372,3259
3434,3217,1874
3435,3396,3163
3436,3432,3317
3437,3284,378
3438,3060,999
3439,3386,3360
3440,3121,922
3441,391,323
3442,3404,3387
3443,3362,1896
3444,771,284
3445,3238,1799
3446,3436,3262
3447,3248,3116
3448,2934,921
3449,3369,885
3450,1089,1000
3451,861,522
3452,3347,447
3453,2860,1254
3454,3349,3172
3455,1501,445
3456,3366,3266
3457,3446,810
3458,3448,666
3459,3439,908
3460,3407,2976
3461,3350,1663
3462,3337,3283
3463,3363,1962
3464,3433,3260
3465,3271,1139
3466,3378,230
3467,3344,3228
3468,3247,1905
3469,3457,163
3470,3414,3371
3471,3328,366
3472,3469,533
3473,1977,1392
3474,3438,1956
3475,3443,1873
3476,3459,1135
3477,3237,1725
3478,3472,1057
3479,1836,1483
3480,3152,2992
3481,3476,809
3482,3351,1506
3483,3478,3374
3484,3422,1900
3485,3136,1273
3486,3481,3286
3487,1010,638
3488,3486,3421
3489,919,315
3490,3287,3263
3491,689,131
3492,3314,1332
3493,3320,3073
3494,3483,1138
3495,3494,713
3496,3495,3334
3497,1583,1063
3498,976,727
3499,3265,3190
3500,3405,720
3501,3288,1933
3502,1771,1687
3503,3496,1861
3504,3316,1554
3505,3426,573
3506,3475,3470
3507,3503,1650
3508,3507,931
3509,3488,478
3510,3509,509
3511,3508,3445
3512,971,823
3513,3510,786
3514,1987,853
3515,3511,1259
3516,3413,3400
3517,3460,3454
3518,2923,653
3519,3399,3069
3520,3513,3379
3521,3456,1228
3522,3515,3468
3523,3355,3289
3524,3522,780
3525,3417,2884
3526,3520,951
3527,3484,964
3528,903,891
3529,3435,625
3530,3526,521
3531,3415,3208
3532,3368,652
3533,3524,1712
3534,3530,3447
3535,3533,3428
3536,359,235
3537,3534,3397
3538,3279,1767
3539,3099,967
3540,3384,1970
3541,3499,3150
3542,959,956
3543,3452,1056
3544,3367,1848
3545,3527,1419
3546,816,174
3547,3458,3359
3548,3449,597
3549,3537,642
3550,3535,1517
3551,3550,3519
3552,3531,1397
3553,3505,1465
3554,3501,3406
3555,3551,3442
3556,1887,1846
3557,3549,535
3558,794,487
3559,3464,1713
3560,1432,560
3561,221,82
3562,3331,1812
3563,3506,3430
3564,3352,1954
3565,3557,884
3566,1208,681
3567,3523,3497
3568,3565,591
3569,1495,1301
3570,3465,3418
3571,3545,3529
3572,3543,3518
3573,1162,574
3574,3555,1632
3575,3521,2956
3576,3563,3559
3577,3461,116
3578,3532,3419
3579,3411,946
3580,3547,376
3581,1751,798
3582,1550,811
3583,3548,3517
3584,3391,674
3585,3516,3492
3586,3568,3420
3587,3586,3578
3588,3574,3450
3589,3588,3490
3590,3437,1851
3591,3322,911
3592,3553,3335
3593,3566,3482
3594,3382,417
3595,3589,854
3596,3595,3500
3597,3571,1416
3598,3596,1157
3599,3329,1444
3600,3440,3346
3601,3455,242
3602,3525,3138
3603,182,11
3604,3489,1753
3605,2763,385
3606,3463,3216
3607,3504,3356
3608,3598,696
3609,1630,362
3610,3592,3567
3611,3587,3424
3612,3467,1732
3613,3477,1198
3614,3608,641
3615,3554,1659
3616,3395,1948
3617,1717,1524
3618,3614,3562
3619,3611,693
3620,1931,826
3621,1865,1102
3622,486,379
3623,1683,890
3624,3618,3538
3625,1212,633
3626,3619,697
3627,3624,3576
3628,3626,3542
3629,3377,158
3630,3353,98
3631,3580,1418
3632,2950,388
3633,3539,3126
3634,3556,1911
3635,3528,575
3636,3628,3593
3637,3402,725
3638,3579,1791
3639,3512,996
3640,3429,1296
3641,3425,1867
3642,3451,755
3643,3585,530
3644,3591,1930
3645,3636,3514
3646,3645,1792
3647,3627,3560
3648,3583,1401
3649,3643,519
3650,1025,14
3651,3647,3409
3652,3646,807
3653,1447,1036
3654,3651,1090
3655,3652,3584
3656,3577,57
3657,3654,3625
3658,3657,3649
3659,3655,663
3660,3606,3453
3661,3392,1286
3662,1366,1262
3663,3659,1947
3664,3663,570
3665,3498,1608
3666,3365,1893
3667,3648,3612
3668,1553,774
3669,3601,3480
3670,3664,1443
3671,1252,654
3672,3582,3474
3673,1573,1533
3674,3670,961
3675,2988,1213
3676,3674,3552
3677,3658,616
3678,1944,1276
3679,3615,3604
3680,3653,3479
3681,3677,1202
3682,3487,827
3683,3681,1837
3684,3683,3668
3685,1730,245
3686,3676,3638
3687,3485,3423
3688,3686,1604
3689,3688,583
3690,3610,1937
3691,3684,817
3692,3637,1406
3693,3689,369
3694,3620,3597
3695,3691,505
3696,3695,3644
3697,3634,1290
3698,3343,3118
3699,3693,3575
3700,3696,1910
3701,3546,869
3702,3502,726
3703,3590,569
3704,3700,3631
3705,3699,910
3706,3642,611
3707,3667,556
3708,832,568
3709,3705,3635
3710,1990,489
3711,3707,682
3712,3704,1413
3713,3694,3244
3714,3712,3697
3715,458,404
3716,3709,968
3717,3416,3310
3718,3714,3641
3719,3630,1940
3720,3716,3621
3721,3251,60
3722,3718,600
3723,3564,3493
3724,3713,834
3725,3613,3605
3726,3544,18
3727,3722,3650
3728,3727,1754
3729,3728,676
3730,3473,239
3731,3729,636
3732,512,65
3733,3731,835
3734,1223,1165
3735,3623,1652
3736,3720,1140
3737,3690,3679
3738,3736,3680
3739,3607,1794
3740,3462,1378
3741,3733,1293
3742,3741,3710
3743,3330,1105
3744,3742,1467
3745,3390,1813
3746,437,50
3747,3692,1828
3748,3744,756
3749,3672,998
3750,3711,3639
3751,3748,883
3752,3633,1246
3753,3434,3403
3754,3738,695
3755,3751,3661
3756,3701,753
3757,3388,1755
3758,3687,1172
3759,3754,3558
3760,3740,3609
3761,3617,294
3762,3725,3541
3763,3755,3747
3764,3763,3719
3765,3759,733
3766,1103,661
3767,3749,3703
3768,3750,3581
3769,1992,1143
3770,3765,582
3771,3724,0
3772,3770,543
3773,1869,1635
3774,3768,3764
3775,1229,897
3776,3772,3602
3777,1949,770
3778,3758,394
3779,3771,3708
3780,3594,1511
3781,577,507
3782,3666,3632
3783,3739,3730
3784,3776,1534
3785,3726,3561
3786,3760,3540
3787,947,687
3788,3784,1027
3789,3788,3737
3790,950,612
3791,3616,289
3792,3779,3573
3793,1720,1565
3794,1617,589
3795,3792,3774
3796,3789,1696
3797,3702,1773
3798,3723,1070
3799,3572,609
3800,3778,3427
3801,3777,986
3802,3675,1158
3803,3796,3732
3804,1858,1377
3805,3795,732
3806,3640,647
3807,3660,3333
3808,3706,1399
3809,1888,525
3810,3491,632
3811,3803,3441
3812,3798,450
3813,3805,3665
3814,3656,3431
3815,3811,349
3816,3761,840
3817,3815,833
3818,3471,3466
3819,1946,1487
3820,3767,48
3821,3817,3734
3822,3775,3752
3823,3821,1764
3824,3823,3812
3825,3813,3801
3826,3825,3600
3827,3826,644
3828,3824,321
3829,3827,787
3830,3828,1574
3831,3814,3762
3832,3793,1222
3833,3829,555
3834,973,566
3835,3790,3787
3836,1389,738
3837,3833,3820
3838,3794,3743
3839,3837,1179
3840,3780,3715
3841,3804,1961
3842,3669,121
3843,3810,621
3844,3830,677
3845,3844,1480
3846,3808,628
3847,3841,3839
3848,3847,3843
3849,3797,3791
3850,3845,3842
3851,3835,3816
3852,3850,1698
3853,3848,3832
3854,550,290
3855,3853,3673
3856,3852,665
3857,3856,1060
3858,3799,3782
3859,3721,2388
3860,3857,3569
3861,3783,785
3862,3860,3849
3863,3858,277
3864,3855,1288
3865,3862,584
3866,3865,690
3867,3864,516
3868,3867,1115
3869,3831,44
3870,3840,3717
3871,3868,941
3872,991,592
3873,3570,962
3874,3200,1123
3875,852,788
3876,3871,3806
3877,3866,1086
3878,3876,3735
3879,3877,3599
3880,3879,3851
3881,1519,980
3882,3878,1735
3883,3882,3800
3884,3757,782
3885,3769,1383
3886,3883,3846
3887,3886,847
3888,3698,421
3889,3880,3412
3890,3889,953
3891,3822,3766
3892,3861,3834
3893,3887,858
3894,3890,821
3895,3893,3869
3896,3818,3622
3897,3745,154
3898,3894,3874
3899,3898,3756
3900,3899,386
3901,3895,3884
3902,3901,3900
3903,3773,1518
3904,3836,1769
3905,3863,864
3906,3892,3786
3907,3854,1542
3908,3891,3885
3909,3870,1809
3910,3682,668
3911,3671,1438
3912,3807,3753
3913,3888,3536
3914,3902,1607
3915,954,870
3916,3802,1302
3917,3905,978
3918,3896,3746
3919,1705,156
3920,3838,3444
3921,3917,3781
3922,3875,871
3923,3873,3819
3924,3923,1898
3925,3918,3914
3926,3925,3911
3927,3603,393
3928,3909,3906
3929,3926,938
3930,3921,1845
3931,3920,578
3932,3912,101
3933,3678,1330
3934,3916,3908
3935,1455,1256
3936,3929,1023
3937,3936,3913
3938,3881,308
3939,1522,718
3940,3937,3924
3941,3940,563
3942,3941,3935
3943,3932,3872
3944,3930,3809
3945,3942,596
3946,728,22
3947,3915,1969
3948,3922,3904
3949,3934,3910
3950,3945,3907
3951,3950,502
3952,930,754
3953,3951,402
3954,3943,3685
3955,3953,1678
3956,3955,1462
3957,3956,513
3958,3957,3949
3959,3958,267
3960,3959,64
3961,3859,3785
3962,3946,3928
3963,1236,160
3964,3960,247
3965,3964,3948
3966,3962,1436
3967,3966,3965
3968,3967,3919
3969,3968,132
3970,3954,997
3971,3970,3903
3972,3969,3947
3973,1953,1464
3974,1830,71
3975,3972,3927
3976,3975,3938
3977,3971,34
3978,3944,462
3979,3978,3629
3980,3976,1906
3981,3980,3952
3982,3981,3897
3983,3977,917
3984,3982,3979
3985,3984,3973
3986,3985,3963
3987,3986,3931
3988,3933,1046
3989,3987,3662
3990,3989,3988
3991,3990,380
3992,3991,3961
3993,3983,3974
3994,3992,3939
3995,3994,534
3996,3993,1842
3997,3996,651
3998,3997,3995
