100,96,94
101,41,33
102,62,12
103,101,53
104,89,42
105,72,20
106,77,73
107,97,79
108,100,43
109,86,70
110,106,102
111,103,15
112,108,4
113,110,67
114,111,51
115,107,68
116,109,61
117,104,28
118,114,9
119,81,25
120,47,13
121,113,16
122,118,59
123,75,38
124,121,117
125,112,98
126,116,17
127,119,115
128,74,37
129,126,124
130,63,52
131,125,105
132,122,92
133,127,91
134,129,123
135,66,1
136,134,58
137,132,6
138,120,78
139,131,46
140,85,31
141,139,45
142,137,88
143,128,14
144,135,49
145,142,136
146,76,39
147,145,55
148,141,133
149,130,10
150,147,29
151,143,32
152,54,36
153,99,30
154,149,140
155,154,150
156,151,80
157,155,144
158,138,84
159,153,83
160,22,7
161,148,19
162,93,35
163,156,146
164,157,56
165,158,2
166,24,11
167,161,23
168,159,152
169,44,26
170,167,5
171,170,21
172,165,8
173,163,3
174,164,40
175,95,50
176,160,57
177,172,171
178,169,168
179,173,65
180,179,162
181,177,48
182,180,178
183,175,90
184,182,174
185,181,0
186,82,18
187,184,69
188,185,183
189,187,166
190,188,64
191,186,60
192,87,34
193,189,176
194,190,27
195,194,193
196,192,71
197,195,191
198,197,196
