4000,2338,1598
4001,3643,2145
4002,4001,3885
4003,4000,3261
4004,2279,2030
4005,2340,2138
4006,4002,3977
4007,3069,1281
4008,3686,2860
4009,4007,2309
4010,4003,2395
4011,4004,477
4012,3539,3526
4013,4009,2133
4014,3827,3712
4015,4006,2497
4016,4010,1315
4017,3755,2746
4018,1242,433
4019,4005,96
4020,4013,2559
4021,4015,3292
4022,4011,2243
4023,3707,2374
4024,3950,1201
4025,4021,3920
4026,4019,1951
4027,3650,2070
4028,4020,2051
4029,4028,33
4030,4022,2306
4031,4024,3763
4032,4027,1013
4033,4018,2383
4034,3768,3346
4035,1926,1857
4036,3068,3036
4037,4025,1219
4038,4016,3208
4039,4030,2661
4040,1096,390
4041,3290,150
4042,4037,3377
4043,3600,3427
4044,4033,1098
4045,4032,2387
4046,4026,94
4047,4038,2403
4048,3530,3108
4049,4029,4023
4050,3928,3666
4051,4031,3689
4052,3860,3088
4053,4039,3110
4054,2430,2287
4055,3023,41
4056,3153,1177
4057,4045,74
4058,4052,4017
4059,409,207
4060,4042,1073
4061,3298,2118
4062,4047,4043
4063,3448,3234
4064,4058,3260
4065,4012,117
4066,4049,2074
4067,4044,53
4068,4041,3033
4069,4060,4048
4070,3095,2259
4071,2331,2302
4072,3019,47
4073,4062,1357
4074,2582,220
4075,4069,3734
4076,4066,4056
4077,3970,79
4078,4073,3300
4079,4075,4008
4080,4067,4040
4081,4014,3146
4082,3279,3015
4083,389,20
4084,3711,3691
4085,4050,4035
4086,4078,4051
4087,4055,3203
4088,3919,3899
4089,4068,3856
4090,3982,2264
4091,4076,2339
4092,2057,1649
4093,4053,2849
4094,3698,3555
4095,2222,1742
4096,4079,3998
4097,4072,3057
4098,4096,2466
4099,3429,3276
4100,3319,3259
4101,2464,1984
4102,4087,4085
4103,1131,815
4104,4064,3606
4105,4081,1188
4106,4046,4036
4107,4034,3681
4108,4065,1084
4109,4090,1137
4110,4106,4086
4111,3770,3391
4112,3610,3601
4113,4091,4054
4114,4101,4098
4115,3496,43
4116,398,367
4117,2099,2035
4118,3695,1523
4119,4080,2164
4120,4093,2008
4121,4104,2729
4122,1838,1544
4123,4114,4061
4124,3805,3022
4125,4077,3064
4126,4089,3246
4127,4070,1657
4128,4074,490
4129,215,77
4130,4057,2294
4131,3633,135
4132,4105,4095
4133,4126,4107
4134,4120,1154
4135,2662,1093
4136,4088,3908
4137,4071,1881
4138,4119,4103
4139,4132,3438
4140,2120,497
4141,2580,429
4142,4110,124
4143,3456,3173
4144,4063,1144
4145,1446,1018
4146,4111,3447
4147,4134,1892
4148,3047,2317
4149,4136,4097
4150,2679,1439
4151,4142,4122
4152,1778,1133
4153,4113,2232
4154,3205,1968
4155,3629,3244
4156,2273,2199
4157,253,112
4158,4143,4099
4159,4117,3561
4160,4153,3799
4161,4138,714
4162,4121,3083
4163,4123,2443
4164,3359,3187
4165,4092,2378
4166,4135,4131
4167,4083,3909
4168,4059,3753
4169,410,138
4170,3183,3004
4171,4161,4147
4172,151,86
4173,4148,2328
4174,4163,4139
4175,285,75
4176,401,368
4177,4125,1647
4178,4137,204
4179,1834,251
4180,4151,3954
4181,4133,4115
4182,4128,4108
4183,2536,1195
4184,3943,2104
4185,3365,3310
4186,2244,2233
4187,3769,3683
4188,4124,2391
4189,3403,1566
4190,2477,1675
4191,4180,3459
4192,1489,1478
4193,4156,3229
4194,3441,246
4195,2181,465
4196,4152,1349
4197,4174,4084
4198,2522,1631
4199,2886,1536
4200,4173,4130
4201,2071,168
4202,1481,353
4203,1150,1052
4204,3506,2149
4205,4102,1928
4206,3961,1513
4207,4191,1425
4208,1347,371
4209,4116,72
4210,2685,1890
4211,3131,89
4212,4160,3100
4213,4162,4154
4214,3220,243
4215,4145,1321
4216,4197,2438
4217,4166,1039
4218,449,152
4219,3098,1924
4220,3554,1777
4221,4127,1734
4222,4149,3717
4223,3449,3029
4224,4212,1504
4225,4177,4170
4226,231,107
4227,4168,3596
4228,3905,3902
4229,4158,3674
4230,4225,4216
4231,4189,1265
4232,4109,3469
4233,2832,1423
4234,4190,1567
4235,3184,3094
4236,4224,4217
4237,4178,146
4238,4214,4094
4239,4181,4155
4240,4200,4165
4241,1661,501
4242,2412,1220
4243,62,12
4244,4210,4118
4245,4211,237
4246,4146,3374
4247,4129,2816
4248,3761,97
4249,3495,3198
4250,4207,3254
4251,4232,4171
4252,453,261
4253,1275,1082
4254,4205,1283
4255,4176,392
4256,4236,901
4257,4250,4204
4258,4182,170
4259,4239,2564
4260,4240,1338
4261,4256,2487
4262,4184,2511
4263,4169,354
4264,4193,1292
4265,4233,3814
4266,4188,2523
4267,3671,1107
4268,1342,963
4269,1772,1589
4270,257,59
4271,4192,1815
4272,4254,1020
4273,4112,2368
4274,3967,2352
4275,4238,4213
4276,4257,1886
4277,4100,3959
4278,4198,1825
4279,1334,1272
4280,4195,3846
4281,4259,1747
4282,3781,252
4283,4261,1676
4284,4221,3051
4285,4247,73
4286,1433,357
4287,3369,413
4288,2183,2129
4289,4269,3529
4290,4251,2632
4291,3294,1615
4292,4264,4206
4293,4230,3269
4294,4208,3382
4295,2192,2064
4296,4260,1840
4297,4243,171
4298,2393,2337
4299,4159,2301
4300,4227,2878
4301,4201,2353
4302,4276,103
4303,4244,2550
4304,3457,2680
4305,4283,762
4306,3440,3243
4307,2343,1040
4308,4293,3400
4309,4255,119
4310,4281,3819
4311,4229,3356
4312,4237,3137
4313,4272,3212
4314,4305,3164
4315,4082,1979
4316,4302,4284
4317,4308,3670
4318,2255,2174
4319,4314,2007
4320,3307,3041
4321,4141,9
4322,4317,2256
4323,4248,3958
4324,4290,4175
4325,4296,1692
4326,3085,2546
4327,3470,1941
4328,4313,4199
4329,3372,2380
4330,1577,1035
4331,4241,722
4332,4310,3742
4333,3514,1991
4334,4325,2308
4335,3904,3079
4336,495,403
4337,3966,3922
4338,1180,527
4339,4179,1430
4340,3907,1457
4341,3413,2844
4342,4319,2010
4343,2314,1311
4344,3395,46
4345,1087,880
4346,4306,4222
4347,4246,4235
4348,2432,2375
4349,4271,4245
4350,3708,1826
4351,4332,4220
4352,4297,1329
4353,3869,3210
4354,4288,4172
4355,3192,2193
4356,4324,4183
4357,3366,1122
4358,3332,2176
4359,4292,1557
4360,440,218
4361,3540,1400
4362,4326,2329
4363,4316,4312
4364,4331,4203
4365,1068,793
4366,4328,1708
4367,3384,287
4368,4299,3588
4369,4263,2565
4370,4342,3900
4371,4266,3820
4372,4300,3826
4373,4167,4144
4374,3373,2584
4375,1835,1605
4376,4356,742
4377,3221,1295
4378,2507,2202
4379,2514,1746
4380,4366,4343
4381,2218,1141
4382,3385,1994
4383,4322,4196
4384,4301,2988
4385,4376,4265
4386,4370,219
4387,4334,1168
4388,3103,2455
4389,4274,192
4390,260,255
4391,1601,37
4392,4347,4311
4393,4386,115
4394,3375,3222
4395,442,281
4396,4393,3299
4397,3773,3273
4398,2276,17
4399,4315,1497
4400,4285,1375
4401,3136,491
4402,4268,1814
4403,1877,1320
4404,4223,370
4405,1193,1006
4406,3721,4
4407,4363,4289
4408,4387,2332
4409,4351,3285
4410,4383,4234
4411,3286,3018
4412,4396,3971
4413,3626,3510
4414,4275,876
4415,3213,1266
4416,4359,3743
4417,4267,1230
4418,3910,1660
4419,4412,1282
4420,4150,2917
4421,4278,3123
4422,3831,3225
4423,4219,1126
4424,3306,929
4425,4385,987
4426,200,167
4427,1967,1856
4428,3211,3209
4429,3778,1603
4430,4409,3785
4431,4407,3043
4432,4298,2282
4433,1757,460
4434,2472,1251
4435,3314,317
4436,4431,3504
4437,4402,508
4438,4371,3258
4439,4321,184
4440,4253,1308
4441,2344,1299
4442,4419,1398
4443,4404,3675
4444,4282,307
4445,4425,1114
4446,4430,4303
4447,4416,1132
4448,4164,279
4449,4442,1037
4450,3547,2335
4451,4421,1239
4452,4187,4140
4453,4414,4392
4454,3160,3087
4455,4280,2388
4456,4368,3802
4457,4372,2108
4458,4436,4374
4459,4360,300
4460,3399,2759
4461,1125,626
4462,4408,2081
4463,4242,3329
4464,4215,1463
4465,4304,3590
4466,4389,343
4467,4380,344
4468,4445,658
4469,4294,3986
4470,439,108
4471,4277,3918
4472,1498,1224
4473,4287,2240
4474,3394,3257
4475,4458,1883
4476,4410,4327
4477,4345,3387
4478,4449,1337
4479,4375,339
4480,3921,1552
4481,4352,310
4482,4438,4231
4483,4468,4365
4484,3283,3193
4485,4478,4361
4486,4475,2047
4487,4323,1758
4488,4446,2877
4489,4262,2955
4490,4467,3297
4491,4373,3634
4492,2928,314
4493,4355,4286
4494,4349,1737
4495,2962,1127
4496,438,259
4497,4400,298
4498,3228,2367
4499,4369,3854
4500,4333,4258
4501,4185,3488
4502,4471,3309
4503,3172,1450
4504,4486,1306
4505,4338,1367
4506,4320,1083
4507,4504,4411
4508,4485,4462
4509,2621,1868
4510,4367,4307
4511,4476,4384
4512,3347,500
4513,4490,2911
4514,3101,1503
4515,3313,1831
4516,4477,2103
4517,4466,4447
4518,3825,2938
4519,906,15
4520,4483,1186
4521,4186,1079
4522,4364,1505
4523,4480,4451
4524,4273,3527
4525,470,51
4526,3340,2423
4527,4399,1529
4528,4346,2297
4529,4520,4354
4530,4461,4339
4531,587,118
4532,4456,3132
4533,3002,1384
4534,4279,1579
4535,2085,1710
4536,4270,423
4537,3944,3574
4538,4528,2056
4539,4513,1368
4540,4488,3178
4541,4511,1959
4542,4455,1372
4543,3128,3046
4544,2361,1415
4545,4391,2360
4546,4529,2097
4547,3185,2742
4548,4539,3960
4549,4417,1646
4550,4295,1051
4551,4403,1017
4552,4540,1101
4553,4401,2450
4554,4514,4418
4555,4507,1434
4556,4500,3709
4557,3517,3472
4558,2686,629
4559,292,238
4560,3638,3492
4561,425,337
4562,4541,2105
4563,4552,4453
4564,1876,360
4565,4555,3648
4566,4508,1606
4567,1382,935
4568,4228,3945
4569,4566,2420
4570,2234,210
4571,4473,199
4572,4405,3056
4573,4565,1537
4574,498,275
4575,4506,3090
4576,3836,3378
4577,4341,3868
4578,4335,3479
4579,4573,4517
4580,4546,4497
4581,4202,2170
4582,3171,104
4583,4420,286
4584,3197,1424
4585,1530,1379
4586,4567,4548
4587,4348,2015
4588,4530,4427
4589,2751,2608
4590,4532,1819
4591,4522,4499
4592,4554,4482
4593,236,202
4594,4489,1091
4595,2567,838
4596,4381,1417
4597,4437,1586
4598,4549,4377
4599,1333,1297
4600,4440,1386
4601,4249,1917
4602,4562,2508
4603,420,318
4604,106,42
4605,1860,1643
4606,4586,4569
4607,4329,1619
4608,4362,68
4609,4580,4494
4610,3895,860
4611,3021,270
4612,4602,4423
4613,4505,4459
4614,4519,4441
4615,2534,879
4616,2296,784
4617,2060,1591
4618,4465,1029
4619,4579,4516
4620,4209,350
4621,4556,3762
4622,4330,2185
4623,2454,189
4624,4491,4413
4625,4559,4309
4626,2480,1095
4627,3940,3722
4628,179,61
4629,3238,331
4630,4515,3775
4631,4502,3694
4632,1204,88
4633,4524,4429
4634,4406,291
4635,2326,1041
4636,4521,3236
4637,4544,2880
4638,4581,1681
4639,4576,4194
4640,3024,1585
4641,4394,3084
4642,805,635
4643,4619,4493
4644,4609,4378
4645,299,186
4646,4452,4218
4647,3061,3003
4648,334,258
4649,1914,778
4650,4612,1304
4651,3669,1206
4652,2943,2836
4653,4543,3887
4654,4503,949
4655,2812,2792
4656,4509,1885
4657,4397,452
4658,4457,4395
4659,3402,3322
4660,4553,2646
4661,4358,3189
4662,4594,3914
4663,2861,1894
4664,4598,3622
4665,4611,129
4666,1923,1648
4667,4536,4439
4668,2637,2088
4669,4613,1602
4670,4542,278
4671,4643,3255
4672,4379,2150
4673,4527,4510
4674,4382,4291
4675,4534,979
4676,2638,2354
4677,4671,3972
4678,4432,2096
4679,3653,3581
4680,4550,395
4681,1787,1257
4682,4450,2509
4683,4644,1560
4684,2547,1345
4685,1435,1028
4686,4588,1217
4687,4677,4472
4688,4577,3624
4689,2130,1253
4690,4523,2366
4691,4649,3859
4692,4398,1350
4693,4618,1919
4694,4659,2827
4695,4664,4650
4696,4653,4590
4697,3817,2143
4698,4606,4591
4699,4434,4426
4700,4673,1422
4701,1761,1216
4702,2602,1044
4703,4512,4463
4704,4634,4563
4705,4474,1976
4706,4687,1034
4707,4623,4538
4708,3165,2760
4709,3312,229
4710,3435,1891
4711,4621,1291
4712,1693,400
4713,4583,1471
4714,4706,2160
4715,4444,280
4716,4646,3929
4717,4564,1707
4718,4683,916
4719,4714,4592
4720,4422,3877
4721,3824,2993
4722,3170,1656
4723,4637,2691
4724,4704,4624
4725,3155,2372
4726,4603,272
4727,4695,4587
4728,2757,1108
4729,796,739
4730,4663,4571
4731,4578,3232
4732,3849,3619
4733,2881,837
4734,3803,397
4735,4469,416
4736,4600,3615
4737,4727,2781
4738,4336,418
4739,2594,705
4740,2112,1429
4741,4496,3835
4742,4702,4388
4743,4698,1187
4744,4660,2414
4745,4690,1393
4746,4672,2978
4747,4665,3049
4748,3397,3161
4749,4669,1164
4750,4595,791
4751,4718,4700
4752,4686,412
4753,4484,3499
4754,4743,1904
4755,4560,1821
4756,3705,468
4757,4479,2866
4758,4719,4596
4759,4668,2300
4760,4754,4599
4761,4749,4614
4762,1913,1645
4763,4711,1390
4764,4622,4357
4765,3345,1611
4766,3735,2635
4767,4744,2485
4768,4737,975
4769,4751,28
4770,4424,1104
4771,3380,268
4772,4443,1454
4773,1274,1067
4774,1376,923
4775,4344,3996
4776,4760,4638
4777,4713,1237
4778,4776,2136
4779,4769,1214
4780,4688,4662
4781,4350,3078
4782,4626,4535
4783,4340,283
4784,3764,1209
4785,2152,1580
4786,4752,4675
4787,3432,1348
4788,984,70
4789,4157,143
4790,3354,3122
4791,4558,1510
4792,4252,223
4793,4735,4689
4794,312,91
4795,4657,4518
4796,1925,1810
4797,4758,4635
4798,4654,358
4799,4353,3407
4800,3481,2910
4801,4470,6
4802,4585,2310
4803,2248,1452
4804,2678,2148
4805,4572,2260
4806,4667,4525
4807,4724,4656
4808,4755,1532
4809,4608,4337
4810,3995,2169
4811,1551,1002
4812,2837,2798
4813,4778,3348
4814,3169,2738
4815,4775,1824
4816,4501,1548
4817,4733,4498
4818,4730,3892
4819,4720,4633
4820,4741,4705
4821,4782,4597
4822,4779,4684
4823,3818,3360
4824,4574,196
4825,4648,346
4826,4802,776
4827,4762,4681
4828,3728,3318
4829,4415,3871
4830,4770,2078
4831,1870,1562
4832,4780,4750
4833,4495,1033
4834,3932,435
4835,3331,383
4836,4708,579
4837,3913,2006
4838,4699,1075
4839,3858,3251
4840,4604,4481
4841,4435,266
4842,4777,1076
4843,4658,639
4844,4797,3642
4845,872,476
4846,4454,3073
4847,4670,2311
4848,4652,3812
4849,4655,2926
4850,4740,2107
4851,4682,1878
4852,4531,2711
4853,4844,2676
4854,4813,3984
4855,4807,4747
4856,4610,1613
4857,4640,3657
4858,4636,2458
4859,4734,134
4860,4726,161
4861,4448,3417
4862,4768,2286
4863,4547,1119
4864,4601,2075
4865,4616,3127
4866,4433,2348
4867,2743,303
4868,4694,3875
4869,4676,2687
4870,4794,4487
4871,4832,4822
4872,3702,1032
4873,1729,191
4874,1402,365
4875,3376,3016
4876,4723,2557
4877,4766,4460
4878,4854,915
4879,2761,2677
4880,3821,2207
4881,3571,2324
4882,4631,25
4883,2408,1507
4884,4763,137
4885,1572,424
4886,4878,4761
4887,2825,2593
4888,4853,662
4889,4838,4742
4890,4627,4537
4891,149,10
4892,1614,1269
4893,4753,4630
4894,4757,1085
4895,4607,2854
4896,4888,1859
4897,3985,3218
4898,3182,2641
4899,4725,2098
4900,3339,1739
4901,4575,3730
4902,4584,3806
4903,4871,940
4904,1370,407
4905,4896,1322
4906,3162,1460
4907,4826,4745
4908,4855,4557
4909,316,306
4910,3651,256
4911,4764,3487
4912,4736,2376
4913,4625,273
4914,3039,892
4915,4862,2572
4916,4716,4226
4917,4691,3428
4918,972,736
4919,3832,3797
4920,1686,363
4921,4645,351
4922,4905,4680
4923,993,765
4924,4886,4318
4925,4696,3544
4926,4615,1156
4927,4746,4678
4928,4703,1473
4929,4772,4641
4930,4721,475
4931,4915,4793
4932,4908,2996
4933,4617,4570
4934,4924,4786
4935,4791,849
4936,4932,1590
4937,2390,593
4938,4551,1319
4939,1247,790
4940,4903,1062
4941,4701,1827
4942,4895,3625
4943,4936,4861
4944,4639,1327
4945,4922,4767
4946,4836,4729
4947,466,313
4948,712,545
4949,4847,1353
4950,4693,4390
4951,4545,4492
4952,1394,434
4953,1359,843
4954,4561,133
4955,4907,122
4956,4940,789
4957,3409,2947
4958,4858,3792
4959,1795,1358
4960,1748,1674
4961,4876,4812
4962,1437,1210
4963,4943,4857
4964,4738,4628
4965,4942,2091
4966,4759,1113
4967,4863,1973
4968,4820,694
4969,4710,4707
4970,3751,2542
4971,933,610
4972,4927,4661
4973,4865,4829
4974,4912,4850
4975,4842,1211
4976,2079,1414
4977,4945,1022
4978,185,67
4979,3081,716
4980,4818,3549
4981,4804,2456
4982,4901,2885
4983,3231,803
4984,4873,1839
4985,4882,4620
4986,4977,4917
4987,4852,3631
4988,4833,862
4989,1494,175
4990,3215,3006
4991,3672,446
4992,4883,4827
4993,4533,3873
4994,4935,2470
4995,4845,4679
4996,3311,2895
4997,4568,3632
4998,4934,4856
4999,176,31
5000,3964,2313
5001,4986,4974
5002,4968,3052
5003,4464,2251
5004,4816,4674
5005,3948,2495
5006,2465,2215
5007,4956,3009
5008,274,205
5009,4931,2379
5010,1811,496
5011,3852,3074
5012,4849,2829
5013,4821,1559
5014,3404,1571
5015,4632,1561
5016,4843,148
5017,457,56
5018,2671,1927
5019,5005,5001
5020,4944,3978
5021,4771,2788
5022,1408,529
5023,2019,1194
5024,2278,1709
5025,4996,2371
5026,5007,4788
5027,4806,3532
5028,5009,4859
5029,4992,4961
5030,3822,3661
5031,4848,3682
5032,4831,1279
5033,4799,2848
5034,4963,4808
5035,4765,3437
5036,5019,1666
5037,5026,540
5038,3729,232
5039,4728,2615
5040,4926,2945
5041,4998,4774
5042,4929,4928
5043,2494,2168
5044,4841,194
5045,2258,686
5046,4949,4582
5047,4980,2970
5048,3265,3082
5049,5034,3884
5050,4872,1965
5051,3991,2189
5052,415,254
5053,4717,1340
5054,5013,1111
5055,3925,1388
5056,4925,4874
5057,1622,1456
5058,4685,1285
5059,4809,3202
5060,3665,233
5061,4860,4840
5062,4803,2141
5063,4798,263
5064,3392,3158
5065,4783,1218
5066,5041,4987
5067,3020,302
5068,1932,1466
5069,4946,4894
5070,1768,296
5071,4815,1313
5072,3744,2995
5073,4692,2929
5074,5028,4971
5075,4952,4902
5076,3389,304
5077,3865,2467
5078,5071,4712
5079,4938,1677
5080,4526,1021
5081,3483,13
5082,5066,4889
5083,4884,743
5084,2643,1986
5085,4805,750
5086,426,187
5087,4731,3855
5088,5053,1410
5089,3630,1701
5090,2461,541
5091,178,84
5092,4939,781
5093,5049,3837
5094,4972,4965
5095,2665,2590
5096,4995,4911
5097,5037,517
5098,5093,4982
5099,4801,493
5100,1697,1324
5101,3275,3035
5102,4846,1651
5103,2634,2134
5104,5082,2139
5105,1691,1030
5106,3602,3505
5107,481,87
5108,2897,2891
5109,451,130
5110,5036,4970
5111,4899,2714
5112,4651,2157
5113,504,319
5114,1395,419
5115,5104,1184
5116,5097,4887
5117,5059,2220
5118,5115,2847
5119,5020,848
5120,5110,1952
5121,4966,601
5122,4864,4589
5123,4787,1181
5124,5054,2436
5125,5050,5027
5126,5074,2082
5127,4870,1134
5128,5120,5051
5129,4869,2493
5130,1170,572
5131,5116,606
5132,4988,2907
5133,5079,1129
5134,5126,203
5135,3396,3007
5136,5083,1833
5137,5094,2023
5138,4913,1655
5139,5131,2712
5140,4795,3500
5141,5002,1704
5142,4814,3931
5143,5098,190
5144,4890,3256
5145,5134,4958
5146,5056,2750
5147,4921,1950
5148,5128,5025
5149,5118,4933
5150,5139,1445
5151,4900,4868
5152,1916,1116
5153,5143,4973
5154,5016,4920
5155,4819,524
5156,5150,3104
5157,5047,4919
5158,4955,995
5159,3017,444
5160,4951,1323
5161,4914,2476
5162,5156,1167
5163,4739,38
5164,944,800
5165,1516,1365
5166,3896,3062
5167,3663,624
5168,5137,2327
5169,4866,1714
5170,4969,473
5171,1280,1149
5172,5148,2385
5173,2072,772
5174,2785,227
5175,5162,1396
5176,5149,5029
5177,5154,3898
5178,5073,4923
5179,5172,2530
5180,2633,2323
5181,4647,3248
5182,4904,1346
5183,1543,111
5184,5179,5087
5185,5146,4810
5186,5175,4975
5187,5021,2543
5188,5039,4950
5189,5160,2228
5190,5169,4941
5191,5176,5069
5192,4981,3383
5193,4994,2462
5194,5043,5003
5195,4800,4605
5196,5086,5044
5197,1749,411
5198,467,322
5199,4891,348
5200,3989,3591
5201,5141,3509
5202,5145,3536
5203,5184,4796
5204,5085,3227
5205,5191,1016
5206,5024,4830
5207,4789,1
5208,3949,3811
5209,4781,3531
5210,1175,1094
5211,2896,2254
5212,5153,659
5213,5186,990
5214,4893,2570
5215,2961,604
5216,2883,297
5217,5202,3293
5218,5212,5203
5219,3791,2965
5220,5010,4715
5221,5177,751
5222,5205,3953
5223,461,406
5224,717,528
5225,5217,1441
5226,4867,3342
5227,5124,1897
5228,5158,2753
5229,5119,1568
5230,4906,3054
5231,4897,2688
5232,5076,1776
5233,3952,2252
5234,3874,1061
5235,5218,1502
5236,4979,4851
5237,1361,1238
5238,5012,4756
5239,5213,1050
5240,4993,4709
5241,3350,3305
5242,5057,4984
5243,3616,3462
5244,3947,1793
5245,5061,4885
5246,5193,1784
5247,5221,1818
5248,5168,1120
5249,5100,2188
5250,441,341
5251,4828,3442
5252,2486,1563
5253,387,144
5254,5095,4962
5255,5138,5038
5256,5102,4985
5257,5222,5045
5258,3494,1499
5259,3418,1600
5260,3296,1832
5261,2446,2009
5262,2990,1391
5263,5185,5096
5264,4948,605
5265,2411,155
5266,5133,5070
5267,4877,3649
5268,5052,3117
5269,5155,5004
5270,3639,3618
5271,5257,1263
5272,3289,1679
5273,5035,4983
5274,2478,1354
5275,3795,1403
5276,4976,1634
5277,1642,1624
5278,2656,212
5279,5271,5228
5280,5072,109
5281,3058,234
5282,1638,602
5283,3235,7
5284,5201,1665
5285,5239,3801
5286,3201,1312
5287,4839,2213
5288,5225,598
5289,5227,1740
5290,5092,2933
5291,1409,565
5292,5164,5125
5293,4964,52
5294,3336,2810
5295,3224,1054
5296,5015,510
5297,5033,4880
5298,5065,5011
5299,1109,586
5300,5136,197
5301,4835,1515
5302,4823,2952
5303,5279,746
5304,3048,436
5305,2652,1508
5306,5032,3464
5307,5288,1626
5308,5157,3452
5309,2673,55
5310,5151,1351
5311,3433,3154
5312,5303,3594
5313,5231,1472
5314,3710,1763
5315,5195,1128
5316,5189,1066
5317,1721,1183
5318,5187,2720
5319,5285,5040
5320,5127,2625
5321,1008,58
5322,4967,2551
5323,5235,904
5324,5105,1863
5325,5312,5242
5326,5256,1852
5327,4898,2405
5328,5170,333
5329,4773,1072
5330,5307,2116
5331,5289,1146
5332,2856,157
5333,5248,4837
5334,5319,982
5335,5132,1625
5336,5182,5152
5337,5077,5063
5338,5308,5215
5339,3697,1796
5340,5123,2867
5341,3270,2716
5342,3303,142
5343,5323,1461
5344,5166,5144
5345,5343,5284
5346,3121,2510
5347,4824,24
5348,5194,1009
5349,5330,5000
5350,3696,3115
5351,2599,865
5352,5046,2039
5353,2705,655
5354,5161,1250
5355,5316,5142
5356,5088,5060
5357,4916,3668
5358,5345,5078
5359,5188,2266
5360,3611,2269
5361,5117,4784
5362,165,30
5363,5244,3767
5364,4930,377
5365,1191,588
5366,3419,2767
5367,5325,5237
5368,5062,4959
5369,5349,3071
5370,3086,1381
5371,5334,5300
5372,1594,836
5373,5042,3560
5374,2146,2127
5375,5204,5080
5376,2165,1569
5377,3038,2778
5378,5367,909
5379,5246,710
5380,2406,1706
5381,3055,2853
5382,2457,1042
5383,5331,5190
5384,5075,1117
5385,5328,382
5386,4989,4879
5387,1316,325
5388,3575,3126
5389,3756,1802
5390,4697,2463
5391,4666,1244
5392,347,327
5393,5378,2864
5394,5214,3550
5395,5147,139
5396,5338,2707
5397,5130,928
5398,5371,1694
5399,4997,3736
5400,5369,2745
5401,5247,332
5402,5293,5197
5403,2417,1841
5404,3393,2416
5405,4785,2086
5406,5393,1426
5407,5310,2319
5408,2503,1581
5409,3522,213
5410,1493,1189
5411,5406,2247
5412,5341,2771
5413,5348,1159
5414,3974,3063
5415,5400,5273
5416,5358,248
5417,5263,824
5418,5373,5058
5419,4629,1620
5420,1535,1014
5421,5084,779
5422,5140,361
5423,5174,3882
5424,5129,5111
5425,5068,1233
5426,5249,5229
5427,4722,2034
5428,5380,2068
5429,4991,408
5430,5108,3443
5431,3699,2835
5432,5379,5234
5433,5411,5335
5434,3204,2110
5435,1641,672
5436,5416,5306
5437,5232,2863
5438,2657,1728
5439,5183,3635
5440,5298,2033
5441,5292,5121
5442,5181,3011
5443,4947,4792
5444,2167,39
5445,3471,3351
5446,3880,3334
5447,2156,1774
5448,5230,1451
5449,3135,2125
5450,5364,5297
5451,4825,180
5452,3579,1155
5453,2346,2020
5454,5436,562
5455,5433,1786
5456,3750,2042
5457,3851,8
5458,5333,2669
5459,846,685
5460,4748,3151
5461,2364,966
5462,5351,5290
5463,5396,5384
5464,5415,5326
5465,2739,1549
5466,5455,5243
5467,5454,734
5468,5398,1305
5469,4811,691
5470,5467,1152
5471,5091,499
5472,5466,2094
5473,5361,3480
5474,5196,3917
5475,5245,4978
5476,1431,701
5477,5472,5159
5478,3621,3168
5479,4834,1820
5480,5477,936
5481,5254,5219
5482,924,719
5483,5022,2226
5484,5321,5266
5485,5363,5090
5486,5240,3439
5487,3951,3604
5488,5468,5163
5489,5470,2726
5490,2357,2245
5491,2312,943
5492,3515,1556
5493,5173,2533
5494,1362,692
5495,5356,1995
5496,3992,3277
5497,5372,1862
5498,1780,1118
5499,5114,1942
5500,3881,1658
5501,5426,878
5502,5340,5320
5503,5488,874
5504,5099,92
5505,3130,228
5506,2973,1855
5507,4918,983
5508,2087,1019
5509,2872,1963
5510,5220,4910
5511,3829,336
5512,5211,166
5513,2303,1048
5514,5354,1872
5515,5424,2600
5516,2960,1145
5517,3367,1182
5518,5480,5432
5519,480,201
5520,5375,2629
5521,4953,2046
5522,5401,3747
5523,5280,3050
5524,5418,81
5525,5352,5023
5526,5337,1903
5527,2787,1521
5528,5489,5264
5529,1690,1267
5530,5464,3645
5531,5267,576
5532,5481,1592
5533,3291,3206
5534,5353,977
5535,3102,2496
5536,3014,2045
5537,5322,2858
5538,1957,1459
5539,5528,5360
5540,5518,761
5541,2577,2223
5542,5269,4957
5543,2644,2237
5544,2535,2040
5545,5413,2265
5546,5109,1934
5547,5540,553
5548,5530,5089
5549,2544,448
5550,5224,859
5551,5199,422
5552,5547,669
5553,2459,1199
5554,5407,2409
5555,5448,5355
5556,1628,1151
5557,5539,5456
5558,214,164
5559,5291,1470
5560,5417,5403
5561,5552,5495
5562,5122,5081
5563,5301,3667
5564,5294,3754
5565,5336,856
5566,3475,3150
5567,2979,2802
5568,2050,1966
5569,5388,2941
5570,5387,2561
5571,2682,2429
5572,5238,5031
5573,5537,3774
5574,1783,1442
5575,2095,1756
5576,5067,3230
5577,5459,5296
5578,5207,193
5579,5557,3431
5580,5435,1492
5581,5503,5484
5582,1309,1221
5583,5268,224
5584,5385,5270
5585,5584,4732
5586,5192,1314
5587,5376,5226
5588,5329,1449
5589,5548,3841
5590,5055,1582
5591,3771,2921
5592,3398,3308
5593,3044,3042
5594,4881,126
5595,3190,1136
5596,5521,2093
5597,5318,3233
5598,1160,748
5599,5397,3288
5600,1609,1558
5601,2197,1298
5602,5579,740
5603,5589,5180
5604,5216,955
5605,2636,1922
5606,5357,3727
5607,5602,5531
5608,5018,145
5609,3704,3386
5610,5274,3613
5611,5524,5339
5612,5545,5112
5613,2190,217
5614,1545,1166
5615,5430,2036
5616,5607,1945
5617,5262,2690
5618,2505,1596
5619,3543,1428
5620,5368,5324
5621,5603,78
5622,5463,1671
5623,5561,5441
5624,5507,5276
5625,5616,3776
5626,5315,1983
5627,5475,5250
5628,5625,3839
5629,4817,554
5630,2833,2221
5631,5522,913
5632,3484,2700
5633,5476,2957
5634,342,80
5635,2994,1743
5636,729,656
5637,5628,5439
5638,5621,5200
5639,5526,5474
5640,3080,2280
5641,5382,2404
5642,5554,2206
5643,5560,866
5644,5255,2868
5645,3133,3114
5646,5209,3578
5647,5425,1215
5648,471,211
5649,5520,3458
5650,5206,5165
5651,5493,5365
5652,5517,3662
5653,5282,3037
5654,5581,5178
5655,5275,3923
5656,5640,5482
5657,5573,5428
5658,5637,1468
5659,373,177
5660,5469,3703
5661,5450,2871
5662,1226,850
5663,5623,5504
5664,5638,5167
5665,5565,5485
5666,5198,430
5667,2899,241
5668,5631,5497
5669,2513,1310
5670,5658,814
5671,5663,715
5672,1939,1936
5673,5458,548
5674,5479,5272
5675,2920,2441
5676,5587,5103
5677,3987,2597
5678,464,54
5679,4875,3032
5680,1766,988
5681,5664,5542
5682,5569,5501
5683,5008,335
5684,5261,2187
5685,3924,643
5686,5440,1185
5687,2851,1453
5688,5671,3405
5689,5427,2969
5690,2166,2069
5691,5394,1745
5692,5670,1901
5693,5643,808
5694,4960,1527
5695,5692,1908
5696,5006,249
5697,1371,459
5698,5649,902
5699,5695,5665
5700,5236,3725
5701,3889,745
5702,5473,1059
5703,5622,2925
5704,3890,1599
5705,5499,5383
5706,5532,5462
5707,5688,1964
5708,5287,2394
5709,3264,2651
5710,1669,1249
5711,5606,3941
5712,5698,503
5713,5359,5101
5714,456,32
5715,2155,523
5716,2084,777
5717,5420,1243
5718,5707,3658
5719,5654,5410
5720,4990,2529
5721,3147,2537
5722,1407,1192
5723,5639,1741
5724,5408,5390
5725,5673,1325
5726,5402,2318
5727,2642,2552
5728,3274,1762
5729,5642,5251
5730,5718,5577
5731,5611,5502
5732,5500,2186
5733,5699,5590
5734,1933,428
5735,5233,3752
5736,5719,2555
5737,1672,93
5738,650,544
5739,3316,2131
5740,5171,1420
5741,2263,594
5742,5422,3740
5743,5598,5570
5744,5656,5580
5745,5514,2270
5746,5513,5447
5747,5452,1788
5748,5733,2241
5749,5559,985
5750,5730,5680
5751,5509,5366
5752,5617,877
5753,5395,454
5754,5750,698
5755,5627,1700
5756,5442,3364
5757,5597,5555
5758,5725,5650
5759,3706,1823
5760,5586,622
5761,5593,269
5762,5754,1363
5763,5483,1576
5764,3701,3612
5765,5327,3903
5766,3263,1011
5767,5762,5706
5768,5346,506
5769,5682,240
5770,5551,66
5771,3983,1616
5772,5646,1173
5773,5748,812
5774,5534,5017
5775,3850,3335
5776,5585,2515
5777,3617,3585
5778,5755,16
5779,5729,5686
5780,5572,2958
5781,5693,542
5782,5538,5317
5783,5332,886
5784,5299,3976
5785,3656,657
5786,5277,2489
5787,3620,559
5788,3993,1003
5789,5399,3863
5790,5655,1980
5791,5496,5208
5792,5668,5644
5793,3143,2583
5794,2349,1854
5795,2253,1287
5796,3508,3107
5797,5767,5712
5798,2935,2874
5799,5681,5305
5800,2109,1912
5801,5705,957
5802,5736,136
5803,3646,3129
5804,5620,1785
5805,5726,5451
5806,5774,5386
5807,5592,3446
5808,5647,2439
5809,5773,5258
5810,2162,1575
5811,5515,328
5812,2595,704
5813,3262,2889
5814,5135,3476
5815,5809,5703
5816,5600,5574
5817,5697,2369
5818,5512,3077
5819,1779,114
5820,5802,741
5821,5302,3738
5822,5723,474
5823,614,547
5824,5801,5210
5825,1972,1715
5826,5742,5510
5827,2828,1875
5828,5478,2062
5829,5797,839
5830,2090,364
5831,1993,1234
5832,3423,3140
5833,1804,1790
5834,1989,888
5835,5562,5344
5836,5799,2799
5837,1588,208
5838,5421,571
5839,5608,1004
5840,5836,5713
5841,5278,3324
5842,3930,1798
5843,3876,2724
5844,5781,2386
5845,1744,1670
5846,5696,113
5847,2992,2601
5848,5437,1064
5849,5744,5743
5850,5815,599
5851,3524,1759
5852,3533,708
5853,5419,1328
5854,5595,5313
5855,5844,2727
5856,5624,5563
5857,5824,5494
5858,5635,2345
5859,5829,5582
5860,5702,2501
5861,5758,5568
5862,5525,3787
5863,5859,1816
5864,5760,5641
5865,3788,825
5866,1907,1789
5867,5265,2083
5868,5769,942
5869,5863,1546
5870,5869,1477
5871,4892,1540
5872,5684,2080
5873,2422,2298
5874,2184,1163
5875,2102,831
5876,2445,2175
5877,3226,3075
5878,5506,2811
5879,5870,1496
5880,5389,1024
5881,5855,141
5882,5857,1668
5883,5879,5752
5884,5030,2980
5885,5850,5541
5886,5491,3847
5887,5820,5423
5888,5887,5805
5889,5883,5550
5890,5613,763
5891,5674,1488
5892,5576,2431
5893,5885,3813
5894,5260,3271
5895,5619,1097
5896,5893,5599
5897,5527,5523
5898,5737,5662
5899,5549,1318
5900,5818,5404
5901,3436,1971
5902,2807,2022
5903,427,345
5904,5492,3186
5905,5792,1654
5906,5896,735
5907,5808,5690
5908,5906,1889
5909,3266,95
5910,5878,5618
5911,4593,169
5912,5811,5048
5913,5747,1427
5914,5778,5753
5915,5311,3410
5916,5908,1808
5917,492,110
5918,5865,5449
5919,5916,2011
5920,5567,5281
5921,5840,1716
5922,5889,5304
5923,5882,5529
5924,5838,5716
5925,5498,2483
5926,5286,3962
5927,5429,5107
5928,5849,5749
5929,5919,5746
5930,3379,102
5931,1369,352
5932,3716,1997
5933,5929,5434
5934,5881,5657
5935,2106,29
5936,3878,1520
5937,5751,1982
5938,2440,1639
5939,5861,2295
5940,5722,1078
5941,5921,5564
5942,5922,5905
5943,2460,2250
5944,5745,5626
5945,5915,2721
5946,5790,5731
5947,5782,5578
5948,5933,5864
5949,1829,1484
5950,3700,1682
5951,5465,3580
5952,5923,5694
5953,5757,2413
5954,1722,802
5955,5629,567
5956,147,63
5957,123,23
5958,5309,2289
5959,5948,2605
5960,5377,1380
5961,5868,5672
5962,5888,5715
5963,4642,2782
5964,5897,5822
5965,5833,1864
5966,5939,1938
5967,5776,3134
5968,5724,5661
5969,5653,3338
5970,5942,5735
5971,5862,3981
5972,5804,546
5973,2908,1684
5974,5453,1331
5975,305,162
5976,5295,1803
5977,1817,1623
5978,2211,1317
5979,5966,5588
5980,5461,1570
5981,5810,5596
5982,3956,3584
5983,5854,76
5984,1479,538
5985,5691,5486
5986,5446,613
5987,3842,3408
5988,5860,5848
5989,3501,1711
5990,5959,5768
5991,5953,5443
5992,5374,1689
5993,5676,5113
5994,1147,1065
5995,5780,758
5996,2426,1636
5997,5970,1007
5998,5679,293
5999,5508,640
6000,5740,5717
6001,3247,2664
6002,5997,590
6003,5669,2171
6004,5689,3424
6005,432,21
6006,5720,1225
6007,5914,443
6008,6002,1752
6009,5544,3278
6010,3466,3076
6011,5779,3415
6012,6011,5405
6013,5601,1685
6014,5990,1374
6015,2805,326
6016,6014,3572
6017,5708,1026
6018,2997,1352
6019,5252,2224
6020,3327,83
6021,5940,5553
6022,5961,5759
6023,5711,469
6024,5952,2654
6025,5806,952
6026,3194,289
6027,6016,5741
6028,5853,2569
6029,5910,900
6030,6027,5817
6031,5993,5610
6032,3341,2623
6033,6008,706
6034,5761,2539
6035,1241,1088
6036,6030,5928
6037,2901,2525
6038,5979,2964
6039,6033,5972
6040,2695,2384
6041,3287,1974
6042,5826,2857
6043,5873,2576
6044,2932,1667
6045,5962,5798
6046,5793,2490
6047,479,195
6048,5533,3328
6049,1921,764
6050,5612,518
6051,2882,2616
6052,5362,99
6053,5941,5856
6054,5934,5900
6055,2410,1806
6056,5283,2500
6057,6038,1174
6058,3426,2203
6059,5511,5409
6060,6036,660
6061,5971,2701
6062,5819,3282
6063,6039,1161
6064,3911,3216
6065,5944,5763
6066,920,700
6067,3109,2021
6068,5988,1232
6069,5633,225
6070,5955,1326
6071,5732,3493
6072,6063,1781
6073,5951,5660
6074,6060,5575
6075,6053,3148
6076,5924,5700
6077,5950,5615
6078,5913,2449
6079,6007,1474
6080,3636,1564
6081,6074,2018
6082,6072,5839
6083,3195,3149
6084,992,680
6085,6050,3834
6086,1750,1637
6087,6025,1268
6088,1850,1578
6089,5895,1782
6090,3118,2342
6091,5963,5412
6092,6045,5875
6093,216,172
6094,1797,494
6095,3467,3239
6096,4954,1069
6097,1058,209
6098,5821,5791
6099,3454,3163
6100,5614,1525
6101,6082,1610
6102,3640,2950
6103,6075,3520
6104,5907,5858
6105,3368,2563
6106,1412,585
6107,5788,2900
6108,6101,3582
6109,6081,2946
6110,2796,2299
6111,3444,1531
6112,2210,309
6113,6108,3593
6114,3726,522
6115,4937,898
6116,5381,2177
6117,6026,2717
6118,2620,1807
6119,5872,2124
6120,6103,2967
6121,6113,783
6122,5677,2481
6123,3434,558
6124,6071,5983
6125,1207,766
6126,6121,1264
6127,5968,2027
6128,6126,2954
6129,2976,1404
6130,6092,1385
6131,6109,5981
6132,5946,5765
6133,4428,1360
6134,6085,2249
6135,5516,396
6136,6024,1099
6137,5783,2285
6138,5558,895
6139,5659,1294
6140,3848,1943
6141,5965,5841
6142,5871,581
6143,6057,702
6144,6131,6021
6145,3664,1587
6146,2953,989
6147,198,125
6148,5999,539
6149,5967,5886
6150,5834,868
6151,5847,637
6152,3489,153
6153,6012,5785
6154,5675,1528
6155,6032,3177
6156,6130,2842
6157,5832,1731
6158,5867,5391
6159,6127,2370
6160,6141,5964
6161,3679,623
6162,532,320
6163,5431,399
6164,994,549
6165,3445,3295
6166,3808,3687
6167,5932,5835
6168,6000,873
6169,6143,5704
6170,5460,908
6171,5960,3521
6172,1303,822
6173,5973,3421
6174,5796,3478
6175,6128,1584
6176,5991,1258
6177,3557,1844
6178,5994,1476
6179,6144,1539
6180,3460,2389
6181,2776,2453
6182,6179,6022
6183,5505,3337
6184,5912,3450
6185,6175,1736
6186,6068,5899
6187,5223,49
6188,5014,3843
6189,6120,799
6190,1421,1176
6191,6149,5772
6192,6156,5920
6193,5998,1800
6194,6185,6169
6195,5438,2052
6196,6182,5738
6197,1307,667
6198,5980,3607
6199,5770,1719
6200,5937,2358
6201,3605,3552
6202,5651,5630
6203,301,288
6204,2115,724
6205,6028,801
6206,5784,2117
6207,6089,6065
6208,6013,2968
6209,5583,140
6210,5803,3556
6211,6189,1227
6212,5721,1077
6213,5825,2972
6214,1999,1998
6215,6077,1805
6216,6176,6018
6217,6097,5995
6218,5846,2740
6219,5756,3685
6220,5604,2983
6221,3267,2585
6222,5852,3912
6223,6196,842
6224,6211,752
6225,5652,1074
6226,6192,2322
6227,6223,1411
6228,6006,830
6229,2421,276
6230,6125,731
6231,6227,2649
6232,5931,1100
6233,6224,3973
6234,5828,5771
6235,2428,1702
6236,5794,1005
6237,5594,1231
6238,5546,445
6239,6194,5938
6240,6132,3647
6241,6134,5978
6242,6079,330
6243,5710,1387
6244,5845,1895
6245,2850,2024
6246,6231,804
6247,3879,1355
6248,6056,6054
6249,6233,5813
6250,5490,1012
6251,6225,820
6252,6246,896
6253,6003,2201
6254,6153,918
6255,2290,607
6256,6252,841
6257,5918,1541
6258,1289,414
6259,2239,1148
6260,6249,6073
6261,6098,3272
6262,6138,5958
6263,2736,2663
6264,5891,5457
6265,5709,5414
6266,6048,2588
6267,6256,1920
6268,5880,1663
6269,6239,6207
6270,6122,6064
6271,6267,6254
6272,3637,2915
6273,2744,709
6274,6136,1038
6275,6031,5812
6276,6242,6226
6277,2216,537
6278,2728,1378
6279,6087,5954
6280,5444,1106
6281,6260,631
6282,6216,6112
6283,3844,2
6284,5727,1880
6285,6269,683
6286,6019,5766
6287,1703,818
6288,6076,711
6289,6023,5927
6290,3249,1197
6291,6290,5347
6292,2755,811
6293,6155,5445
6294,3240,3181
6295,6248,2334
6296,6271,744
6297,932,183
6298,1336,1190
6299,282,127
6300,6158,3676
6301,6281,3592
6302,5974,564
6303,6240,6186
6304,5816,2772
6305,6301,2859
6306,5894,1695
6307,6080,1595
6308,3684,819
6309,6084,6066
6310,6305,1653
6311,5591,1063
6312,6159,6034
6313,5947,226
6314,2172,315
6315,2589,627
6316,2101,1000
6317,6095,3139
6318,5890,1373
6319,6295,5996
6320,5902,2820
6321,5678,5666
6322,6296,1724
6323,2931,2538
6324,2304,1633
6325,295,69
6326,6241,1644
6327,1981,1718
6328,2658,2578
6329,5350,271
6330,6285,6029
6331,6322,1822
6332,2076,1277
6333,2065,1847
6334,2355,1447
6335,1482,970
6336,6104,561
6337,5925,1801
6338,2013,1080
6339,6319,2723
6340,3355,3059
6341,3026,2660
6342,3883,1799
6343,6310,5636
6344,6078,5898
6345,6331,2927
6346,5837,3096
6347,5917,1985
6348,6345,5831
6349,3749,2708
6350,6270,6184
6351,6282,6275
6352,6124,2003
6353,6222,5892
6354,6193,5976
6355,6001,526
6356,3853,3012
6357,6276,1278
6358,6330,6044
6359,159,36
6360,6195,2236
6361,5787,5571
6362,6343,2479
6363,6312,1612
6364,6257,6235
6365,1554,768
6366,5876,2373
6367,6160,2609
6368,6362,3576
6369,6348,6166
6370,3330,2227
6371,6358,2433
6372,3008,2123
6373,6059,6004
6374,6371,5949
6375,5687,5342
6376,6357,5956
6377,6069,3748
6378,5827,85
6379,1500,381
6380,6367,3105
6381,6369,6049
6382,6374,6315
6383,6376,688
6384,1526,925
6385,6381,889
6386,1344,845
6387,5985,5982
6388,5851,3551
6389,6336,6307
6390,3325,2831
6391,6383,6253
6392,6339,6304
6393,6385,6320
6394,6382,1203
6395,5969,1597
6396,6167,5930
6397,6306,3570
6398,6394,6146
6399,3587,3534
6400,6181,5667
6401,6393,749
6402,5992,2424
6403,6401,6274
6404,5904,128
6405,1142,1055
6406,6206,6062
6407,6398,792
6408,6407,899
6409,5945,3145
6410,3358,2028
6411,6300,6200
6412,6217,5986
6413,6408,6168
6414,6199,6187
6415,6061,2219
6416,6137,5874
6417,6391,851
6418,6090,1514
6419,2770,1958
6420,6142,1341
6421,5903,5775
6422,5936,5605
6423,5487,795
6424,6135,2773
6425,6218,2612
6426,6326,5926
6427,6417,775
6428,3157,1760
6429,6123,5734
6430,355,173
6431,6368,5739
6432,6151,2153
6433,6413,1364
6434,6205,3156
6435,2154,664
6436,6202,6111
6437,3934,1475
6438,6219,1931
6439,6352,6350
6440,6392,6188
6441,5795,2809
6442,6261,673
6443,6403,6389
6444,6289,324
6445,6433,730
6446,5943,1538
6447,6396,6329
6448,6412,3888
6449,6426,828
6450,6380,1853
6451,6197,619
6452,6209,5683
6453,6443,2579
6454,6445,511
6455,6262,2904
6456,2055,1169
6457,6272,6051
6458,3891,1962
6459,6191,3315
6460,5842,2693
6461,6341,3363
6462,2618,2037
6463,6453,6351
6464,6091,378
6465,6454,5714
6466,760,759
6467,2524,372
6468,3519,1726
6469,5786,881
6470,6388,2381
6471,2484,26
6472,6463,1884
6473,2893,2655
6474,6442,6431
6475,6439,620
6476,6465,6425
6477,1662,482
6478,6118,1130
6479,6347,6042
6480,6213,2016
6481,6440,262
6482,3482,3349
6483,6280,6140
6484,5989,3861
6485,3845,747
6486,1031,937
6487,6313,1627
6488,6154,2200
6489,2277,1110
6490,6230,767
6491,6364,1723
6492,6472,6318
6493,6083,5241
6494,6363,3317
6495,6481,6232
6496,3465,3223
6497,6198,1680
6498,5685,1664
6499,6427,969
6500,6303,6171
6501,6046,3823
6502,6492,3513
6503,5701,882
6504,6107,6017
6505,3072,721
6506,6450,6284
6507,6201,5935
6508,5807,5259
6509,6178,6020
6510,6447,2734
6511,6476,520
6512,6511,2235
6513,6474,2100
6514,6041,2398
6515,1405,813
6516,6502,857
6517,1935,1485
6518,5911,250
6519,2271,1121
6520,3979,3939
6521,6139,5777
6522,6449,1245
6523,6096,3138
6524,5884,1205
6525,6512,6150
6526,6499,6455
6527,6513,6204
6528,6516,1547
6529,6279,1738
6530,6459,1196
6531,5984,615
6532,6309,1092
6533,6525,1899
6534,1448,1235
6535,6236,2804
6536,2730,773
6537,6215,2924
6538,6344,2951
6539,6162,1555
6540,1261,630
6541,6460,6250
6542,5106,3857
6543,6533,6420
6544,6500,2763
6545,6088,2801
6546,3422,678
6547,912,595
6548,6334,2689
6549,6415,3414
6550,3116,1956
6551,6263,1440
6552,6264,1178
6553,3980,533
6554,6506,3988
6555,6494,2834
6556,3430,1717
6557,2475,105
6558,6527,6384
6559,6259,3507
6560,6243,603
6561,6247,927
6562,2674,2604
6563,6360,6086
6564,6543,3609
6565,6377,1356
6566,6528,1053
6567,6510,5536
6568,6424,5556
6569,6386,6129
6570,6466,679
6571,6554,2912
6572,6558,3677
6573,6495,6432
6574,6564,905
6575,6526,1975
6576,6566,893
6577,2292,699
6578,6576,926
6579,6321,3344
6580,6574,6529
6581,6212,3420
6582,5800,3867
6583,6572,3893
6584,3320,997
6585,6283,1955
6586,5823,2272
6587,6324,2113
6588,2400,2194
6589,6522,1490
6590,6399,6037
6591,5519,1509
6592,2784,1343
6593,6172,3242
6594,6575,2333
6595,6578,1200
6596,6530,2875
6597,6595,6327
6598,6302,2892
6599,6580,6177
6600,3040,486
6601,6597,3302
6602,3280,2049
6603,6298,1240
6604,6208,6043
6605,6337,6286
6606,6114,2830
6607,6601,3564
6608,3451,356
6609,6599,1727
6610,6148,2262
6611,6609,6594
6612,6220,244
6613,6607,6573
6614,6387,3870
6615,6583,3503
6616,6571,6055
6617,2038,560
6618,6316,6164
6619,6378,5609
6620,6493,5632
6621,6615,1248
6622,6354,4790
6623,6621,914
6624,6052,3176
6625,3106,362
6626,6323,2949
6627,2268,2001
6628,6623,6567
6629,2288,645
6630,3603,340
6631,6613,6478
6632,6268,3758
6633,1621,707
6634,6565,670
6635,6501,1871
6636,2764,574
6637,6549,5909
6638,6544,6180
6639,6418,1918
6640,6255,6133
6641,6421,5975
6642,2704,867
6643,6288,2293
6644,6603,6411
6645,6070,5253
6646,6448,6335
6647,2053,1954
6648,6405,2956
6649,2173,1089
6650,6266,1047
6651,6273,3142
6652,6611,6170
6653,1001,514
6654,3245,3028
6655,5370,3713
6656,6610,6434
6657,6563,6555
6658,6479,6349
6659,6353,6245
6660,6631,1699
6661,6596,2212
6662,6265,3486
6663,6395,2715
6664,6660,6577
6665,6251,648
6666,405,338
6667,6664,6616
6668,6635,6441
6669,2855,608
6670,6100,45
6671,6524,90
6672,6462,6009
6673,5901,1255
6674,5543,417
6675,6538,2813
6676,6509,2442
6677,6589,757
6678,6628,1300
6679,6456,2435
6680,6532,1260
6681,6370,6311
6682,6619,6507
6683,6638,6157
6684,6652,2198
6685,6287,1512
6686,6015,5064
6687,6355,2984
6688,6328,2684
6689,6552,6210
6690,6093,3
6691,6190,2987
6692,6537,2447
6693,6469,2208
6694,6683,6333
6695,1339,40
6696,5830,3188
6697,6503,3933
6698,2261,1882
6699,3916,100
6700,6400,6110
6701,6614,6521
6702,6361,3528
6703,6366,2540
6704,6404,1071
6705,6475,6436
6706,6568,6379
6707,6667,6338
6708,6640,1915
6709,2012,1462
6710,6680,618
6711,6487,6238
6712,6523,3512
6713,6684,6490
6714,3498,2347
6715,6464,844
6716,3352,684
6717,6491,2491
6718,6713,6451
6719,3463,1688
6720,6643,6535
6721,4999,265
6722,6677,6402
6723,6314,2014
6724,6409,3693
6725,6428,264
6726,2653,1465
6727,6669,6406
6728,6718,1015
6729,960,887
6730,1879,374
6731,6707,634
6732,3388,2283
6733,3371,823
6734,6731,2630
6735,5648,485
6736,1978,1153
6737,6734,965
6738,1036,375
6739,6605,6579
6740,3207,3144
6741,3583,1254
6742,2397,2002
6743,6663,6541
6744,6678,2179
6745,6737,6229
6746,6658,6452
6747,6646,3253
6748,6745,1770
6749,6691,2814
6750,6332,2402
6751,6497,6485
6752,6748,6489
6753,6661,5977
6754,6644,6536
6755,1902,5
6756,6161,723
6757,6752,6468
6758,6518,484
6759,2325,2225
6760,6757,769
6761,6317,1550
6762,6760,6419
6763,2873,2128
6764,6657,6634
6765,6504,1139
6766,6346,2703
6767,6736,6116
6768,6762,974
6769,6744,3381
6770,6722,2545
6771,6342,1629
6772,6768,1469
6773,5314,934
6774,6228,6115
6775,6531,2762
6776,6665,666
6777,6754,671
6778,2959,2940
6779,6569,1593
6780,2257,1640
6781,6679,431
6782,472,206
6783,2591,394
6784,2553,552
6785,3092,727
6786,6703,2614
6787,6772,551
6788,6769,6659
6789,6710,6480
6790,6787,2791
6791,6627,2427
6792,6397,6147
6793,5392,27
6794,6694,6416
6795,6668,6152
6796,6790,2119
6797,3690,2808
6798,6637,6446
6799,6173,1284
6800,6094,649
6801,6604,2624
6802,6435,1996
6803,6622,3627
6804,3065,2359
6805,6796,6653
6806,2790,827
6807,2617,1143
6808,2870,1751
6809,2451,1773
6810,6805,580
6811,2448,999
6812,6539,2305
6813,2159,855
6814,6788,703
6815,6508,3060
6816,5789,5764
6817,6700,6598
6818,6771,6517
6819,6798,3975
6820,384,19
6821,6751,6728
6822,6514,1495
6823,6803,1765
6824,1043,515
6825,6810,2981
6826,2196,1687
6827,3425,3250
6828,6581,2948
6829,6717,6467
6830,6372,3411
6831,6814,2735
6832,6591,6437
6833,6831,6656
6834,6423,3577
6835,6692,2627
6836,6291,1506
6837,3569,2077
6838,6770,6764
6839,3968,1081
6840,6375,907
6841,6498,6470
6842,6277,2571
6843,863,675
6844,6562,6422
6845,1491,1486
6846,2865,2562
6847,6825,1271
6848,2122,1228
6849,3089,737
6850,6689,1056
6851,6847,6483
6852,6632,6214
6853,6587,2793
6854,6244,1849
6855,6496,1366
6856,6650,1732
6857,2838,2132
6858,3281,3237
6859,6716,6237
6860,6851,6697
6861,6860,6570
6862,2884,738
6863,6833,1273
6864,6747,810
6865,6645,1929
6866,6863,2999
6867,2939,1246
6868,3362,1725
6869,6861,6802
6870,6688,6593
6871,6869,6550
6872,6746,6145
6873,6675,1112
6874,6871,1960
6875,6438,5645
6876,6874,6812
6877,6626,3737
6878,6821,6297
6879,6676,6672
6880,6705,6505
6881,6685,829
6882,6670,6102
6883,6414,2697
6884,3807,1683
6885,2817,1483
6886,2067,1524
6887,3326,2399
6888,6789,1270
6889,6105,2765
6890,6878,557
6891,6876,6553
6892,6777,6519
6893,6106,5987
6894,2048,958
6895,2229,1988
6896,6715,6163
6897,2824,2769
6898,6866,653
6899,6702,6365
6900,6753,6234
6901,6891,3793
6902,6477,1874
6903,6901,3565
6904,1970,1618
6905,2622,35
6906,3343,1617
6907,6693,2242
6908,6781,2267
6909,6890,809
6910,6410,2205
6911,3997,1553
6912,6903,2840
6913,6909,509
6914,6913,1135
6915,6739,1843
6916,894,531
6917,391,323
6918,6823,6727
6919,6914,6719
6920,6633,6560
6921,6838,6784
6922,6618,3333
6923,6912,6818
6924,6919,6651
6925,6923,931
6926,2741,573
6927,6732,919
6928,3553,3124
6929,6898,2862
6930,6743,6488
6931,771,284
6932,6925,1124
6933,6811,806
6934,6801,6486
6935,6929,3027
6936,6203,483
6937,6935,6221
6938,6932,713
6939,1896,1713
6940,6924,2839
6941,6940,478
6942,2963,1335
6943,6892,6429
6944,6938,3757
6945,6815,6712
6946,6944,1861
6947,6850,6373
6948,6649,3491
6949,1909,1632
6950,6624,2869
6951,6852,2966
6952,6794,6776
6953,3301,2161
6954,6865,948
6955,6937,6918
6956,6119,2650
6957,6946,536
6958,6786,6551
6959,6864,5957
6960,6795,3545
6961,6957,1057
6962,6875,3175
6963,6941,786
6964,6961,2548
6965,5471,3453
6966,6964,6879
6967,6963,521
6968,6816,6542
6969,6959,6704
6970,6951,6881
6971,6921,6797
6972,6774,617
6973,6967,875
6974,6782,230
6975,2586,1213
6976,2396,971
6977,6966,6873
6978,6547,6183
6979,6952,6592
6980,6880,3938
6981,5728,3688
6982,6973,6916
6983,6690,366
6984,6720,1987
6985,6844,2977
6986,6799,5843
6987,6829,6742
6988,1977,1392
6989,6830,6828
6990,6548,2598
6991,6359,6047
6992,6945,6308
6993,6726,2377
6994,6982,951
6995,6994,6832
6996,6995,2971
6997,6819,188
6998,6822,1583
6999,6900,6586
7000,3200,2631
7001,6977,1650
7002,6979,6724
7003,1010,638
7004,6005,1992
7005,6648,6258
7006,7001,1138
7007,7006,6953
7008,7007,1259
7009,6780,6482
7010,6642,6639
7011,689,131
7012,3714,3390
7013,6559,2754
7014,6444,2725
7015,7008,6955
7016,6996,6920
7017,6590,1910
7018,6620,6600
7019,6971,1458
7020,6984,6849
7021,2748,2603
7022,7016,2556
7023,7002,2195
7024,6840,884
7025,2766,1836
7026,6763,1775
7027,6556,2437
7028,6934,2316
7029,6835,2209
7030,6980,939
7031,7019,6888
7032,3804,3608
7033,2330,2217
7034,6922,6791
7035,6779,6671
7036,6278,2930
7037,2975,1887
7038,6520,2902
7039,3199,3000
7040,6907,2914
7041,6546,1767
7042,6778,6099
7043,2982,1937
7044,7030,6943
7045,6836,329
7046,7022,6930
7047,3840,404
7048,6867,2648
7049,6767,2913
7050,2887,1753
7051,1673,1171
7052,6990,6908
7053,6893,6457
7054,7023,6729
7055,6654,5535
7056,6749,6540
7057,6947,6557
7058,6958,14
7059,6582,826
7060,2336,2121
7061,6484,1330
7062,359,235
7063,6723,2783
7064,6858,6340
7065,6985,6872
7066,7046,642
7067,7020,2777
7068,6636,1162
7069,6662,6515
7070,7066,6954
7071,6701,3906
7072,7070,6817
7073,3166,3005
7074,3490,2004
7075,903,891
7076,6682,2659
7077,6862,2066
7078,1049,693
7079,2000,625
7080,3732,575
7081,6545,3957
7082,6698,2043
7083,6687,945
7084,6834,834
7085,7054,1812
7086,6969,98
7087,6999,6741
7088,6987,3120
7089,6058,5814
7090,7031,7013
7091,6800,6765
7092,6390,2779
7093,1157,976
7094,6986,3053
7095,7015,964
7096,6813,720
7097,2307,2275
7098,6978,2575
7099,6883,5866
7100,6561,3864
7101,6473,385
7102,7072,2506
7103,7102,652
7104,885,597
7105,959,956
7106,7044,1873
7107,7085,2916
7108,7107,6856
7109,2498,1406
7110,6758,1848
7111,7103,1208
7112,3473,349
7113,7111,6775
7114,816,174
7115,1332,967
7116,6756,3838
7117,7113,6826
7118,1733,616
7119,7117,535
7120,7090,7028
7121,6906,2919
7122,6711,5634
7123,6998,6681
7124,6766,1990
7125,6853,6804
7126,3097,1172
7127,6956,6706
7128,6117,2407
7129,7119,6641
7130,2531,1949
7131,7014,3535
7132,6820,163
7133,3284,2246
7134,6617,981
7135,7129,853
7136,6896,2937
7137,7135,591
7138,1045,455
7139,3969,646
7140,6674,2204
7141,3370,3091
7142,6792,3766
7143,6612,6174
7144,2558,2063
7145,7088,6708
7146,7137,3001
7147,3518,2026
7148,7095,1900
7149,7024,487
7150,6960,1712
7151,7146,2230
7152,7071,3809
7153,7148,7017
7154,7034,696
7155,2341,2151
7156,7029,6773
7157,6699,6666
7158,7058,7052
7159,7108,7041
7160,7151,6839
7161,3573,1432
7162,7065,6877
7163,7120,6870
7164,7159,2005
7165,3461,2499
7166,6997,2382
7167,6010,1276
7168,6988,6899
7169,7005,6915
7170,7069,6673
7171,6854,6067
7172,7051,6859
7173,3623,3595
7174,7087,6458
7175,7163,1397
7176,6886,6471
7177,6949,2822
7178,6845,946
7179,7153,7009
7180,7179,6842
7181,7045,6040
7182,7164,7115
7183,6991,222
7184,7010,6948
7185,7180,6936
7186,6696,1659
7187,6686,6035
7188,7175,681
7189,7185,854
7190,1501,242
7191,7160,7105
7192,6625,922
7193,6629,2482
7194,6761,5877
7195,7189,2667
7196,2471,998
7197,7195,6939
7198,6630,181
7199,7182,7104
7200,7150,780
7201,7191,3798
7202,6992,6965
7203,7012,6293
7204,6897,1867
7205,7201,6461
7206,7205,7078
7207,7154,6846
7208,7197,633
7209,7199,7100
7210,7206,697
7211,7098,3152
7212,6962,3589
7213,7210,7188
7214,7063,6730
7215,7166,3833
7216,6695,1444
7217,7208,7145
7218,3816,2092
7219,6785,1608
7220,2519,1252
7221,182,11
7222,7156,2025
7223,7025,6885
7224,7037,1846
7225,7217,6824
7226,7225,530
7227,3789,2698
7228,7136,2797
7229,1418,921
7230,7226,2795
7231,2639,2182
7232,7132,7086
7233,7152,6882
7234,6292,1851
7235,7224,6970
7236,7127,463
7237,7232,636
7238,7230,2452
7239,6837,2568
7240,6910,6894
7241,7092,2468
7242,7238,6911
7243,7242,6735
7244,6933,6714
7245,7162,2794
7246,447,48
7247,7131,3723
7248,7247,7038
7249,7161,7142
7250,7196,1905
7251,7084,6808
7252,1865,1102
7253,7124,7089
7254,7169,6647
7255,7236,1948
7256,7243,7209
7257,3241,1630
7258,7143,311
7259,7200,2401
7260,2532,2526
7261,7125,1517
7262,6884,3660
7263,7094,5566
7264,6793,158
7265,7202,7174
7266,6972,6855
7267,7214,7050
7268,2291,911
7269,6926,3406
7270,7158,7106
7271,7140,2718
7272,7000,6843
7273,7213,1947
7274,7056,1940
7275,7222,6928
7276,2611,2560
7277,7057,1893
7278,7273,3558
7279,7178,1791
7280,7068,2320
7281,7190,7122
7282,7256,519
7283,7172,3990
7284,7278,807
7285,7284,1792
7286,2521,1413
7287,6889,3112
7288,7067,6848
7289,7076,7042
7290,221,82
7291,7285,1443
7292,7282,7040
7293,7099,6721
7294,3641,1399
7295,7118,6750
7296,7035,3541
7297,6738,654
7298,7292,7184
7299,7298,2610
7300,7139,6588
7301,6356,3537
7302,7291,663
7303,7168,832
7304,7093,7026
7305,7237,7053
7306,7233,6725
7307,6927,3485
7308,7083,2581
7309,7302,1604
7310,7299,1212
7311,7309,7207
7312,7310,2696
7313,7091,2694
7314,7311,3830
7315,7312,7215
7316,6806,2692
7317,7293,7171
7318,7259,7254
7319,7116,6606
7320,3680,3546
7321,6608,2672
7322,7270,7123
7323,6585,2520
7324,2775,1755
7325,7314,2803
7326,7325,7235
7327,7315,3915
7328,7327,2114
7329,7021,1930
7330,7055,869
7331,6165,3673
7332,7239,996
7333,3644,1383
7334,2158,1286
7335,7328,817
7336,7326,961
7337,7296,3784
7338,7336,570
7339,7194,2502
7340,1419,568
7341,7245,6950
7342,6827,2350
7343,7228,6993
7344,6989,1401
7345,7344,1105
7346,7187,6975
7347,7248,3733
7348,7218,7061
7349,3034,2786
7350,1573,1533
7351,725,641
7352,7338,3815
7353,7352,7075
7354,2647,2527
7355,7186,3786
7356,2894,2675
7357,7018,1720
7358,7281,7255
7359,7288,7263
7360,7335,2419
7361,7251,7126
7362,7360,7261
7363,7353,3525
7364,7198,7192
7365,7362,1416
7366,7047,458
7367,2918,1025
7368,7363,2554
7369,7128,1262
7370,7170,6783
7371,7133,3304
7372,7079,6759
7373,755,294
7374,6976,3866
7375,7365,2574
7376,7375,883
7377,7376,1202
7378,6905,2516
7379,7368,2474
7380,7379,583
7381,6655,1635
7382,7250,7134
7383,7212,7059
7384,7262,890
7385,7380,968
7386,7385,7279
7387,7377,682
7388,7387,774
7389,7049,785
7390,2666,2029
7391,1911,1290
7392,7388,1837
7393,7392,7048
7394,7109,661
7395,1730,245
7396,3401,2274
7397,7386,7276
7398,7397,369
7399,7317,7289
7400,7274,6294
7401,7398,3946
7402,7401,7358
7403,7393,1467
7404,7308,7283
7405,7229,376
7406,7403,7240
7407,7406,7305
7408,3965,3219
7409,3045,2528
7410,7402,7223
7411,7306,7301
7412,7258,794
7413,7249,6857
7414,7004,2846
7415,7357,7339
7416,2549,2178
7417,7323,3455
7418,7064,3214
7419,3113,1944
7420,7275,1794
7421,6841,3477
7422,7410,2747
7423,7081,6895
7424,7337,7272
7425,7130,3516
7426,7267,116
7427,7147,7096
7428,7303,2054
7429,7407,1090
7430,7429,835
7431,6733,647
7432,7177,65
7433,7422,7351
7434,7433,2425
7435,7430,7253
7436,7176,582
7437,6534,60
7438,6981,6902
7439,7101,6868
7440,7435,7329
7441,7373,7319
7442,7434,7268
7443,7412,2934
7444,7428,239
7445,7077,2356
7446,2774,421
7447,7144,2281
7448,2719,489
7449,7322,2315
7450,7345,7203
7451,7440,7295
7452,7442,910
7453,7110,18
7454,7451,7332
7455,7421,6904
7456,3739,2365
7457,7454,2238
7458,7457,1293
7459,1223,1165
7460,3760,3416
7461,3567,611
7462,2089,1103
7463,7452,7330
7464,7463,674
7465,7464,7252
7466,7465,7181
7467,7420,7389
7468,7277,6942
7469,7266,2031
7470,7458,7318
7471,7411,1888
7472,7183,6299
7473,7082,797
7474,7343,7244
7475,861,676
7476,7234,7204
7477,7241,7033
7478,6807,1828
7479,437,50
7480,7470,6740
7481,7269,7027
7482,3800,2974
7483,7466,2418
7484,1771,726
7485,7300,2492
7486,7359,2592
7487,7413,7382
7488,7483,7404
7489,3159,2135
7490,7441,756
7491,7449,566
7492,7488,695
7493,7480,7370
7494,3783,1534
7495,2284,600
7496,7394,7003
7497,7114,753
7498,7491,7080
7499,7492,1140
7500,2944,897
7501,2444,516
7502,7499,7149
7503,7493,569
7504,7219,2640
7505,7445,2434
7506,7347,7265
7507,7502,2619
7508,7481,840
7509,7503,7436
7510,7304,2843
7511,6887,947
7512,7260,3066
7513,7450,556
7514,7498,7371
7515,7509,7361
7516,7507,7443
7517,7356,388
7518,7471,6755
7519,7416,7313
7520,7516,733
7521,7518,507
7522,7216,2731
7523,7141,3217
7524,7515,3901
7525,7524,505
7526,7286,1754
7527,3655,2392
7528,7468,609
7529,7490,7475
7530,7525,732
7531,7485,7211
7532,7489,7415
7533,7530,7405
7534,7381,3597
7535,7426,488
7536,7341,1961
7537,7418,3031
7538,2415,101
7539,7520,2986
7540,7539,1027
7541,7540,7477
7542,7541,2756
7543,7364,2517
7544,2876,1480
7545,7533,7526
7546,7487,7474
7547,2768,2214
7548,3759,1518
7549,7528,3111
7550,7545,2732
7551,7482,2645
7552,7467,7036
7553,7294,2073
7554,2998,2607
7555,7536,2670
7556,7542,543
7557,7510,7390
7558,7486,3497
7559,7556,2058
7560,7559,2362
7561,7165,3678
7562,7550,7532
7563,7447,7378
7564,7469,7271
7565,7427,7334
7566,7346,1158
7567,7562,3886
7568,2815,2518
7569,950,612
7570,7484,6809
7571,7534,1869
7572,7555,7354
7573,7543,7424
7574,7514,7355
7575,7574,770
7576,7560,1696
7577,7567,7521
7578,7400,7011
7579,3013,798
7580,7570,3167
7581,7513,3412
7582,7576,7399
7583,3125,120
7584,7577,0
7585,7414,3724
7586,2888,57
7587,7231,1906
7588,3772,2713
7589,7220,2722
7590,7575,7444
7591,3935,550
7592,7431,7374
7593,3321,2137
7594,7584,644
7595,1858,1377
7596,7572,986
7597,3563,3559
7598,7476,7307
7599,3614,3523
7600,7529,628
7601,7594,3566
7602,7601,7495
7603,7582,7367
7604,7603,6917
7605,512,154
7606,7604,1070
7607,2473,2180
7608,7602,7573
7609,7608,7478
7610,7609,7340
7611,3468,1256
7612,7557,665
7613,7193,555
7614,7558,1511
7615,7138,6983
7616,687,386
7617,7610,632
7618,7617,7121
7619,7618,7504
7620,2059,502
7621,7619,7391
7622,7508,2936
7623,7606,7112
7624,2818,1652
7625,7446,7321
7626,2668,64
7627,7621,3252
7628,7549,7409
7629,7627,7613
7630,7629,7505
7631,1946,1487
7632,7623,7432
7633,7632,7456
7634,7633,833
7635,7630,3568
7636,7634,1764
7637,7552,2351
7638,7637,7417
7639,7635,787
7640,7636,7565
7641,7640,7614
7642,3361,3119
7643,7563,2991
7644,7639,1179
7645,7537,7512
7646,7453,7290
7647,7297,941
7648,7644,7578
7649,7257,3093
7650,7596,7439
7651,7593,7448
7652,7548,7383
7653,7648,7546
7654,7590,2041
7655,7654,7622
7656,7331,6584
7657,7641,7459
7658,7628,7246
7659,7535,1565
7660,7566,7496
7661,7419,7167
7662,3779,1301
7663,7653,7350
7664,7581,7531
7665,7663,7517
7666,7657,321
7667,7461,450
7668,3474,3025
7669,7666,7600
7670,7585,2710
7671,7519,962
7672,7473,2898
7673,7665,7647
7674,6931,3828
7675,7655,7615
7676,7564,7287
7677,7673,3357
7678,7677,7595
7679,7221,6974
7680,7423,2903
7681,7366,7157
7682,7032,3562
7683,7620,7043
7684,7667,7316
7685,7678,621
7686,7669,2758
7687,7686,1574
7688,7687,2628
7689,2681,2469
7690,7650,44
7691,7685,2845
7692,7688,677
7693,7672,7324
7694,7280,858
7695,1866,1813
7696,7638,7455
7697,7675,7561
7698,7691,1288
7699,7568,3179
7700,7692,3586
7701,7700,7569
7702,7597,7349
7703,7500,7348
7704,7701,7651
7705,7697,7659
7706,7698,1115
7707,7706,7612
7708,7704,1698
7709,7472,121
7710,7707,7705
7711,7527,978
7712,7438,7039
7713,7712,3099
7714,7671,7342
7715,7511,821
7716,7664,7523
7717,7708,1060
7718,7591,1198
7719,7711,7658
7720,852,589
7721,6430,2752
7722,7717,7522
7723,7588,7425
7724,3999,2879
7725,7501,2852
7726,7722,584
7727,7726,690
7728,7227,7060
7729,7727,7616
7730,7710,1222
7731,7396,2922
7732,7652,7074
7733,7729,7544
7734,7589,3872
7735,7670,7579
7736,7437,4909
7737,2191,1898
7738,7592,3897
7739,991,592
7740,7730,7690
7741,7553,7384
7742,7733,7580
7743,7643,7460
7744,7732,3955
7745,7740,3718
7746,7742,2923
7747,7745,2488
7748,1519,980
7749,7746,953
7750,7097,578
7751,7625,2749
7752,6968,3720
7753,7738,788
7754,7703,7173
7755,7408,728
7756,3659,1229
7757,7607,7587
7758,7747,7624
7759,7758,2126
7760,7759,3598
7761,7760,7694
7762,7749,7494
7763,7762,1086
7764,7763,7699
7765,7764,2709
7766,7547,2789
7767,7765,2596
7768,7761,1735
7769,7768,7333
7770,7372,577
7771,7767,782
7772,2606,938
7773,7771,7605
7774,7744,7716
7775,7769,7719
7776,7775,2321
7777,2823,2504
7778,6709,2806
7779,2142,132
7780,7715,2780
7781,847,596
7782,7773,7709
7783,7782,7776
7784,6602,3731
7785,7656,3196
7786,7702,1830
7787,7734,1438
7788,2702,2231
7789,7783,7551
7790,7681,7676
7791,7724,525
7792,7787,2699
7793,7723,1302
7794,7680,3790
7795,2942,2140
7796,7538,7506
7797,7789,7645
7798,7713,7571
7799,7737,7714
7800,7497,3180
7801,7718,290
7802,3796,973
7803,7646,3942
7804,7774,7720
7805,7798,7796
7806,7583,1809
7807,7797,7598
7808,7807,2044
7809,7804,2613
7810,379,277
7811,2541,22
7812,3936,2032
7813,1769,1389
7814,7662,2985
7815,7735,2163
7816,7661,2890
7817,7806,7790
7818,7721,1123
7819,7799,2017
7820,2144,1236
7821,7791,7696
7822,7155,1969
7823,3794,3067
7824,954,870
7825,7819,7631
7826,7755,7642
7827,7693,3862
7828,7766,7751
7829,7828,7743
7830,7808,7780
7831,7830,3963
7832,1705,156
7833,7683,3174
7834,7809,7770
7835,7834,3268
7836,7801,1542
7837,7831,3810
7838,7837,1607
7839,7772,7731
7840,7838,7741
7841,7840,3994
7842,7684,668
7843,7793,2905
7844,2737,2706
7845,7805,7785
7846,7725,2906
7847,7792,7062
7848,7689,7586
7849,7815,7786
7850,7841,7814
7851,7850,7839
7852,7073,2061
7853,7851,7836
7854,7794,7753
7855,7853,7479
7856,7855,7781
7857,7856,7843
7858,7857,3542
7859,7858,7827
7860,7611,3353
7861,7842,7829
7862,7859,7778
7863,7845,2733
7864,3937,267
7865,7862,3654
7866,7865,7800
7867,7863,3741
7868,7802,7779
7869,7599,2841
7870,7833,7824
7871,7756,247
7872,7816,7754
7873,7795,7752
7874,7817,7811
7875,7849,7728
7876,7821,7820
7877,7876,3652
7878,1296,864
7879,2566,462
7880,7877,871
7881,7462,1845
7882,7777,2819
7883,7660,1023
7884,7748,308
7885,1522,718
7886,7825,7788
7887,2909,754
7888,7866,3548
7889,7888,7886
7890,7889,7757
7891,7890,7861
7892,3070,2587
7893,7891,2800
7894,7626,2363
7895,7880,7823
7896,7893,1455
7897,3030,1842
7898,7896,7847
7899,7898,7883
7900,7867,3628
7901,7900,7739
7902,7899,7860
7903,7902,6325
7904,7803,7682
7905,7818,7369
7906,7903,7846
7907,7906,3692
7908,7907,7871
7909,7908,563
7910,7909,402
7911,7649,1464
7912,7910,7848
7913,7750,7674
7914,7895,3926
7915,2989,1436
7916,7812,7784
7917,7912,513
7918,7917,7864
7919,7835,3780
7920,7919,7854
7921,7844,930
7922,7736,7679
7923,3323,2512
7924,7918,2826
7925,7881,7875
7926,7920,7914
7927,7924,1678
7928,7874,7668
7929,7928,7870
7930,7901,7395
7931,7927,7813
7932,7925,7872
7933,3782,3746
7934,7892,7884
7935,7931,7878
7936,7935,7921
7937,7936,7869
7938,7937,7894
7939,7810,7264
7940,7930,34
7941,7940,3765
7942,7929,7826
7943,7938,7922
7944,7943,3511
7945,7944,7868
7946,7945,393
7947,7941,7926
7948,7915,7554
7949,3141,160
7950,7873,380
7951,7923,3719
7952,7946,1953
7953,7952,7832
7954,7953,7882
7955,7954,7905
7956,7955,7934
7957,7956,7942
7958,7957,7951
7959,7947,917
7960,7948,7911
7961,7958,7887
7962,7932,2573
7963,7959,7939
7964,7961,2821
7965,7695,3599
7966,7964,7822
7967,7950,2147
7968,7885,3927
7969,7966,7962
7970,7879,71
7971,7969,7960
7972,7971,7913
7973,7972,1046
7974,7973,2683
7975,7963,2111
7976,7916,3538
7977,7967,3502
7978,7977,7974
7979,7978,2626
7980,7975,7968
7981,7976,3010
7982,7981,3191
7983,7979,534
7984,7983,7980
7985,7984,7949
7986,7985,7965
7987,7986,7904
7988,7982,7852
7989,7988,7987
7990,7989,7320
7991,7990,3777
7992,7970,3715
7993,7992,3745
7994,7991,7933
7995,7994,3894
7996,7993,651
7997,7996,7897
7998,7997,7995
