4000,2338,1598
4001,3643,2145
4002,4001,3885
4003,4000,3261
4004,2279,2030
4005,2340,2138
4006,4002,3977
4007,3069,1281
4008,3686,2860
4009,4007,2309
4010,4003,2395
4011,4004,477
4012,3539,3526
4013,4009,2133
4014,3827,3712
4015,4006,2497
4016,4010,1315
4017,3755,2746
4018,1242,433
4019,4005,96
4020,4013,2559
4021,4015,3292
4022,4011,2243
4023,3707,2374
4024,3950,1201
4025,4021,3920
4026,4019,1951
4027,3650,2070
4028,4020,2051
4029,4028,33
4030,4022,2306
4031,4024,3763
4032,4027,1013
4033,4018,2383
4034,3768,3346
4035,1926,1857
4036,3068,3036
4037,4025,1219
4038,4016,3208
4039,4030,2661
4040,1096,390
4041,3290,150
4042,4037,3377
4043,3600,3427
4044,4033,1098
4045,4032,2387
4046,4026,94
4047,4038,2403
4048,3530,3108
4049,4029,4023
4050,3928,3666
4051,4031,3689
4052,3860,3088
4053,4039,3110
4054,2430,2287
4055,3023,41
4056,3153,1177
4057,4045,74
4058,4052,4017
4059,409,207
4060,4042,1073
4061,3298,2118
4062,4047,4043
4063,3448,3234
4064,4058,3260
4065,4012,117
4066,4049,2074
4067,4044,53
4068,4041,3033
4069,4060,4048
4070,3095,2259
4071,2331,2302
4072,3019,47
4073,4062,1357
4074,2582,220
4075,4069,3734
4076,4066,4056
4077,3970,79
4078,4073,3300
4079,4075,4008
4080,4067,4040
4081,4014,3146
4082,3279,3015
4083,389,20
4084,3711,3691
4085,4050,4035
4086,4078,4051
4087,4055,3203
4088,3919,3899
4089,4068,3856
4090,3982,2264
4091,4076,2339
4092,2057,1649
4093,4053,2849
4094,3698,3555
4095,2222,1742
4096,4079,3998
4097,4072,3057
4098,4096,2466
4099,3429,3276
4100,3319,3259
4101,2464,1984
4102,4087,4085
4103,1131,815
4104,4064,3606
4105,4081,1188
4106,4046,4036
4107,4034,3681
4108,4065,1084
4109,4090,1137
4110,4106,4086
4111,3770,3391
4112,3610,3601
4113,4091,4054
4114,4101,4098
4115,3496,43
4116,398,367
4117,2099,2035
4118,3695,1523
4119,4080,2164
4120,4093,2008
4121,4104,2729
4122,1838,1544
4123,4114,4061
4124,3805,3022
4125,4077,3064
4126,4089,3246
4127,4070,1657
4128,4074,490
4129,215,77
4130,4057,2294
4131,3633,135
4132,4105,4095
4133,4126,4107
4134,4120,1154
4135,2662,1093
4136,4088,3908
4137,4071,1881
4138,4119,4103
4139,4132,3438
4140,2120,497
4141,2580,429
4142,4110,124
4143,3456,3173
4144,4063,1144
4145,1446,1018
4146,4111,3447
4147,4134,1892
4148,3047,2317
4149,4136,4097
4150,2679,1439
4151,4142,4122
4152,1778,1133
4153,4113,2232
4154,3205,1968
4155,3629,3244
4156,2273,2199
4157,253,112
4158,4143,4099
4159,4117,3561
4160,4153,3799
4161,4138,714
4162,4121,3083
4163,4123,2443
4164,3359,3187
4165,4092,2378
4166,4135,4131
4167,4083,3909
4168,4059,3753
4169,410,138
4170,3183,3004
4171,4161,4147
4172,151,86
4173,4148,2328
4174,4163,4139
4175,285,75
4176,401,368
4177,4125,1647
4178,4137,204
4179,1834,251
4180,4151,3954
4181,4133,4115
4182,4128,4108
4183,2536,1195
4184,3943,2104
4185,3365,3310
4186,2244,2233
4187,3769,3683
4188,4124,2391
4189,3403,1566
4190,2477,1675
4191,4180,3459
4192,1489,1478
4193,4156,3229
4194,3441,246
4195,2181,465
4196,4152,1349
4197,4174,4084
4198,2522,1631
4199,2886,1536
4200,4173,4130
4201,2071,168
4202,1481,353
4203,1150,1052
4204,3506,2149
4205,4102,1928
4206,3961,1513
4207,4191,1425
4208,1347,371
4209,4116,72
4210,2685,1890
4211,3131,89
4212,4160,3100
4213,4162,4154
4214,3220,243
4215,4145,1321
4216,4197,2438
4217,4166,1039
4218,449,152
4219,3098,1924
4220,3554,1777
4221,4127,1734
4222,4149,3717
4223,3449,3029
4224,4212,1504
4225,4177,4170
4226,231,107
4227,4168,3596
4228,3905,3902
4229,4158,3674
4230,4225,4216
4231,4189,1265
4232,4109,3469
4233,2832,1423
4234,4190,1567
4235,3184,3094
4236,4224,4217
4237,4178,146
4238,4214,4094
4239,4181,4155
4240,4200,4165
4241,1661,501
4242,2412,1220
4243,62,12
4244,4210,4118
4245,4211,237
4246,4146,3374
4247,4129,2816
4248,3761,97
4249,3495,3198
4250,4207,3254
4251,4232,4171
4252,453,261
4253,1275,1082
4254,4205,1283
4255,4176,392
4256,4236,901
4257,4250,4204
4258,4182,170
4259,4239,2564
4260,4240,1338
4261,4256,2487
4262,4184,2511
4263,4169,354
4264,4193,1292
4265,4233,3814
4266,4188,2523
4267,3671,1107
4268,1342,963
4269,1772,1589
4270,257,59
4271,4192,1815
4272,4254,1020
4273,4112,2368
4274,3967,2352
4275,4238,4213
4276,4257,1886
4277,4100,3959
4278,4198,1825
4279,1334,1272
4280,4195,3846
4281,4259,1747
4282,3781,252
4283,4261,1676
4284,4221,3051
4285,4247,73
4286,1433,357
4287,3369,413
4288,2183,2129
4289,4269,3529
4290,4251,2632
4291,3294,1615
4292,4264,4206
4293,4230,3269
4294,4208,3382
4295,2192,2064
4296,4260,1840
4297,4243,171
4298,2393,2337
4299,4159,2301
4300,4227,2878
4301,4201,2353
4302,4276,103
4303,4244,2550
4304,3457,2680
4305,4283,762
4306,3440,3243
4307,2343,1040
4308,4293,3400
4309,4255,119
4310,4281,3819
4311,4229,3356
4312,4237,3137
4313,4272,3212
4314,4305,3164
4315,4082,1979
4316,4302,4284
4317,4308,3670
4318,2255,2174
4319,4314,2007
4320,3307,3041
4321,4141,9
4322,4317,2256
4323,4248,3958
4324,4290,4175
4325,4296,1692
4326,3085,2546
4327,3470,1941
4328,4313,4199
4329,3372,2380
4330,1577,1035
4331,4241,722
4332,4310,3742
4333,3514,1991
4334,4325,2308
4335,3904,3079
4336,495,403
4337,3966,3922
4338,1180,527
4339,4179,1430
4340,3907,1457
4341,3413,2844
4342,4319,2010
4343,2314,1311
4344,3395,46
4345,1087,880
4346,4306,4222
4347,4246,4235
4348,2432,2375
4349,4271,4245
4350,3708,1826
4351,4332,4220
4352,4297,1329
4353,3869,3210
4354,4288,4172
4355,3192,2193
4356,4324,4183
4357,3366,1122
4358,3332,2176
4359,4292,1557
4360,440,218
4361,3540,1400
4362,4326,2329
4363,4316,4312
4364,4331,4203
4365,1068,793
4366,4328,1708
4367,3384,287
4368,4299,3588
4369,4263,2565
4370,4342,3900
4371,4266,3820
4372,4300,3826
4373,4167,4144
4374,3373,2584
4375,1835,1605
4376,4356,742
4377,3221,1295
4378,2507,2202
4379,2514,1746
4380,4366,4343
4381,2218,1141
4382,3385,1994
4383,4322,4196
4384,4301,2988
4385,4376,4265
4386,4370,219
4387,4334,1168
4388,3103,2455
4389,4274,192
4390,260,255
4391,1601,37
4392,4347,4311
4393,4386,115
4394,3375,3222
4395,442,281
4396,4393,3299
4397,3773,3273
4398,2276,17
4399,4315,1497
4400,4285,1375
4401,3136,491
4402,4268,1814
4403,1877,1320
4404,4223,370
4405,1193,1006
4406,3721,4
4407,4363,4289
4408,4387,2332
4409,4351,3285
4410,4383,4234
4411,3286,3018
4412,4396,3971
4413,3626,3510
4414,4275,876
4415,3213,1266
4416,4359,3743
4417,4267,1230
4418,3910,1660
4419,4412,1282
4420,4150,2917
4421,4278,3123
4422,3831,3225
4423,4219,1126
4424,3306,929
4425,4385,987
4426,200,167
4427,1967,1856
4428,3211,3209
4429,3778,1603
4430,4409,3785
4431,4407,3043
4432,4298,2282
4433,1757,460
4434,2472,1251
4435,3314,317
4436,4431,3504
4437,4402,508
4438,4371,3258
4439,4321,184
4440,4253,1308
4441,2344,1299
4442,4419,1398
4443,4404,3675
4444,4282,307
4445,4425,1114
4446,4430,4303
4447,4416,1132
4448,4164,279
4449,4442,1037
4450,3547,2335
4451,4421,1239
4452,4187,4140
4453,4414,4392
4454,3160,3087
4455,4280,2388
4456,4368,3802
4457,4372,2108
4458,4436,4374
4459,4360,300
4460,3399,2759
4461,1125,626
4462,4408,2081
4463,4242,3329
4464,4215,1463
4465,4304,3590
4466,4389,343
4467,4380,344
4468,4445,658
4469,4294,3986
4470,439,108
4471,4277,3918
4472,1498,1224
4473,4287,2240
4474,3394,3257
4475,4458,1883
4476,4410,4327
4477,4345,3387
4478,4449,1337
4479,4375,339
4480,3921,1552
4481,4352,310
4482,4438,4231
4483,4468,4365
4484,3283,3193
4485,4478,4361
4486,4475,2047
4487,4323,1758
4488,4446,2877
4489,4262,2955
4490,4467,3297
4491,4373,3634
4492,2928,314
4493,4355,4286
4494,4349,1737
4495,2962,1127
4496,438,259
4497,4400,298
4498,3228,2367
4499,4369,3854
4500,4333,4258
4501,4185,3488
4502,4471,3309
4503,3172,1450
4504,4486,1306
4505,4338,1367
4506,4320,1083
4507,4504,4411
4508,4485,4462
4509,2621,1868
4510,4367,4307
4511,4476,4384
4512,3347,500
4513,4490,2911
4514,3101,1503
4515,3313,1831
4516,4477,2103
4517,4466,4447
4518,3825,2938
4519,906,15
4520,4483,1186
4521,4186,1079
4522,4364,1505
4523,4480,4451
4524,4273,3527
4525,470,51
4526,3340,2423
4527,4399,1529
4528,4346,2297
4529,4520,4354
4530,4461,4339
4531,587,118
4532,4456,3132
4533,3002,1384
4534,4279,1579
4535,2085,1710
4536,4270,423
4537,3944,3574
4538,4528,2056
4539,4513,1368
4540,4488,3178
4541,4511,1959
4542,4455,1372
4543,3128,3046
4544,2361,1415
4545,4391,2360
4546,4529,2097
4547,3185,2742
4548,4539,3960
4549,4417,1646
4550,4295,1051
4551,4403,1017
4552,4540,1101
4553,4401,2450
4554,4514,4418
4555,4507,1434
4556,4500,3709
4557,3517,3472
4558,2686,629
4559,292,238
4560,3638,3492
4561,425,337
4562,4541,2105
4563,4552,4453
4564,1876,360
4565,4555,3648
4566,4508,1606
4567,1382,935
4568,4228,3945
4569,4566,2420
4570,2234,210
4571,4473,199
4572,4405,3056
4573,4565,1537
4574,498,275
4575,4506,3090
4576,3836,3378
4577,4341,3868
4578,4335,3479
4579,4573,4517
4580,4546,4497
4581,4202,2170
4582,3171,104
4583,4420,286
4584,3197,1424
4585,1530,1379
4586,4567,4548
4587,4348,2015
4588,4530,4427
4589,2751,2608
4590,4532,1819
4591,4522,4499
4592,4554,4482
4593,236,202
4594,4489,1091
4595,2567,838
4596,4381,1417
4597,4437,1586
4598,4549,4377
4599,1333,1297
4600,4440,1386
4601,4249,1917
4602,4562,2508
4603,420,318
4604,106,42
4605,1860,1643
4606,4586,4569
4607,4329,1619
4608,4362,68
4609,4580,4494
4610,3895,860
4611,3021,270
4612,4602,4423
4613,4505,4459
4614,4519,4441
4615,2534,879
4616,2296,784
4617,2060,1591
4618,4465,1029
4619,4579,4516
4620,4209,350
4621,4556,3762
4622,4330,2185
4623,2454,189
4624,4491,4413
4625,4559,4309
4626,2480,1095
4627,3940,3722
4628,179,61
4629,3238,331
4630,4515,3775
4631,4502,3694
4632,1204,88
4633,4524,4429
4634,4406,291
4635,2326,1041
4636,4521,3236
4637,4544,2880
4638,4581,1681
4639,4576,4194
4640,3024,1585
4641,4394,3084
4642,805,635
4643,4619,4493
4644,4609,4378
4645,299,186
4646,4452,4218
4647,3061,3003
4648,334,258
4649,1914,778
4650,4612,1304
4651,3669,1206
4652,2943,2836
4653,4543,3887
4654,4503,949
4655,2812,2792
4656,4509,1885
4657,4397,452
4658,4457,4395
4659,3402,3322
4660,4553,2646
4661,4358,3189
4662,4594,3914
4663,2861,1894
4664,4598,3622
4665,4611,129
4666,1923,1648
4667,4536,4439
4668,2637,2088
4669,4613,1602
4670,4542,278
4671,4643,3255
4672,4379,2150
4673,4527,4510
4674,4382,4291
4675,4534,979
4676,2638,2354
4677,4671,3972
4678,4432,2096
4679,3653,3581
4680,4550,395
4681,1787,1257
4682,4450,2509
4683,4644,1560
4684,2547,1345
4685,1435,1028
4686,4588,1217
4687,4677,4472
4688,4577,3624
4689,2130,1253
4690,4523,2366
4691,4649,3859
4692,4398,1350
4693,4618,1919
4694,4659,2827
4695,4664,4650
4696,4653,4590
4697,3817,2143
4698,4606,4591
4699,4434,4426
4700,4673,1422
4701,1761,1216
4702,2602,1044
4703,4512,4463
4704,4634,4563
4705,4474,1976
4706,4687,1034
4707,4623,4538
4708,3165,2760
4709,3312,229
4710,3435,1891
4711,4621,1291
4712,1693,400
4713,4583,1471
4714,4706,2160
4715,4444,280
4716,4646,3929
4717,4564,1707
4718,4683,916
4719,4714,4592
4720,4422,3877
4721,3824,2993
4722,3170,1656
4723,4637,2691
4724,4704,4624
4725,3155,2372
4726,4603,272
4727,4695,4587
4728,2757,1108
4729,796,739
4730,4663,4571
4731,4578,3232
4732,3849,3619
4733,2881,837
4734,3803,397
4735,4469,416
4736,4600,3615
4737,4727,2781
4738,4336,418
4739,2594,705
4740,2112,1429
4741,4496,3835
4742,4702,4388
4743,4698,1187
4744,4660,2414
4745,4690,1393
4746,4672,2978
4747,4665,3049
4748,3397,3161
4749,4669,1164
4750,4595,791
4751,4718,4700
4752,4686,412
4753,4484,3499
4754,4743,1904
4755,4560,1821
4756,3705,468
4757,4479,2866
4758,4719,4596
4759,4668,2300
4760,4754,4599
4761,4749,4614
4762,1913,1645
4763,4711,1390
4764,4622,4357
4765,3345,1611
4766,3735,2635
4767,4744,2485
4768,4737,975
4769,4751,28
4770,4424,1104
4771,3380,268
4772,4443,1454
4773,1274,1067
4774,1376,923
4775,4344,3996
4776,4760,4638
4777,4713,1237
4778,4776,2136
4779,4769,1214
4780,4688,4662
4781,4350,3078
4782,4626,4535
4783,4340,283
4784,3764,1209
4785,2152,1580
4786,4752,4675
4787,3432,1348
4788,984,70
4789,4157,143
4790,3354,3122
4791,4558,1510
4792,4252,223
4793,4735,4689
4794,312,91
4795,4657,4518
4796,1925,1810
4797,4758,4635
4798,4654,358
4799,4353,3407
4800,3481,2910
4801,4470,6
4802,4585,2310
4803,2248,1452
4804,2678,2148
4805,4572,2260
4806,4667,4525
4807,4724,4656
4808,4755,1532
4809,4608,4337
4810,3995,2169
4811,1551,1002
4812,2837,2798
4813,4778,3348
4814,3169,2738
4815,4775,1824
4816,4501,1548
4817,4733,4498
4818,4730,3892
4819,4720,4633
4820,4741,4705
4821,4782,4597
4822,4779,4684
4823,3818,3360
4824,4574,196
4825,4648,346
4826,4802,776
4827,4762,4681
4828,3728,3318
4829,4415,3871
4830,4770,2078
4831,1870,1562
4832,4780,4750
4833,4495,1033
4834,3932,435
4835,3331,383
4836,4708,579
4837,3913,2006
4838,4699,1075
4839,3858,3251
4840,4604,4481
4841,4435,266
4842,4777,1076
4843,4658,639
4844,4797,3642
4845,872,476
4846,4454,3073
4847,4670,2311
4848,4652,3812
4849,4655,2926
4850,4740,2107
4851,4682,1878
4852,4531,2711
4853,4844,2676
4854,4813,3984
4855,4807,4747
4856,4610,1613
4857,4640,3657
4858,4636,2458
4859,4734,134
4860,4726,161
4861,4448,3417
4862,4768,2286
4863,4547,1119
4864,4601,2075
4865,4616,3127
4866,4433,2348
4867,2743,303
4868,4694,3875
4869,4676,2687
4870,4794,4487
4871,4832,4822
4872,3702,1032
4873,1729,191
4874,1402,365
4875,3376,3016
4876,4723,2557
4877,4766,4460
4878,4854,915
4879,2761,2677
4880,3821,2207
4881,3571,2324
4882,4631,25
4883,2408,1507
4884,4763,137
4885,1572,424
4886,4878,4761
4887,2825,2593
4888,4853,662
4889,4838,4742
4890,4627,4537
4891,149,10
4892,1614,1269
4893,4753,4630
4894,4757,1085
4895,4607,2854
4896,4888,1859
4897,3985,3218
4898,3182,2641
4899,4725,2098
4900,3339,1739
4901,4575,3730
4902,4584,3806
4903,4871,940
4904,1370,407
4905,4896,1322
4906,3162,1460
4907,4826,4745
4908,4855,4557
4909,316,306
4910,3651,256
4911,4764,3487
4912,4736,2376
4913,4625,273
4914,3039,892
4915,4862,2572
4916,4716,4226
4917,4691,3428
4918,972,736
4919,3832,3797
4920,1686,363
4921,4645,351
4922,4905,4680
4923,993,765
4924,4886,4318
4925,4696,3544
4926,4615,1156
4927,4746,4678
4928,4703,1473
4929,4772,4641
4930,4721,475
4931,4915,4793
4932,4908,2996
4933,4617,4570
4934,4924,4786
4935,4791,849
4936,4932,1590
4937,2390,593
4938,4551,1319
4939,1247,790
4940,4903,1062
4941,4701,1827
4942,4895,3625
4943,4936,4861
4944,4639,1327
4945,4922,4767
4946,4836,4729
4947,466,313
4948,712,545
4949,4847,1353
4950,4693,4390
4951,4545,4492
4952,1394,434
4953,1359,843
4954,4561,133
4955,4907,122
4956,4940,789
4957,3409,2947
4958,4858,3792
4959,1795,1358
4960,1748,1674
4961,4876,4812
4962,1437,1210
4963,4943,4857
4964,4738,4628
4965,4942,2091
4966,4759,1113
4967,4863,1973
4968,4820,694
4969,4710,4707
4970,3751,2542
4971,933,610
4972,4927,4661
4973,4865,4829
4974,4912,4850
4975,4842,1211
4976,2079,1414
4977,4945,1022
4978,185,67
4979,3081,716
4980,4818,3549
4981,4804,2456
4982,4901,2885
4983,3231,803
4984,4873,1839
4985,4882,4620
4986,4977,4917
4987,4852,3631
4988,4833,862
4989,1494,175
4990,3215,3006
4991,3672,446
4992,4883,4827
4993,4533,3873
4994,4935,2470
4995,4845,4679
4996,3311,2895
4997,4568,3632
4998,4934,4856
4999,176,31
5000,3964,2313
5001,4986,4974
5002,4968,3052
5003,4464,2251
5004,4816,4674
5005,3948,2495
5006,2465,2215
5007,4956,3009
5008,274,205
5009,4931,2379
5010,1811,496
5011,3852,3074
5012,4849,2829
5013,4821,1559
5014,3404,1571
5015,4632,1561
5016,4843,148
5017,457,56
5018,2671,1927
5019,5005,5001
5020,4944,3978
5021,4771,2788
5022,1408,529
5023,2019,1194
5024,2278,1709
5025,4996,2371
5026,5007,4788
5027,4806,3532
5028,5009,4859
5029,4992,4961
5030,3822,3661
5031,4848,3682
5032,4831,1279
5033,4799,2848
5034,4963,4808
5035,4765,3437
5036,5019,1666
5037,5026,540
5038,3729,232
5039,4728,2615
5040,4926,2945
5041,4998,4774
5042,4929,4928
5043,2494,2168
5044,4841,194
5045,2258,686
5046,4949,4582
5047,4980,2970
5048,3265,3082
5049,5034,3884
5050,4872,1965
5051,3991,2189
5052,415,254
5053,4717,1340
5054,5013,1111
5055,3925,1388
5056,4925,4874
5057,1622,1456
5058,4685,1285
5059,4809,3202
5060,3665,233
5061,4860,4840
5062,4803,2141
5063,4798,263
5064,3392,3158
5065,4783,1218
5066,5041,4987
5067,3020,302
5068,1932,1466
5069,4946,4894
5070,1768,296
5071,4815,1313
5072,3744,2995
5073,4692,2929
5074,5028,4971
5075,4952,4902
5076,3389,304
5077,3865,2467
5078,5071,4712
5079,4938,1677
5080,4526,1021
5081,3483,13
5082,5066,4889
5083,4884,743
5084,2643,1986
5085,4805,750
5086,426,187
5087,4731,3855
5088,5053,1410
5089,3630,1701
5090,2461,541
5091,178,84
5092,4939,781
5093,5049,3837
5094,4972,4965
5095,2665,2590
5096,4995,4911
5097,5037,517
5098,5093,4982
5099,4801,493
5100,1697,1324
5101,3275,3035
5102,4846,1651
5103,2634,2134
5104,5082,2139
5105,1691,1030
5106,3602,3505
5107,481,87
5108,2897,2891
5109,451,130
5110,5036,4970
5111,4899,2714
5112,4651,2157
5113,504,319
5114,1395,419
5115,5104,1184
5116,5097,4887
5117,5059,2220
5118,5115,2847
5119,5020,848
5120,5110,1952
5121,4966,601
5122,4864,4589
5123,4787,1181
5124,5054,2436
5125,5050,5027
5126,5074,2082
5127,4870,1134
5128,5120,5051
5129,4869,2493
5130,1170,572
5131,5116,606
5132,4988,2907
5133,5079,1129
5134,5126,203
5135,3396,3007
5136,5083,1833
5137,5094,2023
5138,4913,1655
5139,5131,2712
5140,4795,3500
5141,5002,1704
5142,4814,3931
5143,5098,190
5144,4890,3256
5145,5134,4958
5146,5056,2750
5147,4921,1950
5148,5128,5025
5149,5118,4933
5150,5139,1445
5151,4900,4868
5152,1916,1116
5153,5143,4973
5154,5016,4920
5155,4819,524
5156,5150,3104
5157,5047,4919
5158,4955,995
5159,3017,444
5160,4951,1323
5161,4914,2476
5162,5156,1167
5163,4739,38
5164,944,800
5165,1516,1365
5166,3896,3062
5167,3663,624
5168,5137,2327
5169,4866,1714
5170,4969,473
5171,1280,1149
5172,5148,2385
5173,2072,772
5174,2785,227
5175,5162,1396
5176,5149,5029
5177,5154,3898
5178,5073,4923
5179,5172,2530
5180,2633,2323
5181,4647,3248
5182,4904,1346
5183,1543,111
5184,5179,5087
5185,5146,4810
5186,5175,4975
5187,5021,2543
5188,5039,4950
5189,5160,2228
5190,5169,4941
5191,5176,5069
5192,4981,3383
5193,4994,2462
5194,5043,5003
5195,4800,4605
5196,5086,5044
5197,1749,411
5198,467,322
5199,4891,348
5200,3989,3591
5201,5141,3509
5202,5184,4796
5203,5085,3227
5204,5191,1016
5205,5024,4830
5206,4789,1
5207,3949,3811
5208,4781,3531
5209,1175,1094
5210,2896,2254
5211,5145,3293
5212,5211,3536
5213,5153,659
5214,5186,990
5215,4893,2570
5216,2961,604
5217,2883,297
5218,5213,5202
5219,3791,2965
5220,5010,4715
5221,5177,751
5222,5204,3953
5223,461,406
5224,717,528
5225,5212,1441
5226,4867,3342
5227,5124,1897
5228,5158,2753
5229,5119,1568
5230,4906,3054
5231,4897,2688
5232,5076,1776
5233,3952,2252
5234,3874,1061
5235,5218,1502
5236,4979,4851
5237,1361,1238
5238,5012,4756
5239,5214,1050
5240,4993,4709
5241,3350,3305
5242,5057,4984
5243,3616,3462
5244,3947,1793
5245,5061,4885
5246,5193,1784
5247,5221,1818
5248,5168,1120
5249,5100,2188
5250,441,341
5251,4828,3442
5252,2486,1563
5253,387,144
5254,5095,4962
5255,5138,5038
5256,5102,4985
5257,5222,5045
5258,3494,1499
5259,3418,1600
5260,3296,1832
5261,2446,2009
5262,2990,1391
5263,5185,5096
5264,4948,605
5265,2411,155
5266,5133,5070
5267,4877,3649
5268,5052,3117
5269,5155,5004
5270,3639,3618
5271,5257,1263
5272,3289,1679
5273,5035,4983
5274,2478,1354
5275,3795,1403
5276,4976,1634
5277,1642,1624
5278,2656,212
5279,5271,5228
5280,5072,109
5281,3058,234
5282,1638,602
5283,3235,7
5284,5201,1665
5285,5239,3801
5286,3201,1312
5287,4839,2213
5288,5225,598
5289,5227,1740
5290,5092,2933
5291,1409,565
5292,5164,5125
5293,4964,52
5294,3336,2810
5295,3224,1054
5296,5015,510
5297,5033,4880
5298,5065,5011
5299,1109,586
5300,5136,197
5301,4835,1515
5302,4823,2952
5303,5279,746
5304,3048,436
5305,2652,1508
5306,5032,3464
5307,5288,1626
5308,5157,3452
5309,2673,55
5310,5151,1351
5311,3433,3154
5312,5303,3594
5313,5231,1472
5314,3710,1763
5315,5195,1128
5316,1721,1183
5317,5187,2720
5318,5285,5040
5319,5127,2625
5320,1008,58
5321,4967,2551
5322,5235,904
5323,5105,1863
5324,5142,1066
5325,5312,5242
5326,5256,1852
5327,4898,2405
5328,5170,333
5329,4773,1072
5330,5307,2116
5331,5289,1146
5332,2856,157
5333,5248,4837
5334,5318,982
5335,5132,1625
5336,5182,5152
5337,5077,5063
5338,5308,5216
5339,3697,1796
5340,5123,2867
5341,3270,2716
5342,3303,142
5343,5322,1461
5344,5166,5144
5345,5343,5284
5346,3121,2510
5347,4824,24
5348,5194,1009
5349,5324,5189
5350,5330,5000
5351,3696,3115
5352,2599,865
5353,5046,2039
5354,2705,655
5355,5161,1250
5356,5088,5060
5357,4916,3668
5358,5345,5078
5359,5188,2266
5360,3611,2269
5361,5117,4784
5362,165,30
5363,5244,3767
5364,4930,377
5365,1191,588
5366,3419,2767
5367,5325,5237
5368,5062,4959
5369,5350,3071
5370,3086,1381
5371,5334,5300
5372,1594,836
5373,5042,3560
5374,2146,2127
5375,5203,5080
5376,2165,1569
5377,3038,2778
5378,5367,909
5379,5246,710
5380,2406,1706
5381,3055,2853
5382,2457,1042
5383,5331,5190
5384,5075,1117
5385,5328,382
5386,4989,4879
5387,1316,325
5388,3575,3126
5389,3756,1802
5390,4697,2463
5391,4666,1244
5392,347,327
5393,5378,2864
5394,5215,3550
5395,5147,139
5396,5338,2707
5397,5130,928
5398,5371,1694
5399,4997,3736
5400,5369,2745
5401,5247,332
5402,5293,5197
5403,2417,1841
5404,3393,2416
5405,4785,2086
5406,5393,1426
5407,5310,2319
5408,2503,1581
5409,3522,213
5410,1493,1189
5411,5406,2247
5412,5341,2771
5413,5348,1159
5414,3974,3063
5415,5400,5273
5416,5358,248
5417,5263,824
5418,5373,5058
5419,4629,1620
5420,1535,1014
5421,5084,779
5422,5140,361
5423,5174,3882
5424,5129,5111
5425,5068,1233
5426,5249,5229
5427,4722,2034
5428,5380,2068
5429,4991,408
5430,5108,3443
5431,3699,2835
5432,5379,5234
5433,5411,5335
5434,3204,2110
5435,1641,672
5436,5416,5306
5437,5232,2863
5438,2657,1728
5439,5183,3635
5440,5298,2033
5441,5292,5121
5442,5181,3011
5443,4947,4792
5444,2167,39
5445,3471,3351
5446,3880,3334
5447,2156,1774
5448,5230,1451
5449,3135,2125
5450,5364,5297
5451,4825,180
5452,3579,1155
5453,2346,2020
5454,5436,562
5455,5433,1786
5456,3750,2042
5457,3851,8
5458,5333,2669
5459,846,685
5460,4748,3151
5461,2364,966
5462,5352,5290
5463,5396,5384
5464,5415,5326
5465,2739,1549
5466,5455,5243
5467,5454,734
5468,5398,1305
5469,4811,691
5470,5467,1152
5471,5091,499
5472,5466,2094
5473,5361,3480
5474,5196,3917
5475,5245,4978
5476,1431,701
5477,5472,5159
5478,3621,3168
5479,4834,1820
5480,5477,936
5481,5254,5219
5482,924,719
5483,5022,2226
5484,5320,5266
5485,5363,5090
5486,5240,3439
5487,3951,3604
5488,5468,5163
5489,5470,2726
5490,2357,2245
5491,2312,943
5492,3515,1556
5493,5173,2533
5494,1362,692
5495,5356,1995
5496,3992,3277
5497,5372,1862
5498,1780,1118
5499,5114,1942
5500,3881,1658
5501,5426,878
5502,5340,5319
5503,5488,874
5504,5099,92
5505,3130,228
5506,2973,1855
5507,4918,983
5508,2087,1019
5509,2872,1963
5510,5220,4910
5511,3829,336
5512,5210,166
5513,2303,1048
5514,5355,1872
5515,5424,2600
5516,2960,1145
5517,3367,1182
5518,5480,5432
5519,480,201
5520,5375,2629
5521,4953,2046
5522,5401,3747
5523,5280,3050
5524,5418,81
5525,5353,5023
5526,5337,1903
5527,2787,1521
5528,5489,5264
5529,1690,1267
5530,5464,3645
5531,5267,576
5532,5481,1592
5533,3291,3206
5534,5385,4732
5535,5354,977
5536,3102,2496
5537,3014,2045
5538,5321,2858
5539,1957,1459
5540,5528,5360
5541,5518,761
5542,2577,2223
5543,5269,4957
5544,2644,2237
5545,2535,2040
5546,5413,2265
5547,5109,1934
5548,5541,553
5549,2544,448
5550,5224,859
5551,5199,422
5552,5548,669
5553,5530,5089
5554,2459,1199
5555,5407,2409
5556,5448,5349
5557,1628,1151
5558,5540,5456
5559,214,164
5560,5291,1470
5561,5417,5403
5562,5552,5495
5563,5122,5081
5564,5301,3667
5565,5294,3754
5566,5336,856
5567,3475,3150
5568,2979,2802
5569,2050,1966
5570,5388,2941
5571,5387,2561
5572,2682,2429
5573,5238,5031
5574,5538,3774
5575,1783,1442
5576,2095,1756
5577,5067,3230
5578,5459,5296
5579,5206,193
5580,5558,3431
5581,5435,1492
5582,5503,5484
5583,1309,1221
5584,5268,224
5585,5192,1314
5586,5376,5226
5587,5329,1449
5588,5553,3841
5589,5055,1582
5590,3771,2921
5591,3398,3308
5592,3044,3042
5593,4881,126
5594,3190,1136
5595,5521,2093
5596,5317,3233
5597,1160,748
5598,5397,3288
5599,5534,5270
5600,1609,1558
5601,2197,1298
5602,5580,740
5603,5588,5180
5604,2636,1922
5605,5357,3727
5606,5602,5531
5607,5018,145
5608,3704,3386
5609,5274,3613
5610,5524,5339
5611,5546,5112
5612,2190,217
5613,1545,1166
5614,5430,2036
5615,5606,1945
5616,5262,2690
5617,2505,1596
5618,3543,1428
5619,5368,5323
5620,5603,78
5621,5463,1671
5622,5562,5441
5623,5507,5276
5624,5615,3776
5625,5315,1983
5626,5475,5250
5627,5624,3839
5628,4817,554
5629,2833,2221
5630,5522,913
5631,3484,2700
5632,5476,2957
5633,342,80
5634,2994,1743
5635,729,656
5636,5627,5439
5637,5620,5200
5638,5526,5474
5639,3080,2280
5640,5382,2404
5641,5555,2206
5642,5561,866
5643,5255,2868
5644,3133,3114
5645,5208,3578
5646,5425,1215
5647,471,211
5648,5520,3458
5649,5205,5165
5650,5493,5365
5651,5517,3662
5652,5282,3037
5653,5582,5178
5654,5275,3923
5655,5639,5482
5656,5574,5428
5657,5636,1468
5658,373,177
5659,5469,3703
5660,5450,2871
5661,1226,850
5662,5383,4960
5663,5622,5504
5664,5637,5167
5665,5566,5485
5666,5198,430
5667,2899,241
5668,5630,5497
5669,2513,1310
5670,5217,955
5671,5657,814
5672,5663,715
5673,1939,1936
5674,5458,548
5675,5479,5272
5676,2920,2441
5677,5586,5103
5678,3987,2597
5679,464,54
5680,4875,3032
5681,1766,988
5682,5664,5543
5683,5570,5501
5684,5008,335
5685,5261,2187
5686,3924,643
5687,5440,1185
5688,2851,1453
5689,5672,3405
5690,5427,2969
5691,2166,2069
5692,5394,1745
5693,5671,1901
5694,5642,808
5695,5693,1908
5696,5006,249
5697,1371,459
5698,5648,902
5699,5695,5665
5700,5236,3725
5701,3889,745
5702,5473,1059
5703,5621,2925
5704,3890,1599
5705,5532,5462
5706,5689,1964
5707,5287,2394
5708,3264,2651
5709,1669,1249
5710,5605,3941
5711,5698,503
5712,5359,5101
5713,5499,2369
5714,456,32
5715,2155,523
5716,2084,777
5717,5420,1243
5718,5706,3658
5719,5653,5410
5720,4990,2529
5721,3147,2537
5722,1407,1192
5723,5638,1741
5724,5408,5390
5725,5674,1325
5726,5402,2318
5727,2642,2552
5728,3274,1762
5729,5641,5251
5730,5718,5578
5731,5610,5502
5732,5500,2186
5733,5699,5589
5734,1933,428
5735,5233,3752
5736,5719,2555
5737,1672,93
5738,650,544
5739,3316,2131
5740,5171,1420
5741,2263,594
5742,5422,3740
5743,5597,5571
5744,5655,5581
5745,5514,2270
5746,5513,5447
5747,5452,1788
5748,5733,2241
5749,5560,985
5750,5730,5681
5751,5616,877
5752,5395,454
5753,5750,698
5754,5626,1700
5755,5442,3364
5756,5596,5556
5757,5725,5649
5758,3706,1823
5759,5585,622
5760,5592,269
5761,5753,1363
5762,5483,1576
5763,3701,3612
5764,5327,3903
5765,5662,5494
5766,3263,1011
5767,5761,5705
5768,5346,506
5769,5683,240
5770,5551,66
5771,3983,1616
5772,5645,1173
5773,5748,812
5774,5535,5017
5775,3850,3335
5776,5599,2515
5777,3617,3585
5778,5754,16
5779,5729,5687
5780,5573,2958
5781,5694,542
5782,5539,5316
5783,5332,886
5784,5299,3976
5785,3656,657
5786,5277,2489
5787,3620,559
5788,3993,1003
5789,5399,3863
5790,5654,1980
5791,5496,5207
5792,5668,5643
5793,3143,2583
5794,2349,1854
5795,2253,1287
5796,3508,3107
5797,5767,5711
5798,2935,2874
5799,5682,5305
5800,5736,136
5801,5713,5703
5802,3646,3129
5803,5619,1785
5804,5726,5451
5805,5774,5386
5806,5591,3446
5807,5646,2439
5808,5773,5258
5809,2162,1575
5810,5515,328
5811,2595,704
5812,2109,1912
5813,3262,2889
5814,5135,3476
5815,5600,5575
5816,5512,3077
5817,1779,114
5818,5800,741
5819,5302,3738
5820,5723,474
5821,5509,5366
5822,614,547
5823,5808,599
5824,1972,1715
5825,5742,5510
5826,2828,1875
5827,5823,5598
5828,5478,2062
5829,5797,839
5830,2090,364
5831,1993,1234
5832,3423,3140
5833,1804,1790
5834,5818,5804
5835,1989,888
5836,5563,5344
5837,5799,2799
5838,1588,208
5839,5421,571
5840,5607,1004
5841,5837,5712
5842,5278,3324
5843,3930,1798
5844,3876,2724
5845,5781,2386
5846,5765,1527
5847,1744,1670
5848,5696,113
5849,2992,2601
5850,5437,1064
5851,5744,5743
5852,5845,5827
5853,3524,1759
5854,3533,708
5855,5419,1328
5856,5829,5209
5857,5594,5313
5858,5801,2539
5859,5623,5564
5860,5634,2345
5861,5702,2501
5862,5757,5569
5863,5856,5583
5864,5525,3787
5865,5863,1816
5866,5759,5640
5867,3788,825
5868,5846,957
5869,1907,1789
5870,5265,2083
5871,5769,942
5872,5865,1546
5873,4892,1540
5874,5685,2080
5875,2422,2298
5876,5872,1477
5877,2184,1163
5878,2102,831
5879,5852,735
5880,2445,2175
5881,3226,3075
5882,5506,2811
5883,5389,1024
5884,5876,1496
5885,5868,1668
5886,5030,2980
5887,5491,3847
5888,5884,5751
5889,5612,763
5890,5675,1488
5891,5888,5550
5892,5577,2431
5893,5779,5405
5894,5260,3271
5895,5618,1097
5896,5527,5523
5897,5737,5661
5898,5885,5529
5899,5549,1318
5900,5688,5423
5901,5816,5404
5902,3436,1971
5903,2807,2022
5904,427,345
5905,5492,3186
5906,5858,5749
5907,5792,1654
5908,5807,5691
5909,3266,95
5910,5882,5617
5911,5810,5048
5912,5747,1427
5913,5778,5752
5914,5311,3410
5915,5879,2011
5916,492,110
5917,5867,5449
5918,5568,5281
5919,5841,1716
5920,5839,5716
5921,5498,2483
5922,5542,758
5923,5891,5304
5924,5286,3962
5925,5429,5107
5926,3379,102
5927,1369,352
5928,3716,1997
5929,2106,29
5930,3878,1520
5931,5821,1982
5932,2440,1639
5933,5862,2295
5934,5722,1078
5935,5919,5565
5936,2460,2250
5937,5923,5907
5938,5915,1808
5939,5745,5625
5940,5914,2721
5941,5790,5731
5942,5938,3813
5943,5782,5579
5944,1829,1484
5945,3700,1682
5946,5465,3580
5947,5834,5715
5948,5942,5595
5949,5756,2413
5950,1722,802
5951,5628,567
5952,147,63
5953,123,23
5954,4593,169
5955,5309,2289
5956,5377,1380
5957,5871,5673
5958,4642,2782
5959,5948,1889
5960,5896,5820
5961,5833,1864
5962,5959,5768
5963,5933,1938
5964,5776,3134
5965,5724,5660
5966,5652,3338
5967,5864,3981
5968,5803,546
5969,5898,2654
5970,5906,5851
5971,2908,1684
5972,5453,1331
5973,5937,5735
5974,305,162
5975,5962,5866
5976,5295,1803
5977,1817,1623
5978,2211,1317
5979,5963,5587
5980,5461,1570
5981,3956,3584
5982,5857,76
5983,1479,538
5984,5692,5486
5985,5975,2620
5986,5434,3975
5987,5446,613
5988,5746,3687
5989,3842,3408
5990,5861,5850
5991,3501,1711
5992,5949,5443
5993,5985,2449
5994,5993,2018
5995,5374,1689
5996,5677,5113
5997,1147,1065
5998,2426,1636
5999,5973,1007
6000,5680,293
6001,5508,640
6002,5740,5717
6003,3247,2664
6004,5669,2171
6005,5690,3424
6006,5999,590
6007,432,21
6008,5720,1225
6009,5913,443
6010,5545,3278
6011,3466,3076
6012,2500,141
6013,5601,1685
6014,6006,1752
6015,2805,326
6016,5707,1026
6017,5994,2605
6018,2997,1352
6019,5252,2224
6020,3327,83
6021,5934,5554
6022,2727,2481
6023,5957,5758
6024,6017,3572
6025,5710,469
6026,5805,952
6027,3194,289
6028,5969,5697
6029,5855,2569
6030,5809,5656
6031,5910,900
6032,5996,5609
6033,3341,2623
6034,5947,5798
6035,6024,1374
6036,1241,1088
6037,2901,2525
6038,5979,2964
6039,6014,5968
6040,6035,5849
6041,2695,2384
6042,6034,5900
6043,3287,1974
6044,5825,2857
6045,5875,2576
6046,2932,1667
6047,5793,2490
6048,479,195
6049,5533,3328
6050,1921,764
6051,5611,518
6052,2882,2616
6053,5362,99
6054,5935,5859
6055,2410,1806
6056,6038,1174
6057,3426,2203
6058,5511,5409
6059,6039,1161
6060,5967,2701
6061,5817,3282
6062,3911,3216
6063,5939,5762
6064,920,700
6065,3109,2021
6066,6059,706
6067,5990,1232
6068,5632,225
6069,5951,1326
6070,5732,3493
6071,5970,5760
6072,6066,1781
6073,5946,5659
6074,6054,3148
6075,5920,5700
6076,6040,5738
6077,5945,5614
6078,6009,1474
6079,3636,1564
6080,3195,3149
6081,992,680
6082,5893,3415
6083,6072,5840
6084,6051,3834
6085,1750,1637
6086,6026,1268
6087,1850,1578
6088,5895,1782
6089,3118,2342
6090,5958,5412
6091,216,172
6092,1797,494
6093,3467,3239
6094,4954,1069
6095,1058,209
6096,5819,5791
6097,3454,3163
6098,5613,1525
6099,3640,2950
6100,6074,3520
6101,5908,5860
6102,3368,2563
6103,1412,585
6104,5788,2900
6105,6083,1610
6106,2796,2299
6107,3444,1531
6108,6105,3582
6109,5982,5901
6110,6076,5988
6111,2210,309
6112,3726,522
6113,4937,898
6114,6108,3593
6115,5381,2177
6116,6042,5878
6117,6027,2717
6118,5874,2124
6119,6100,2967
6120,6110,6021
6121,6114,1264
6122,5899,5576
6123,3434,558
6124,1207,766
6125,6028,1099
6126,5965,2027
6127,2976,1404
6128,6121,2954
6129,5941,5764
6130,4428,1360
6131,6084,2249
6132,6128,783
6133,5516,396
6134,5783,2285
6135,5559,895
6136,5658,1294
6137,3848,1943
6138,5961,5842
6139,5873,581
6140,6056,702
6141,6120,1539
6142,3664,1587
6143,2953,989
6144,6062,5678
6145,198,125
6146,6116,1385
6147,6030,2723
6148,6001,539
6149,6141,5741
6150,5964,5887
6151,5835,868
6152,3489,153
6153,6082,5785
6154,5676,1528
6155,5922,5811
6156,5987,5780
6157,6033,3177
6158,5832,1731
6159,5870,5391
6160,6126,2370
6161,6138,5960
6162,3679,623
6163,532,320
6164,3465,3223
6165,6149,6071
6166,5431,399
6167,994,549
6168,3445,3295
6169,6146,2842
6170,5928,5836
6171,6022,5998
6172,6002,873
6173,6140,5704
6174,5460,908
6175,5956,3521
6176,1303,822
6177,5971,3421
6178,5796,3478
6179,5992,1258
6180,6132,1584
6181,3557,1844
6182,5997,1476
6183,3460,2389
6184,2776,2453
6185,5505,3337
6186,5911,3450
6187,6122,889
6188,5223,49
6189,6180,1736
6190,5014,3843
6191,6119,799
6192,6023,1998
6193,1421,1176
6194,6150,5772
6195,6109,6070
6196,6000,1800
6197,5438,2052
6198,6165,2946
6199,6189,6173
6200,1307,667
6201,5980,3607
6202,5770,1719
6203,5283,3139
6204,5931,2358
6205,3605,3552
6206,5650,5629
6207,6169,5918
6208,6198,660
6209,301,288
6210,2115,724
6211,6029,801
6212,5784,2117
6213,6088,6063
6214,6013,2968
6215,5584,140
6216,5802,3556
6217,6191,1227
6218,5721,1077
6219,5824,2972
6220,6077,1805
6221,6179,6018
6222,5848,2740
6223,5755,3685
6224,5670,2983
6225,3267,2585
6226,5854,3912
6227,5986,896
6228,6208,842
6229,6217,752
6230,6192,3519
6231,5651,1074
6232,5912,5897
6233,6008,830
6234,6147,1633
6235,2421,276
6236,5927,1100
6237,6229,3973
6238,5828,5771
6239,2428,1702
6240,5794,1005
6241,6125,2912
6242,5593,1231
6243,5547,445
6244,6199,5932
6245,6129,3647
6246,6131,5978
6247,6207,2322
6248,6078,330
6249,5709,1387
6250,5847,1895
6251,6230,6228
6252,2850,2024
6253,3879,1355
6254,6237,5813
6255,5490,1012
6256,5347,1197
6257,6231,820
6258,6245,6067
6259,6004,2201
6260,6153,918
6261,2290,607
6262,5917,1541
6263,1289,414
6264,2239,1148
6265,6254,6073
6266,6096,3272
6267,1130,841
6268,6135,5955
6269,2736,2663
6270,5890,5457
6271,5708,5414
6272,6049,2588
6273,5883,1663
6274,6244,6213
6275,3637,2915
6276,2744,709
6277,6025,5925
6278,2216,537
6279,2728,1378
6280,6251,1411
6281,6086,5950
6282,6280,804
6283,5444,1106
6284,6265,631
6285,6221,6111
6286,3844,2
6287,5727,1880
6288,6241,1080
6289,6019,5766
6290,1703,818
6291,6274,683
6292,6075,711
6293,2755,811
6294,6186,6144
6295,6157,5445
6296,3240,3181
6297,932,183
6298,1336,1190
6299,282,127
6300,6159,3676
6301,6247,1278
6302,6284,3592
6303,6256,3249
6304,6282,2649
6305,5972,564
6306,6234,5880
6307,6301,6248
6308,6124,767
6309,6304,6155
6310,5815,2772
6311,6302,2859
6312,5894,1695
6313,6079,1595
6314,3684,819
6315,2820,744
6316,6081,6064
6317,6311,1653
6318,5590,1063
6319,5943,226
6320,2172,315
6321,2589,627
6322,6156,3888
6323,2101,1000
6324,5889,1373
6325,3808,2479
6326,6309,1920
6327,5679,5666
6328,2931,2538
6329,6326,6288
6330,6260,5701
6331,6160,2236
6332,295,69
6333,6246,1644
6334,1981,1718
6335,2658,2578
6336,5351,271
6337,2076,1277
6338,6291,6031
6339,2065,1847
6340,2355,1447
6341,1482,970
6342,6101,561
6343,5921,1801
6344,3355,3059
6345,3026,2660
6346,3883,1799
6347,6317,5635
6348,6227,749
6349,6285,6032
6350,6203,6093
6351,5838,3096
6352,5916,1985
6353,3749,2708
6354,6226,5892
6355,6196,5976
6356,6003,526
6357,3853,3012
6358,6330,2268
6359,159,36
6360,6338,6046
6361,5787,5572
6362,6347,3576
6363,6262,6239
6364,1554,768
6365,6329,5831
6366,6161,2609
6367,6360,5903
6368,3330,2227
6369,6331,1612
6370,3008,2123
6371,6058,6005
6372,6365,2927
6373,6068,3748
6374,5826,85
6375,6367,2433
6376,6372,6342
6377,1500,381
6378,6366,3105
6379,6375,6321
6380,1526,925
6381,6379,5944
6382,1344,845
6383,5984,5981
6384,5853,3551
6385,6307,5952
6386,3325,2831
6387,6385,688
6388,6376,6267
6389,6348,1538
6390,6381,1203
6391,1724,795
6392,5966,1597
6393,6170,5926
6394,6312,3570
6395,3587,3534
6396,6184,5667
6397,6387,6259
6398,6390,6143
6399,5995,2424
6400,5905,128
6401,1142,1055
6402,6212,6061
6403,6211,6012
6404,6174,731
6405,5940,3145
6406,6398,899
6407,3358,2028
6408,6300,6204
6409,6406,792
6410,6202,6188
6411,6060,2219
6412,6134,5877
6413,6388,6050
6414,6089,1514
6415,6172,5904
6416,2770,1958
6417,6139,1341
6418,5930,5604
6419,6397,775
6420,6362,5739
6421,6133,2773
6422,6197,1092
6423,6222,2612
6424,6333,5924
6425,6413,2579
6426,6409,1364
6427,3157,1760
6428,6313,6306
6429,6425,1822
6430,6123,5734
6431,355,173
6432,6429,2013
6433,6419,851
6434,2304,664
6435,6206,6107
6436,3934,1475
6437,6223,1931
6438,5795,2809
6439,6432,6349
6440,6266,673
6441,6426,730
6442,6420,6393
6443,6277,324
6444,6441,511
6445,6190,3116
6446,6424,828
6447,6378,1853
6448,6200,619
6449,6215,5684
6450,6415,5557
6451,6268,2904
6452,2055,1169
6453,6358,6315
6454,6275,6052
6455,3891,1962
6456,1038,760
6457,6439,1884
6458,6194,3315
6459,5843,2693
6460,6345,3363
6461,2618,2037
6462,6453,1871
6463,6095,3988
6464,6444,5714
6465,6090,378
6466,6087,3156
6467,2524,372
6468,5786,881
6469,6232,2951
6470,6428,6255
6471,6384,2381
6472,2484,26
6473,6457,857
6474,2893,2655
6475,6294,620
6476,6464,759
6477,2689,2373
6478,6476,6423
6479,1662,482
6480,6195,6171
6481,6322,6136
6482,6352,6044
6483,6258,6175
6484,6219,2016
6485,3482,3349
6486,6283,6137
6487,6473,6187
6488,6389,1200
6489,5991,3861
6490,5775,2779
6491,3845,747
6492,1031,937
6493,6319,1627
6494,6154,2200
6495,2277,1110
6496,6363,1723
6497,6080,5241
6498,6201,1680
6499,5686,1664
6500,6336,2734
6501,6478,2235
6502,6403,6148
6503,2003,262
6504,6391,1726
6505,6047,3823
6506,6104,6016
6507,3072,721
6508,6487,1547
6509,6447,6287
6510,6205,5929
6511,6182,6020
6512,6501,520
6513,6462,1918
6514,6043,2398
6515,1405,813
6516,1935,1485
6517,5954,250
6518,6508,3513
6519,6369,3317
6520,2271,1121
6521,6316,882
6522,6433,969
6523,6446,1245
6524,2153,637
6525,6094,3138
6526,5886,1205
6527,6483,2763
6528,6512,1899
6529,6528,6151
6530,6442,6440
6531,6281,1738
6532,3979,3939
6533,6458,1196
6534,5983,615
6535,6185,5259
6536,6518,6324
6537,1448,1235
6538,6240,2804
6539,6529,6417
6540,2730,773
6541,6522,6451
6542,6220,2924
6543,6163,1555
6544,5106,3857
6545,6536,6488
6546,3422,678
6547,912,595
6548,6411,3414
6549,6269,1440
6550,3980,533
6551,3430,1717
6552,2475,105
6553,6521,6422
6554,6523,1490
6555,6264,3507
6556,6539,3609
6557,6249,603
6558,6253,927
6559,6545,6325
6560,2674,2604
6561,6559,6513
6562,6373,1356
6563,6480,6475
6564,6556,905
6565,6382,6127
6566,6541,1975
6567,6564,6531
6568,6323,6167
6569,2292,699
6570,6327,3344
6571,6530,2100
6572,6218,3420
6573,5812,3867
6574,5487,630
6575,6286,1955
6576,5822,2272
6577,2400,2194
6578,6395,6037
6579,6571,3893
6580,2784,1343
6581,6519,2834
6582,6563,6503
6583,6176,3242
6584,6567,6181
6585,5519,1509
6586,6533,2875
6587,6305,2892
6588,1621,707
6589,6509,6055
6590,6561,1053
6591,6435,6310
6592,6584,670
6593,6579,3677
6594,3040,486
6595,6566,2333
6596,3280,2049
6597,6298,1240
6598,6214,6045
6599,6590,893
6600,6477,6340
6601,6592,6308
6602,6543,926
6603,6343,6289
6604,6112,2830
6605,5777,3253
6606,3451,356
6607,6599,6463
6608,6224,244
6609,5806,3060
6610,6115,1978
6611,6383,3870
6612,6085,1909
6613,6601,1727
6614,6481,6341
6615,6527,6183
6616,2038,560
6617,6374,5608
6618,6497,5631
6619,6355,4790
6620,6613,6595
6621,6607,3302
6622,6053,3176
6623,3106,362
6624,6328,2949
6625,6459,6421
6626,6445,1956
6627,6434,2154
6628,6593,6210
6629,6621,3564
6630,6236,1271
6631,2288,645
6632,3603,340
6633,6273,3758
6634,6629,6334
6635,2764,574
6636,6548,5909
6637,6261,6130
6638,2704,867
6639,6292,2293
6640,2113,1699
6641,6597,6408
6642,6069,5253
6643,2053,1954
6644,6401,2956
6645,6468,1178
6646,3381,1248
6647,6628,1300
6648,2173,1089
6649,6272,1047
6650,6276,3142
6651,1001,514
6652,3245,3028
6653,5370,3713
6654,6482,6353
6655,6634,6589
6656,2334,671
6657,6354,6252
6658,6615,6339
6659,6586,2212
6660,6271,3486
6661,6469,2813
6662,6392,2715
6663,6257,648
6664,405,338
6665,6647,6380
6666,2855,608
6667,6098,45
6668,6526,90
6669,6461,6010
6670,6620,6404
6671,6505,6438
6672,5902,1255
6673,5544,417
6674,6470,2614
6675,6270,1056
6676,6394,6350
6677,6581,6554
6678,6511,2442
6679,6452,2435
6680,6675,6216
6681,6368,6318
6682,6617,6510
6683,6335,2684
6684,6670,2198
6685,6290,1512
6686,6665,914
6687,6015,5064
6688,6356,2984
6689,2427,2001
6690,6658,6158
6691,6091,3
6692,6193,2987
6693,6542,2447
6694,6686,6502
6695,1339,40
6696,5830,3188
6697,2261,1882
6698,3916,100
6699,6396,6106
6700,6361,3528
6701,6655,3933
6702,6701,6569
6703,6400,1071
6704,6637,1915
6705,2012,1462
6706,6702,634
6707,6493,6243
6708,6525,3512
6709,6706,2630
6710,6611,6500
6711,3498,2347
6712,6465,844
6713,6496,2491
6714,3463,1688
6715,6639,6538
6716,6709,1469
6717,4999,265
6718,6674,2540
6719,6716,965
6720,6694,3503
6721,6718,6600
6722,6684,6448
6723,6719,6495
6724,1260,618
6725,6320,2014
6726,6405,3693
6727,6427,264
6728,2653,1465
6729,6649,1732
6730,6614,384
6731,6666,6402
6732,6723,6235
6733,6732,6416
6734,960,887
6735,2696,1807
6736,6724,6553
6737,1879,374
6738,6722,6399
6739,6733,6504
6740,3388,2283
6741,3371,823
6742,2208,375
6743,5647,485
6744,1999,946
6745,6656,6641
6746,6738,1015
6747,6739,2791
6748,6603,6570
6749,3207,3144
6750,3583,1254
6751,6466,2801
6752,2397,2002
6753,3352,684
6754,6747,1770
6755,6677,2553
6756,6654,6449
6757,5936,1043
6758,6692,2814
6759,6337,2402
6760,6720,6646
6761,6754,6524
6762,6498,6491
6763,6659,5977
6764,5537,3477
6765,6761,769
6766,6755,2545
6767,1902,5
6768,6625,6377
6769,6612,1629
6770,6517,484
6771,2325,2225
6772,6760,2179
6773,6745,6540
6774,6730,6605
6775,6765,6626
6776,2873,2128
6777,6506,1139
6778,6351,2703
6779,6775,974
6780,6779,551
6781,5314,934
6782,6534,2762
6783,6663,666
6784,2959,2940
6785,6565,1593
6786,2257,1640
6787,6679,431
6788,5392,27
6789,472,206
6790,2591,394
6791,3092,727
6792,6514,6113
6793,6671,6152
6794,6690,6412
6795,6585,6562
6796,6772,703
6797,6780,6630
6798,6797,6651
6799,3690,2808
6800,6591,6582
6801,6516,6346
6802,5989,1550
6803,6177,1284
6804,6796,1765
6805,6798,6602
6806,6092,649
6807,6598,2624
6808,6619,3627
6809,3065,2359
6810,6805,2119
6811,6627,1996
6812,2790,827
6813,2617,1143
6814,2870,1751
6815,2451,1773
6816,6574,3577
6817,2448,999
6818,3320,997
6819,2161,829
6820,6810,2981
6821,2159,855
6822,6736,6484
6823,6766,6583
6824,6820,580
6825,5789,5763
6826,6804,2735
6827,6826,1273
6828,6827,6657
6829,6699,6587
6830,6680,6645
6831,6721,536
6832,2196,1687
6833,3425,3250
6834,6572,2948
6835,6713,6467
6836,6762,6746
6837,6209,19
6838,6370,3411
6839,6456,679
6840,6693,2627
6841,6303,1506
6842,3569,2077
6843,3968,1081
6844,6499,6471
6845,2586,2498
6846,6636,188
6847,6822,1270
6848,6278,2571
6849,6828,2999
6850,863,675
6851,6560,6418
6852,1491,1486
6853,2865,2562
6854,6233,6102
6855,6824,6811
6856,6855,6486
6857,2122,1228
6858,6831,6773
6859,3089,737
6860,6250,1849
6861,6164,1366
6862,2838,2132
6863,3281,3237
6864,6753,6242
6865,6856,1960
6866,2884,738
6867,6865,3793
6868,6642,1929
6869,2939,1246
6870,3362,1725
6871,6756,6142
6872,6867,6801
6873,6836,6662
6874,6808,6700
6875,6846,6757
6876,6872,3565
6877,6849,653
6878,6823,1458
6879,6437,5644
6880,6624,3737
6881,6610,1153
6882,6661,1112
6883,6678,6669
6884,6876,6550
6885,2840,2305
6886,6685,6633
6887,6884,810
6888,6873,6297
6889,6667,6099
6890,6410,2697
6891,3807,1683
6892,2817,1483
6893,2067,1524
6894,3326,2399
6895,6877,6710
6896,6557,6162
6897,2048,958
6898,6712,6166
6899,2824,2769
6900,6103,2482
6901,6507,981
6902,6795,6494
6903,6763,6238
6904,6888,6450
6905,6794,6783
6906,6479,1874
6907,6609,6314
6908,6787,2267
6909,6887,1124
6910,1970,1618
6911,2622,35
6912,907,884
6913,3343,1617
6914,2229,1988
6915,6878,552
6916,6839,1887
6917,6407,2205
6918,6904,557
6919,3997,1553
6920,6909,3757
6921,2937,2242
6922,6920,713
6923,6748,1843
6924,894,531
6925,391,323
6926,6922,1057
6927,2262,2209
6928,6926,931
6929,5342,487
6930,2741,573
6931,6918,1135
6932,6740,919
6933,6931,809
6934,3553,3124
6935,6799,6689
6936,6928,1861
6937,6933,509
6938,6886,2966
6939,771,284
6940,6817,806
6941,6807,6492
6942,6937,6714
6943,6895,2862
6944,6942,2839
6945,6681,1583
6946,6936,2548
6947,1896,1713
6948,6715,6650
6949,6946,1138
6950,2963,1335
6951,6858,6640
6952,6951,6430
6953,6949,6638
6954,6648,3491
6955,6622,2869
6956,6868,948
6957,6118,2650
6958,6953,6885
6959,6944,478
6960,6879,3175
6961,6905,6580
6962,3301,1846
6963,6774,5953
6964,6958,1650
6965,6708,2575
6966,5471,3453
6967,6915,6555
6968,6896,6588
6969,6964,6819
6970,6825,6544
6971,6952,6520
6972,6945,6792
6973,6969,6943
6974,6959,786
6975,6608,6436
6976,6789,230
6977,6768,6688
6978,6549,2506
6979,6854,5844
6980,2396,971
6981,6793,3545
6982,5728,3688
6983,6691,366
6984,6851,2977
6985,6974,521
6986,6985,875
6987,6835,6752
6988,6552,6371
6989,1977,1392
6990,6986,6924
6991,6838,6834
6992,6874,6731
6993,6990,2971
6994,6359,6048
6995,6728,2377
6996,6443,2902
6997,6961,6726
6998,3166,3005
6999,6903,6576
7000,3200,2631
7001,1010,638
7002,6806,6777
7003,6007,1992
7004,6644,6263
7005,6786,6485
7006,6967,6935
7007,6993,951
7008,6800,1873
7009,689,131
7010,6841,757
7011,3714,3390
7012,6490,5974
7013,6145,488
7014,6941,1632
7015,6578,1910
7016,6618,6594
7017,7006,6847
7018,2748,2603
7019,6997,2195
7020,7008,3938
7021,6882,6759
7022,2766,1836
7023,6776,1775
7024,6551,2437
7025,6547,6535
7026,7007,2556
7027,3804,3608
7028,6948,6859
7029,2330,2217
7030,6956,1171
7031,6785,6668
7032,6816,6357
7033,7019,6734
7034,6279,2930
7035,6837,163
7036,7026,6902
7037,6979,617
7038,7020,939
7039,3199,3000
7040,6546,1767
7041,6784,6097
7042,2982,1937
7043,6568,696
7044,7043,3333
7045,6703,1406
7046,6965,6907
7047,1987,853
7048,6923,6883
7049,6869,2648
7050,7014,2316
7051,6881,2913
7052,2887,1753
7053,7038,6971
7054,6927,6840
7055,483,98
7056,6996,2725
7057,6987,6973
7058,6652,5536
7059,6890,5869
7060,6474,385
7061,6573,826
7062,2336,2121
7063,6489,1330
7064,6742,2675
7065,359,235
7066,6725,2783
7067,6863,6344
7068,7036,642
7069,7068,6968
7070,6984,6871
7071,6117,2407
7072,6635,1162
7073,7057,964
7074,7069,6829
7075,6660,6515
7076,3490,2004
7077,6900,6830
7078,7017,1397
7079,903,891
7080,6866,2066
7081,1049,693
7082,6676,5881
7083,2598,945
7084,2000,625
7085,7033,1812
7086,3732,575
7087,6697,2043
7088,2659,1534
7089,6848,6735
7090,7074,652
7091,6704,6225
7092,6999,6750
7093,7090,7030
7094,6057,5814
7095,6744,2975
7096,6414,2916
7097,1157,976
7098,6821,720
7099,2307,2275
7100,7010,6041
7101,6558,3864
7102,885,597
7103,6386,2468
7104,959,956
7105,6778,1413
7106,7085,6729
7107,6770,1848
7108,7093,1208
7109,3473,349
7110,3840,404
7111,6929,6912
7112,6814,723
7113,7108,6782
7114,6751,3957
7115,1332,967
7116,6963,3906
7117,7054,6364
7118,6673,2718
7119,1733,616
7120,7073,1900
7121,7113,535
7122,6913,2919
7123,6707,5633
7124,7078,681
7125,7045,6845
7126,3097,1172
7127,7120,7015
7128,6957,463
7129,2531,1949
7130,7121,6978
7131,3284,2246
7132,7028,6857
7133,7132,2777
7134,7130,591
7135,6992,6947
7136,6977,1948
7137,7134,6832
7138,816,174
7139,1045,455
7140,3969,646
7141,221,82
7142,7137,3001
7143,3370,3091
7144,2558,2063
7145,6875,6809
7146,7136,6737
7147,3518,2026
7148,6916,2521
7149,7106,7077
7150,7025,6295
7151,1261,996
7152,7127,7035
7153,6921,2914
7154,2341,2151
7155,6698,6664
7156,6981,1712
7157,7044,7021
7158,7152,7089
7159,3573,1432
7160,7070,6880
7161,7116,7055
7162,7142,2230
7163,2158,515
7164,7124,7050
7165,7162,6843
7166,1495,1301
7167,7056,3733
7168,3461,2499
7169,7048,6769
7170,6011,1276
7171,7075,6672
7172,7117,2025
7173,6860,6065
7174,7158,7005
7175,6975,6178
7176,3623,3595
7177,7096,6954
7178,7104,6938
7179,7169,1517
7180,7053,6908
7181,6893,6472
7182,6743,14
7183,6758,6296
7184,6803,1866
7185,6994,222
7186,6696,1659
7187,7174,2667
7188,7172,6781
7189,7164,2754
7190,6898,2797
7191,7149,2005
7192,1501,242
7193,6623,922
7194,6852,1791
7195,7189,6911
7196,7187,2795
7197,2471,998
7198,7165,1673
7199,6632,181
7200,6962,3915
7201,7196,633
7202,7201,854
7203,7198,3798
7204,6899,1867
7205,7156,780
7206,3120,2528
7207,7203,697
7208,7059,6682
7209,7202,530
7210,7207,7081
7211,6960,3589
7212,6653,1635
7213,7210,6460
7214,7072,2320
7215,7213,7012
7216,6695,1444
7217,3816,2092
7218,6791,1608
7219,7215,7047
7220,2519,1252
7221,182,11
7222,7209,7135
7223,7022,6892
7224,3789,2698
7225,7145,2382
7226,1418,921
7227,6455,3809
7228,7100,329
7229,2639,2182
7230,3401,1036
7231,7191,7101
7232,7231,7161
7233,7219,7195
7234,6293,1851
7235,6532,3723
7236,7066,2029
7237,6842,2568
7238,7222,2452
7239,7238,6919
7240,6917,6897
7241,6036,2775
7242,7150,1401
7243,7105,7094
7244,447,48
7245,7239,6850
7246,7146,7128
7247,7197,1905
7248,1865,1102
7249,6991,1105
7250,1416,834
7251,7167,3535
7252,7184,3053
7253,7245,1259
7254,7253,7232
7255,6616,628
7256,3241,1630
7257,6940,3766
7258,2532,2526
7259,7037,3112
7260,6891,3660
7261,6864,3990
7262,6788,158
7263,7205,7200
7264,7151,519
7265,7082,7016
7266,3558,2794
7267,2291,911
7268,6930,3406
7269,3641,1399
7270,7180,6972
7271,7118,2204
7272,7208,6717
7273,2611,2560
7274,7233,1947
7275,3784,1940
7276,7192,7123
7277,7046,6966
7278,7157,1443
7279,7274,807
7280,7225,3833
7281,7178,7095
7282,7175,311
7283,7251,7235
7284,7277,7092
7285,7254,7032
7286,7115,7049
7287,7031,3541
7288,7281,7279
7289,7288,1792
7290,7190,6711
7291,7091,682
7292,7140,6577
7293,3034,2786
7294,6910,6844
7295,7079,6853
7296,7097,7023
7297,6802,6454
7298,6932,3485
7299,7263,7179
7300,2822,65
7301,7289,663
7302,7098,2793
7303,7001,6687
7304,7188,6934
7305,7002,2694
7306,6812,2692
7307,7301,1604
7308,6988,1893
7309,3680,3546
7310,1911,1290
7311,7119,774
7312,7285,2610
7313,7307,2803
7314,6606,2672
7315,6575,2520
7316,7259,2765
7317,7312,7291
7318,7313,3830
7319,7317,2114
7320,7018,1930
7321,7319,1212
7322,7297,3901
7323,7321,817
7324,7318,961
7325,7324,570
7326,7040,3027
7327,7058,869
7328,6168,3673
7329,3644,1383
7330,1419,568
7331,7299,7004
7332,7160,6955
7333,6833,2350
7334,6683,2722
7335,7009,6889
7336,1573,1533
7337,725,641
7338,2647,2527
7339,7186,3786
7340,7325,3525
7341,7340,3815
7342,7242,6727
7343,7326,7323
7344,7341,2554
7345,7133,5567
7346,7052,2469
7347,7278,7268
7348,7343,2419
7349,7199,7193
7350,7280,2668
7351,7348,2574
7352,7110,458
7353,2918,1025
7354,6861,1262
7355,7344,2474
7356,7351,7182
7357,7356,1202
7358,7347,7295
7359,7270,6901
7360,755,294
7361,7171,6790
7362,7125,661
7363,7003,3537
7364,7265,6764
7365,7163,7103
7366,6604,861
7367,7272,7173
7368,7131,3304
7369,7084,6771
7370,7355,583
7371,1730,245
7372,7370,369
7373,7372,968
7374,7264,6631
7375,6980,3866
7376,7357,7350
7377,7373,7194
7378,7275,6894
7379,7376,7177
7380,7290,6995
7381,7211,7061
7382,7276,7246
7383,7260,890
7384,2890,636
7385,7310,7148
7386,7308,3559
7387,7185,6643
7388,7377,794
7389,7388,7358
7390,7304,7051
7391,7013,116
7392,2974,1990
7393,7379,883
7394,7183,7112
7395,7041,726
7396,7322,7286
7397,6982,6906
7398,7282,2934
7399,7126,2903
7400,7226,376
7401,7389,7273
7402,7401,3946
7403,7393,7331
7404,3965,3219
7405,7402,2747
7406,6862,1720
7407,7359,7083
7408,7405,2425
7409,7408,7223
7410,7114,6914
7411,7287,7000
7412,7403,1467
7413,7412,1837
7414,2089,1103
7415,2549,2178
7416,7315,3455
7417,7067,3214
7418,7409,7337
7419,3113,1944
7420,7267,7153
7421,7261,7229
7422,7206,3045
7423,7418,7382
7424,7129,3516
7425,7250,832
7426,7247,7159
7427,7302,7147
7428,6741,647
7429,7346,7236
7430,7217,609
7431,7345,7252
7432,7144,7064
7433,7011,2846
7434,7181,582
7435,6537,60
7436,7413,7243
7437,7284,3790
7438,7437,7227
7439,7436,7240
7440,7060,6870
7441,7080,2356
7442,2774,421
7443,7407,2315
7444,7230,2274
7445,7107,18
7446,3152,2733
7447,2719,489
7448,7439,1090
7449,7258,600
7450,6989,239
7451,7071,2031
7452,7448,835
7453,7443,566
7454,7332,7266
7455,7395,7367
7456,7342,7143
7457,7449,7311
7458,7452,7237
7459,7423,910
7460,7255,676
7461,7459,674
7462,7458,2502
7463,3167,1771
7464,3739,2365
7465,7386,2415
7466,7366,7269
7467,1223,1165
7468,3760,3416
7469,3567,611
7470,7462,2238
7471,7470,7320
7472,7234,654
7473,7471,1293
7474,2401,1070
7475,7394,7361
7476,7087,797
7477,7461,7248
7478,7477,7327
7479,7453,7339
7480,7473,6749
7481,6813,1828
7482,7139,1286
7483,437,50
7484,7450,2054
7485,7478,7398
7486,7411,7292
7487,7224,7102
7488,7456,556
7489,7212,1869
7490,7485,7111
7491,7390,1794
7492,7480,7374
7493,7492,569
7494,7490,7228
7495,7380,7257
7496,7494,2418
7497,7138,753
7498,7385,1754
7499,6815,2581
7500,7496,695
7501,7479,7368
7502,2944,897
7503,7298,3772
7504,2444,516
7505,7296,7204
7506,7493,7426
7507,7506,7396
7508,7500,1140
7509,3159,2135
7510,7218,2640
7511,7441,2434
7512,7353,2666
7513,7431,2592
7514,7241,2713
7515,7362,2516
7516,7024,2936
7517,7508,2619
7518,6299,388
7519,7417,3066
7520,7488,3412
7521,7507,7400
7522,7349,2517
7523,7486,7425
7524,7517,733
7525,7460,756
7526,7521,7457
7527,3800,2645
7528,7509,7364
7529,7528,7406
7530,7465,3563
7531,7420,7166
7532,3655,2392
7533,7526,732
7534,7533,7434
7535,7524,7365
7536,7535,2756
7537,7415,7256
7538,7525,7360
7539,7432,2281
7540,7536,1027
7541,7501,7086
7542,577,507
7543,2843,770
7544,7540,7474
7545,7544,7498
7546,7518,1480
7547,7534,7529
7548,7520,7249
7549,7545,2986
7550,2768,2214
7551,3759,1518
7552,7303,1213
7553,7549,2362
7554,7454,2670
7555,7554,1961
7556,7421,687
7557,7541,1565
7558,2492,852
7559,2998,2607
7560,7553,543
7561,7445,7141
7562,7560,7029
7563,7168,3678
7564,7530,3111
7565,7527,7392
7566,7334,7220
7567,7547,505
7568,7567,7475
7569,950,612
7570,7557,7429
7571,7384,632
7572,2815,2518
7573,7338,7335
7574,3497,1813
7575,7568,798
7576,7562,1696
7577,7576,2058
7578,7575,0
7579,7578,3886
7580,7579,2732
7581,7555,986
7582,3125,120
7583,2888,57
7584,7042,3783
7585,7491,3598
7586,7585,7034
7587,7570,7391
7588,7316,1511
7589,7539,7314
7590,7580,7481
7591,3935,550
7592,7577,7464
7593,7592,6925
7594,7590,644
7595,7428,7375
7596,7519,3031
7597,2898,1755
7598,3321,2137
7599,7515,450
7600,7593,7513
7601,7594,7330
7602,7601,3566
7603,7522,7294
7604,7552,1158
7605,7586,7523
7606,3614,3523
7607,7489,3597
7608,7495,7472
7609,1888,525
7610,1858,1377
7611,7581,7440
7612,7587,2041
7613,7503,7427
7614,7363,3013
7615,7600,7455
7616,3586,2922
7617,7176,7063
7618,7602,7571
7619,7466,7383
7620,7618,7573
7621,7556,7305
7622,7516,840
7623,2473,2180
7624,7612,6983
7625,3468,1256
7626,7558,7378
7627,7569,947
7628,7615,7499
7629,7531,7300
7630,7438,7283
7631,7620,7122
7632,7631,3252
7633,7404,3119
7634,2059,502
7635,7632,2894
7636,7635,787
7637,7624,7512
7638,7637,7444
7639,2818,1652
7640,7636,7511
7641,7416,7076
7642,7564,3741
7643,512,154
7644,7628,833
7645,1946,1487
7646,7640,555
7647,7646,3568
7648,3838,821
7649,7647,1179
7650,7613,7109
7651,7604,7514
7652,7599,7170
7653,7617,7430
7654,7598,7447
7655,7551,7381
7656,2906,2710
7657,7548,7433
7658,7649,2284
7659,7658,7510
7660,7659,7336
7661,7638,7482
7662,7660,7505
7663,7644,2073
7664,7663,1764
7665,7664,7467
7666,7665,7088
7667,7595,788
7668,7662,3357
7669,7668,7422
7670,7669,7661
7671,7605,7484
7672,7666,7538
7673,7672,1574
7674,7328,6818
7675,7608,7399
7676,7673,321
7677,3474,3025
7678,7463,6332
7679,7597,7476
7680,7546,2876
7681,7641,7039
7682,7387,121
7683,6939,3828
7684,7588,7352
7685,7614,3724
7686,7221,6976
7687,7676,2628
7688,7687,2758
7689,7027,3562
7690,7688,2731
7691,7611,44
7692,7469,7306
7693,7435,4909
7694,7214,858
7695,7670,1288
7696,7695,621
7697,7696,2845
7698,7671,785
7699,7675,290
7700,7697,7610
7701,7700,7603
7702,7690,665
7703,7702,677
7704,7703,7629
7705,7293,6767
7706,7566,3872
7707,7704,1698
7708,7502,1229
7709,7680,7442
7710,7542,6950
7711,7532,978
7712,7684,7155
7713,7701,7543
7714,7713,7698
7715,7707,1060
7716,7715,7654
7717,7643,7622
7718,7537,2351
7719,7652,7468
7720,7716,690
7721,7714,1222
7722,7397,2879
7723,7720,584
7724,7722,3099
7725,7596,3070
7726,7504,2852
7727,7723,7650
7728,6705,6431
7729,7699,2699
7730,7727,7627
7731,7589,7550
7732,7657,7655
7733,7565,2191
7734,7721,7694
7735,7691,1607
7736,7734,1115
7737,991,592
7738,3659,2991
7739,7062,2163
7740,7730,7216
7741,7591,1198
7742,7733,962
7743,7740,7682
7744,7736,2321
7745,7744,7329
7746,7719,7692
7747,7745,2126
7748,7708,7487
7749,7747,7735
7750,1519,980
7751,7749,2488
7752,7099,578
7753,7731,7709
7754,7743,3179
7755,7621,7333
7756,7724,7681
7757,7739,7642
7758,7754,953
7759,7758,2923
7760,7244,864
7761,7759,7572
7762,7761,2596
7763,7762,782
7764,7717,2780
7765,7763,1086
7766,7765,2709
7767,7712,7271
7768,2606,938
7769,7751,7729
7770,7769,3718
7771,7770,1735
7772,7771,7639
7773,7766,7584
7774,7772,941
7775,7354,1123
7776,2806,2504
7777,7755,7424
7778,2142,132
7779,2613,589
7780,7775,7451
7781,7774,7742
7782,847,596
7783,7760,7710
7784,7732,3955
7785,7623,1302
7786,7705,7685
7787,7781,7616
7788,7787,2044
7789,7788,7369
7790,7789,2144
7791,7609,7606
7792,2702,2231
7793,3779,2789
7794,6970,3720
7795,7674,3196
7796,7790,871
7797,7784,7779
7798,7419,1845
7799,7777,2017
7800,7773,386
7801,7800,2140
7802,7801,7648
7803,7796,7764
7804,7802,2752
7805,7804,7706
7806,7582,1809
7807,7803,7625
7808,7805,1438
7809,7807,3963
7810,7756,7630
7811,7808,7785
7812,7809,3652
7813,7812,7626
7814,7813,3780
7815,7753,2749
7816,7814,7811
7817,2942,2737
7818,7797,3268
7819,7757,277
7820,7806,7767
7821,7667,3897
7822,7497,3180
7823,2541,22
7824,3936,2032
7825,1769,1389
7826,7718,3999
7827,7634,3174
7828,7725,2681
7829,7746,668
7830,7816,7619
7831,6596,3538
7832,7778,973
7833,7154,1969
7834,7819,7748
7835,7818,7786
7836,3794,3067
7837,7561,3942
7838,7679,3862
7839,7810,7607
7840,1705,156
7841,7651,2905
7842,7563,2985
7843,7821,7410
7844,7741,1542
7845,7633,3361
7846,7815,7738
7847,2061,1830
7848,7830,3994
7849,7483,379
7850,7848,3810
7851,7799,1898
7852,7850,7828
7853,7852,7844
7854,7446,7371
7855,7832,3796
7856,7835,3217
7857,3654,2823
7858,7834,7711
7859,7851,7826
7860,7846,7726
7861,7860,7829
7862,7853,7822
7863,7862,7859
7864,7863,7861
7865,7864,7776
7866,7865,7782
7867,3353,247
7868,7849,7686
7869,954,870
7870,3937,267
7871,7843,7783
7872,7866,3542
7873,1296,1023
7874,7858,7653
7875,7820,7677
7876,7750,308
7877,1522,718
7878,1678,1436
7879,7845,728
7880,2909,754
7881,7872,7793
7882,7881,7768
7883,7882,7838
7884,7883,1455
7885,7798,7656
7886,7645,2512
7887,7884,7873
7888,7887,3548
7889,7888,2800
7890,3731,2626
7891,7839,3765
7892,7891,101
7893,7892,7737
7894,7893,7795
7895,7841,7414
7896,7889,563
7897,7896,7728
7898,3692,2706
7899,7885,7856
7900,7874,462
7901,7837,7689
7902,7897,402
7903,7902,7898
7904,7903,7842
7905,3093,1464
7906,3030,1842
7907,7904,7065
7908,7907,1236
7909,7791,2841
7910,3511,2587
7911,7869,7827
7912,7824,2989
7913,7833,7678
7914,7908,7870
7915,7794,380
7916,7875,7823
7917,2363,64
7918,7894,7854
7919,7752,7683
7920,7914,7868
7921,7920,7895
7922,7899,7871
7923,7921,513
7924,7923,7583
7925,2826,2819
7926,7817,2821
7927,7900,71
7928,7916,7855
7929,3782,3746
7930,7880,930
7931,3719,3323
7932,7911,7780
7933,7901,7693
7934,7918,2566
7935,7924,7867
7936,7935,3926
7937,7936,7878
7938,7937,7825
7939,7938,7857
7940,7939,7886
7941,7792,917
7942,7934,7922
7943,7940,393
7944,7943,7909
7945,3141,160
7946,7944,7917
7947,7946,7910
7948,7947,7840
7949,7948,7925
7950,7574,1953
7951,7950,3502
7952,7949,7928
7953,7952,7876
7954,7953,1906
7955,7942,7836
7956,7954,7931
7957,7956,7926
7958,7905,7879
7959,7955,7262
7960,7957,7930
7961,7915,2147
7962,7961,7960
7963,7962,7932
7964,7963,7913
7965,7964,7919
7966,7958,7912
7967,7966,7965
7968,7877,3927
7969,7959,7927
7970,7969,7941
7971,7967,7890
7972,7971,7951
7973,7933,3777
7974,7831,3010
7975,3628,651
7976,7972,2573
7977,7976,1046
7978,7559,3599
7979,7975,34
7980,7977,7973
7981,7980,2683
7982,7970,2111
7983,7981,7945
7984,7974,3191
7985,7847,6998
7986,7982,7906
7987,7986,7968
7988,7983,534
7989,7988,7978
7990,7979,3745
7991,7987,3715
7992,7991,7989
7993,7992,7309
7994,7993,7929
7995,7994,7985
7996,7995,7984
7997,7996,3894
7998,7997,7990
