10000,3921,3255
10001,7471,5521
10002,2503,1988
10003,9742,6791
10004,6714,4165
10005,9315,5848
10006,8073,7963
10007,1112,1092
10008,6124,720
10009,4208,659
10010,9525,9111
10011,2338,1598
10012,4103,2145
10013,10011,5098
10014,4488,2309
10015,3643,3438
10016,5134,5128
10017,10013,4167
10018,2383,2030
10019,5141,2403
10020,10014,3069
10021,4073,1034
10022,2746,2729
10023,5418,5361
10024,5439,2395
10025,4264,3977
10026,5156,5070
10027,5827,1219
10028,10017,3261
10029,5243,3885
10030,10012,2497
10031,4266,3047
10032,10018,2279
10033,4080,3755
10034,2133,1281
10035,4479,4297
10036,5474,3208
10037,10015,5343
10038,4489,4426
10039,10024,10021
10040,2340,2138
10041,10028,5342
10042,10016,5115
10043,10020,4291
10044,10030,10025
10045,4797,3526
10046,3292,2118
10047,7281,4422
10048,6653,3539
10049,5695,5625
10050,10039,1315
10051,5241,4183
10052,10043,4154
10053,10032,5136
10054,10041,10036
10055,5411,3234
10056,10033,10022
10057,10038,4369
10058,9716,742
10059,8282,3686
10060,5806,2222
10061,4387,4204
10062,3650,2070
10063,10044,10037
10064,5834,5480
10065,10050,5907
10066,5331,1201
10067,5290,3920
10068,4429,3928
10069,10051,10034
10070,10053,4361
10071,5878,2387
10072,7331,1676
10073,10046,2464
10074,10054,7459
10075,4364,4355
10076,10023,3108
10077,2306,2243
10078,10040,8062
10079,10065,5011
10080,6932,4035
10081,10052,5364
10082,5425,4450
10083,10069,2074
10084,5325,2661
10085,2232,2051
10086,10042,10026
10087,10056,5153
10088,5298,3908
10089,10019,8233
10090,4033,2339
10091,5226,4185
10092,10045,6541
10093,4116,2559
10094,8128,901
10095,10059,2860
10096,5322,2443
10097,6979,6533
10098,10058,3110
10099,10081,2374
10100,10074,6621
10101,4382,4091
10102,10029,5421
10103,10070,1242
10104,1692,1013
10105,10047,4696
10106,4157,4120
10107,2662,1093
10108,10093,10083
10109,5508,3681
10110,4470,4317
10111,5199,3950
10112,4362,4327
10113,9823,5278
10114,10057,4818
10115,10080,10072
10116,5722,1073
10117,4036,3427
10118,6782,6718
10119,10031,541
10120,10100,10079
10121,6892,5580
10122,5374,3666
10123,10055,5919
10124,10063,4960
10125,4339,2378
10126,4197,3033
10127,10049,4752
10128,8068,7403
10129,10076,3530
10130,10067,3088
10131,10102,10095
10132,6453,3827
10133,7129,3095
10134,4964,3346
10135,10124,8188
10136,5697,4087
10137,7026,477
10138,5024,3734
10139,10108,4584
10140,8308,4134
10141,10073,5767
10142,7702,4125
10143,4159,3192
10144,10094,10090
10145,10071,9646
10146,9858,4189
10147,10103,4233
10148,10135,10060
10149,10066,3689
10150,1096,390
10151,10120,3300
10152,10027,5652
10153,10064,714
10154,10113,10078
10155,10092,10048
10156,1131,815
10157,9618,2008
10158,8905,8831
10159,4492,4210
10160,10114,4088
10161,4436,4013
10162,4539,606
10163,10151,10105
10164,5461,3019
10165,5222,5062
10166,9672,4897
10167,10109,4280
10168,10122,5100
10169,10115,2487
10170,5369,2103
10171,4270,1951
10172,3068,3036
10173,3377,2466
10174,5936,5388
10175,10089,1544
10176,6955,6589
10177,10148,5473
10178,10144,10139
10179,8170,3203
10180,3319,3259
10181,7047,5149
10182,10084,8353
10183,4599,658
10184,3205,1968
10185,10138,8399
10186,10137,6639
10187,10099,4378
10188,10104,1537
10189,5545,1742
10190,1661,722
10191,7323,5918
10192,2781,1188
10193,10082,1857
10194,10177,4181
10195,10128,10061
10196,7206,5715
10197,7829,6994
10198,10142,10096
10199,6320,2328
10200,10157,10098
10201,5657,3860
10202,10062,2978
10203,3698,3555
10204,6912,5148
10205,5631,5043
10206,10119,10068
10207,10186,10077
10208,5333,5203
10209,10147,433
10210,10167,2564
10211,3448,1144
10212,5281,3763
10213,5884,2420
10214,10189,10159
10215,3496,3290
10216,10194,8348
10217,9889,4272
10218,5197,3606
10219,10132,3712
10220,1892,1154
10221,10178,6294
10222,10133,2895
10223,7238,2430
10224,3153,1177
10225,10168,3212
10226,4192,1357
10227,10087,3260
10228,10206,8162
10229,10202,10145
10230,10160,3998
10231,4608,4262
10232,3183,3004
10233,4170,4047
10234,7601,4007
10235,10195,2816
10236,2760,579
10237,10181,10154
10238,6965,6748
10239,5540,96
10240,5292,2847
10241,10086,4142
10242,10112,4435
10243,10164,4353
10244,6949,220
10245,10130,5686
10246,5876,5565
10247,10152,10116
10248,10129,10101
10249,9891,3348
10250,10110,3459
10251,3332,2176
10252,8968,4393
10253,4473,4151
10254,5285,2680
10255,2685,1890
10256,6665,6645
10257,4890,4525
10258,10193,10035
10259,10221,10146
10260,10169,1037
10261,10209,6493
10262,10234,4083
10263,6900,5787
10264,10136,4175
10265,8120,3074
10266,4147,1523
10267,10173,10141
10268,10204,3914
10269,4461,3610
10270,1098,540
10271,9800,9675
10272,8207,4354
10273,8451,5466
10274,9928,9900
10275,10149,3954
10276,10123,7151
10277,10127,5820
10278,10155,10140
10279,10226,1087
10280,10230,3645
10281,10171,94
10282,7723,7715
10283,10210,10126
10284,10107,5856
10285,10227,5133
10286,10175,8461
10287,1150,1062
10288,10075,8909
10289,4122,3098
10290,10247,10216
10291,10174,10106
10292,10207,10183
10293,10187,33
10294,10241,4228
10295,10188,2149
10296,3279,3015
10297,10225,5345
10298,9772,2273
10299,3244,2286
10300,6925,6805
10301,3624,3469
10302,5491,3529
10303,10237,10163
10304,3856,3285
10305,10215,10158
10306,10268,10259
10307,1757,1649
10308,4784,4628
10309,9965,2368
10310,7560,3691
10311,10261,10153
10312,5723,3298
10313,4679,4012
10314,10111,872
10315,10179,3023
10316,7863,3986
10317,6970,6565
10318,10190,501
10319,10284,8174
10320,9745,3269
10321,5205,3943
10322,8080,4612
10323,10214,3622
10324,3365,3310
10325,10088,3057
10326,4070,3051
10327,2259,1657
10328,5401,3805
10329,10213,2317
10330,10229,10125
10331,5576,150
10332,8546,7300
10333,10131,6684
10334,7489,6764
10335,10192,8082
10336,10121,3846
10337,7561,876
10338,5386,2011
10339,8052,4974
10340,10286,10275
10341,10228,5267
10342,10245,3146
10343,7037,3136
10344,3561,2727
10345,10134,3768
10346,5453,4113
10347,4410,4230
10348,10260,762
10349,10293,10249
10350,4326,3970
10351,4314,1557
10352,5262,4344
10353,4315,3711
10354,10097,6747
10355,4200,2071
10356,2218,1022
10357,10279,10117
10358,5360,2056
10359,3966,3922
10360,10162,9564
10361,6807,6605
10362,10172,8954
10363,5042,1325
10364,10150,1423
10365,4392,4368
10366,8842,1039
10367,10306,4751
10368,10280,4056
10369,4260,740
10370,10292,10200
10371,7356,3202
10372,3229,2542
10373,9387,7224
10374,10262,2439
10375,7542,5762
10376,10212,4308
10377,10156,9778
10378,8776,4866
10379,3354,3122
10380,10222,5449
10381,1647,712
10382,10285,10264
10383,5584,1342
10384,10243,47
10385,10290,10198
10386,10270,1497
10387,10360,10311
10388,10185,8027
10389,9623,4630
10390,4476,3403
10391,6701,6678
10392,5874,5253
10393,10250,8304
10394,10348,2314
10395,10235,4979
10396,8192,5097
10397,7497,7309
10398,6713,6552
10399,10295,8494
10400,8263,4302
10401,5525,2099
10402,4636,4051
10403,10357,10303
10404,7615,3049
10405,10281,9555
10406,10341,796
10407,2255,2174
10408,6717,2047
10409,10370,10166
10410,10367,1504
10411,10315,4180
10412,8343,4613
10413,8196,4037
10414,10278,8681
10415,3814,2097
10416,10365,4360
10417,10253,4945
10418,9722,1439
10419,10347,10161
10420,8581,6901
10421,10196,3707
10422,10248,5740
10423,2331,2302
10424,10223,2287
10425,10288,7054
10426,8019,7604
10427,5274,4375
10428,7088,2192
10429,10330,3971
10430,9918,8426
10431,10323,1107
10432,8491,4986
10433,10343,508
10434,10362,4462
10435,3100,2094
10436,10410,10301
10437,8245,983
10438,10300,10263
10439,1275,1082
10440,10355,7292
10441,3648,734
10442,1870,1562
10443,10331,10283
10444,10240,1283
10445,8380,1297
10446,8571,4011
10447,5858,5764
10448,10287,4766
10449,10425,10298
10450,10403,10340
10451,4373,2108
10452,6846,6797
10453,10405,10191
10454,10180,4241
10455,10387,9970
10456,10385,10368
10457,10224,8262
10458,10399,808
10459,805,635
10460,5450,3513
10461,5927,5799
10462,6549,449
10463,1417,1141
10464,5981,5948
10465,10316,5317
10466,10269,3601
10467,5270,4118
10468,10294,3899
10469,10143,2352
10470,8012,3506
10471,10199,8202
10472,10353,4269
10473,10342,2256
10474,10319,1164
10475,10272,3257
10476,10411,10297
10477,10351,1425
10478,10267,10232
10479,10384,3717
10480,5235,2711
10481,10314,3276
10482,10371,5844
10483,10394,1337
10484,9818,743
10485,6954,6759
10486,6524,6518
10487,10201,10184
10488,10434,10291
10489,10374,1704
10490,3884,2877
10491,8158,5175
10492,10431,10335
10493,5930,2438
10494,10390,3961
10495,9807,9557
10496,3900,2007
10497,10376,10339
10498,8280,5261
10499,10305,1894
10500,10364,8821
10501,10422,10312
10502,5572,5096
10503,7136,7013
10504,9721,7137
10505,4077,2193
10506,10336,7056
10507,10456,10388
10508,9741,7334
10509,7544,7505
10510,10450,10393
10511,5180,5006
10512,10211,3193
10513,5202,3919
10514,10322,3064
10515,10220,2849
10516,4408,1784
10517,8084,3629
10518,4914,3254
10519,10436,9991
10520,5288,1367
10521,10258,1926
10522,10218,5469
10523,10443,1434
10524,10333,10217
10525,10383,963
10526,4754,53
10527,6660,2181
10528,8502,1251
10529,10519,3164
10530,8349,4481
10531,7426,135
10532,10419,10349
10533,10380,2371
10534,10489,10302
10535,10429,10233
10536,10352,4111
10537,6924,1084
10538,8743,8697
10539,5913,2477
10540,10346,2015
10541,7305,660
10542,9777,5073
10543,10395,8807
10544,10266,10255
10545,2057,511
10546,10182,987
10547,10309,975
10548,10458,856
10549,10299,2379
10550,1368,1311
10551,10406,8687
10552,10328,3022
10553,5404,5209
10554,9508,4992
10555,7622,1529
10556,10308,4529
10557,9812,1815
10558,10529,10496
10559,5182,3457
10560,9969,5118
10561,10469,5488
10562,10428,7370
10563,10490,5407
10564,4588,4553
10565,10239,2107
10566,4891,4441
10567,10455,8480
10568,10423,8895
10569,3820,2391
10570,3982,2264
10571,10483,10457
10572,10421,3799
10573,8091,3695
10574,10478,10473
10575,4917,1291
10576,1329,874
10577,10558,10085
10578,5376,3185
10579,8189,4131
10580,2712,1137
10581,10412,5166
10582,8627,1546
10583,4535,3094
10584,7563,2082
10585,10313,4380
10586,10402,1838
10587,1965,906
10588,10497,4881
10589,10543,10432
10590,10510,10441
10591,3972,3600
10592,10523,3785
10593,10448,9373
10594,10277,5747
10595,7568,1675
10596,2060,1591
10597,10400,5286
10598,10551,8990
10599,10329,2136
10600,7298,7179
10601,6836,6785
10602,10492,1914
10603,979,626
10604,10318,8798
10605,10382,2572
10606,10401,8381
10607,10430,4950
10608,10276,1747
10609,3625,74
10610,10464,7218
10611,10389,10344
10612,10208,5077
10613,10514,10507
10614,5478,5375
10615,8265,3029
10616,10252,9700
10617,10474,553
10618,5414,5391
10619,4100,1772
10620,10366,3854
10621,3189,2294
10622,10170,6780
10623,10414,6801
10624,10598,10369
10625,9789,1489
10626,8466,5240
10627,10499,8565
10628,10418,2679
10629,1125,510
10630,10375,7759
10631,10548,7607
10632,10091,3959
10633,10444,3297
10634,4039,2327
10635,10350,79
10636,7254,2085
10637,2282,2091
10638,10307,7749
10639,10404,1881
10640,10608,10304
10641,10593,10495
10642,10242,5090
10643,10574,10493
10644,10386,10377
10645,10567,5170
10646,9947,8969
10647,3770,3674
10648,3187,1101
10649,10408,6765
10650,5214,5050
10651,10588,10584
10652,6703,6686
10653,10219,5872
10654,8095,497
10655,10532,10435
10656,10332,8664
10657,10594,10506
10658,10479,5020
10659,5373,4010
10660,10463,10356
10661,8157,7286
10662,10437,10289
10663,10651,5779
10664,6677,5553
10665,7264,7048
10666,10465,3991
10667,10326,7125
10668,5059,3670
10669,4250,4060
10670,10484,9579
10671,5495,4123
10672,5427,1708
10673,9827,4138
10674,10606,2035
10675,7717,2404
10676,10599,10535
10677,10321,9984
10678,10541,2199
10679,10449,2280
10680,10363,1619
10681,10409,9641
10682,3246,1908
10683,9872,9636
10684,10427,124
10685,10564,4199
10686,9797,8221
10687,10521,10476
10688,1536,363
10689,10528,204
10690,9779,4009
10691,7338,5171
10692,3184,1868
10693,10632,9630
10694,8324,4093
10695,10373,7431
10696,8415,1079
10697,10592,1666
10698,10205,4433
10699,10582,7822
10700,10590,814
10701,7143,5651
10702,10605,8919
10703,10471,6711
10704,10472,1626
10705,5559,1020
10706,10624,10460
10707,2753,1825
10708,10468,4420
10709,10491,913
10710,10645,9616
10711,7361,2375
10712,10627,10433
10713,10197,4676
10714,4050,3708
10715,10525,10453
10716,1566,1265
10717,10533,3311
10718,10381,605
10719,10613,10553
10720,923,41
10721,10658,10325
10722,7844,2480
10723,10345,3819
10724,10681,10515
10725,10631,662
10726,10534,4671
10727,10655,10566
10728,7821,5076
10729,10575,7455
10730,7357,2580
10731,8310,4285
10732,10623,10256
10733,5217,2467
10734,10559,1029
10735,10500,8344
10736,6858,2360
10737,10719,10643
10738,4604,3429
10739,10420,3762
10740,4105,3984
10741,5422,4231
10742,10424,5272
10743,10165,8140
10744,10589,2164
10745,10702,8077
10746,10544,2550
10747,10516,1433
10748,6758,2582
10749,10577,9359
10750,5245,2332
10751,10273,5957
10752,10676,2308
10753,10704,10257
10754,10725,735
10755,10700,10684
10756,3374,3073
10757,10518,3431
10758,10697,904
10759,10337,8247
10760,10442,1645
10761,4066,1224
10762,10487,3837
10763,8190,4092
10764,10475,7790
10765,9735,5398
10766,5811,5489
10767,6338,739
10768,10447,610
10769,4063,4054
10770,10440,10320
10771,10417,4400
10772,6664,6526
10773,859,746
10774,10710,10644
10775,10416,2301
10776,10680,2380
10777,9853,5601
10778,10620,10531
10779,7452,7289
10780,8316,5780
10781,10633,10604
10782,6966,6896
10783,2244,2233
10784,10726,10706
10785,10231,4632
10786,9865,548
10787,10721,10358
10788,3222,3084
10789,10203,4043
10790,7190,199
10791,10545,1338
10792,10625,10415
10793,1786,1606
10794,7062,1220
10795,10494,4720
10796,4877,2917
10797,5675,5624
10798,10758,1861
10799,10572,1033
10800,1596,521
10801,4119,3173
10802,10524,5230
10803,10617,10603
10804,10685,10488
10805,8856,3565
10806,6945,6817
10807,5683,4089
10808,10569,5512
10809,10759,10745
10810,10378,4173
10811,2366,2084
10812,8018,5629
10813,10755,6046
10814,10737,10602
10815,10501,1984
10816,10274,2361
10817,3547,2335
10818,1334,1272
10819,9971,9726
10820,7815,3480
10821,10798,10717
10822,10640,10446
10823,5943,5771
10824,10571,9652
10825,9749,5211
10826,10504,9684
10827,9950,1766
10828,8376,4727
10829,10561,7046
10830,10813,10591
10831,9613,1052
10832,3709,1991
10833,7483,7376
10834,7732,4706
10835,10679,10520
10836,10445,4954
10837,10477,1513
10838,4416,4191
10839,10732,117
10840,10752,5564
10841,5468,3221
10842,7857,7814
10843,10282,7124
10844,6661,1347
10845,10774,10744
10846,4865,4058
10847,10746,10573
10848,8844,3312
10849,10610,5883
10850,10830,8156
10851,8610,5357
10852,10636,2912
10853,10713,10570
10854,4216,1734
10855,8713,4015
10856,10555,8436
10857,7892,7171
10858,10687,1928
10859,9848,3009
10860,10310,8043
10861,10762,3657
10862,6256,2234
10863,3793,562
10864,10568,2408
10865,4190,777
10866,10646,4168
10867,10724,10546
10868,10236,3165
10869,10751,10522
10870,5677,2189
10871,3307,1083
10872,10622,10586
10873,10840,10727
10874,3440,3243
10875,1180,748
10876,5256,3504
10877,10829,10619
10878,5340,5151
10879,10795,5886
10880,10715,2436
10881,10006,8534
10882,7789,3488
10883,3447,3391
10884,7970,4137
10885,9843,4383
10886,8516,3664
10887,10649,2068
10888,10118,6933
10889,10824,2010
10890,4044,3495
10891,2260,2104
10892,5661,1793
10893,10833,7316
10894,7907,7906
10895,5821,2266
10896,8911,3821
10897,10639,10563
10898,8072,1305
10899,10678,10372
10900,5838,1589
10901,9768,8016
10902,1496,1016
10903,4014,1308
10904,10802,10662
10905,10467,10454
10906,10889,10778
10907,10743,3509
10908,5014,3273
10909,7570,1592
10910,10862,10703
10911,1481,353
10912,7408,4020
10913,5785,1295
10914,2393,2337
10915,865,781
10916,10742,877
10917,8714,4474
10918,5165,5109
10919,5354,167
10920,1446,1018
10921,9079,7146
10922,6619,6511
10923,6038,3043
10924,10850,7344
10925,10815,10547
10926,10821,10581
10927,2637,2088
10928,6564,3902
10929,10804,1503
10930,10635,8770
10931,10835,5242
10932,10609,10251
10933,10711,4316
10934,3283,2570
10935,10784,10672
10936,10845,10607
10937,10481,3464
10938,4072,3947
10939,4654,4106
10940,10498,5492
10941,10924,10597
10942,10542,9987
10943,3441,246
10944,5125,3198
10945,7911,2276
10946,8867,4764
10947,10246,5727
10948,7362,7102
10949,10642,3744
10950,2507,2202
10951,10749,10616
10952,10659,799
10953,8372,500
10954,9916,1422
10955,10693,7903
10956,10536,1567
10957,10816,1415
10958,10426,7979
10959,8382,4074
10960,5794,3178
10961,8387,5368
10962,10823,10470
10963,9464,5248
10964,4318,2988
10965,10666,7805
10966,10825,3286
10967,7474,4836
10968,10480,988
10969,3909,3510
10970,3415,3402
10971,10941,10511
10972,5027,4370
10973,10803,10629
10974,10576,12
10975,5066,4108
10976,10769,4449
10977,4146,3101
10978,9126,2170
10979,10527,5995
10980,10579,9979
10981,5934,1840
10982,10931,527
10983,10949,10512
10984,10867,10670
10985,10785,627
10986,10863,3642
10987,10327,8155
10988,4454,1411
10989,4329,2081
10990,7446,7096
10991,10720,5455
10992,7967,880
10993,10753,803
10994,4256,4236
10995,10951,8752
10996,4279,2530
10997,7368,7250
10998,10814,10663
10999,10809,3592
11000,10916,2844
11001,4796,3236
11002,4464,1126
11003,10692,8173
11004,10653,2112
11005,7724,4482
11006,389,20
11007,10723,4736
11008,10771,4026
11009,10689,2472
11010,4480,3356
11011,10628,9862
11012,10960,10682
11013,10688,2868
11014,5052,4143
11015,4969,542
11016,10971,10754
11017,10517,5120
11018,10772,6506
11019,10856,7985
11020,10781,10550
11021,10647,4718
11022,3366,2476
11023,9188,9128
11024,9776,4941
11025,5181,4158
11026,4076,3769
11027,7575,3128
11028,10822,3492
11029,9617,4188
11030,10858,10709
11031,10565,6137
11032,5254,565
11033,5441,914
11034,5470,5004
11035,10936,940
11036,5949,1187
11037,5220,5012
11038,6041,909
11039,10502,2039
11040,10923,10698
11041,10648,3213
11042,10652,6907
11043,4857,4763
11044,5162,759
11045,10667,4922
11046,5445,3550
11047,10988,4117
11048,5685,5606
11049,2129,151
11050,10634,4115
11051,8470,5500
11052,10904,10770
11053,10486,7417
11054,6903,6847
11055,10734,3590
11056,7169,6706
11057,5994,1707
11058,7923,4224
11059,10983,4440
11060,10791,1782
11061,10877,10780
11062,10777,10686
11063,10963,4438
11064,7001,1382
11065,409,207
11066,3540,1602
11067,7424,3103
11068,10836,1333
11069,9088,2297
11070,4298,3742
11071,1829,776
11072,10664,10630
11073,2534,1631
11074,10677,2511
11075,10438,7410
11076,8241,5083
11077,1560,286
11078,10271,9624
11079,11007,4040
11080,3596,2886
11081,10650,4430
11082,10998,5778
11083,8209,1132
11084,9518,2911
11085,5991,2162
11086,4246,1195
11087,2945,2536
11088,10757,10549
11089,7284,3462
11090,10466,4082
11091,10735,215
11092,10926,804
11093,10854,5147
11094,10930,8825
11095,9963,4697
11096,10712,1111
11097,5448,5438
11098,3967,2457
11099,10611,1658
11100,10673,620
11101,10899,3743
11102,10995,7450
11103,10832,10537
11104,4485,3413
11105,5007,750
11106,10708,10513
11107,6837,6633
11108,10999,10861
11109,1426,761
11110,10929,5552
11111,10844,3382
11112,10665,6744
11113,10641,1904
11114,10873,5099
11115,4455,1646
11116,9516,5056
11117,10699,2160
11118,9830,7092
11119,11016,10887
11120,5818,5803
11121,10585,3753
11122,10396,4444
11123,993,765
11124,10895,10254
11125,7929,4301
11126,8432,2743
11127,8758,7310
11128,3373,2584
11129,936,219
11130,4893,2555
11131,11021,10801
11132,10807,10485
11133,10787,5679
11134,5346,3052
11135,10740,683
11136,11102,10683
11137,10626,2621
11138,5143,4095
11139,10775,10674
11140,10482,594
11141,10799,10505
11142,9874,6672
11143,10587,9813
11144,10933,2432
11145,10750,10690
11146,11082,10338
11147,4141,2155
11148,10857,10656
11149,4972,4577
11150,1091,902
11151,4681,1400
11152,9810,3690
11153,4561,1924
11154,5554,2105
11155,5289,4102
11156,10956,4286
11157,11028,1821
11158,10808,10660
11159,10880,5911
11160,10773,935
11161,10846,5591
11162,1778,1349
11163,10600,5504
11164,10792,1114
11165,7080,2759
11166,9578,5746
11167,11061,10900
11168,10701,8116
11169,888,868
11170,11092,10897
11171,10583,3087
11172,10849,2326
11173,6560,6504
11174,10942,7915
11175,10817,4187
11176,10552,2583
11177,3904,3079
11178,10765,4835
11179,10714,3578
11180,9603,2842
11181,10730,4675
11182,10810,3340
11183,10990,10334
11184,10654,5302
11185,5304,5172
11186,5929,1885
11187,7479,2602
11188,10695,5793
11189,11019,10954
11190,10694,8293
11191,10657,1353
11192,10950,9648
11193,9705,9541
11194,10612,2454
11195,3384,287
11196,5121,3835
11197,1603,524
11198,10973,10906
11199,7775,2643
11200,6658,2034
11201,10398,6931
11202,10946,6891
11203,5279,1856
11204,8851,8602
11205,10982,10875
11206,5452,5001
11207,11068,4695
11208,7383,7253
11209,11040,8264
11210,5456,736
11211,11110,4094
11212,10741,10733
11213,11136,10891
11214,3127,2686
11215,7351,6194
11216,7204,7180
11217,8232,2006
11218,11035,10866
11219,8391,3077
11220,9861,7159
11221,11052,3400
11222,10907,10618
11223,10925,3470
11224,10539,5708
11225,9582,4101
11226,10718,5224
11227,11091,5472
11228,10800,10707
11229,11066,7321
11230,1577,1035
11231,11146,10728
11232,2999,1328
11233,5106,3615
11234,11159,10722
11235,10853,3882
11236,10638,5966
11237,3653,3083
11238,8863,5327
11239,1599,873
11240,4767,4717
11241,11045,825
11242,10580,4537
11243,10747,9982
11244,7613,2343
11245,9635,4457
11246,10910,10736
11247,2523,2510
11248,11211,10837
11249,8420,1774
11250,11148,8795
11251,8754,5699
11252,4112,1239
11253,4177,3751
11254,11072,9135
11255,7234,3633
11256,4413,2353
11257,7704,5731
11258,10324,4699
11259,10764,561
11260,11158,11119
11261,11170,10805
11262,7499,7127
11263,10896,3824
11264,11031,5894
11265,10912,10843
11266,11231,11221
11267,10905,4715
11268,6292,749
11269,8837,4391
11270,11167,3931
11271,11079,4163
11272,789,517
11273,10766,4182
11274,10538,1579
11275,5349,3210
11276,11213,10859
11277,4399,4126
11278,5852,4372
11279,3554,1777
11280,10865,10776
11281,6680,1737
11282,11048,10947
11283,10968,3299
11284,10937,10738
11285,3958,97
11286,11133,10874
11287,7746,7714
11288,10860,4284
11289,11088,1386
11290,11000,10885
11291,10244,490
11292,11055,5447
11293,5462,3472
11294,11121,3826
11295,10894,3671
11296,10557,1478
11297,10782,6724
11298,10661,7598
11299,4902,892
11300,10920,1321
11301,10984,9917
11302,7003,6985
11303,1834,251
11304,4305,4282
11305,10935,10760
11306,11259,2548
11307,11002,1693
11308,5518,2508
11309,5123,3868
11310,7439,5696
11311,1925,1810
11312,11113,9912
11313,10898,8976
11314,9967,9501
11315,10927,2300
11316,5194,3818
11317,9725,1552
11318,9775,1076
11319,11276,11150
11320,7277,6827
11321,10705,6344
11322,11030,3898
11323,11223,5739
11324,11283,11020
11325,4919,875
11326,5383,1304
11327,10921,7686
11328,11108,10869
11329,11240,4738
11330,8086,1655
11331,4686,4666
11332,11210,972
11333,11198,1613
11334,7478,7405
11335,11157,43
11336,10556,7913
11337,2310,1379
11338,11103,10839
11339,11305,11117
11340,1068,793
11341,9560,5440
11342,10980,4351
11343,11085,10864
11344,10978,8218
11345,7839,3761
11346,11129,1391
11347,4705,4536
11348,4004,401
11349,5983,2344
11350,10439,5877
11351,8330,3910
11352,11154,10595
11353,10793,915
11354,9038,3626
11355,10953,5534
11356,8177,8090
11357,10554,1739
11358,11144,8419
11359,8450,2638
11360,9659,3345
11361,11260,9595
11362,7492,7267
11363,10892,10671
11364,8529,4498
11365,10621,9614
11366,11191,2388
11367,10827,982
11368,11096,10812
11369,11242,11218
11370,11156,4263
11371,7578,1473
11372,10265,518
11373,11060,5102
11374,4484,1956
11375,4324,3018
11376,7900,7438
11377,10994,7994
11378,4734,3407
11379,6855,5769
11380,5566,2258
11381,11328,11003
11382,11044,9590
11383,1398,1161
11384,9639,1510
11385,10986,1492
11386,10797,1502
11387,2825,2318
11388,4642,4578
11389,10783,7626
11390,11164,10959
11391,10851,8590
11392,11369,9802
11393,6980,6592
11394,11301,9697
11395,7858,3806
11396,10902,5443
11397,10790,413
11398,10932,3845
11399,11241,10675
11400,4031,1233
11401,7386,77
11402,11176,9907
11403,8438,848
11404,9804,5359
11405,5849,5602
11406,11114,6216
11407,398,367
11408,11140,7396
11409,11308,2967
11410,6784,6727
11411,11361,11248
11412,4283,3500
11413,3294,1615
11414,11160,10985
11415,7447,5689
11416,1247,790
11417,10879,1457
11418,4128,3574
11419,11106,4150
11420,10965,10870
11421,11406,11135
11422,7271,3162
11423,10955,7269
11424,10913,5502
11425,11323,11273
11426,8384,3137
11427,9704,9612
11428,10794,10615
11429,11339,8275
11430,11141,9868
11431,7007,3050
11432,11174,6705
11433,11321,10957
11434,11131,3456
11435,11067,10989
11436,11196,694
11437,10354,6959
11438,11036,10596
11439,11209,2676
11440,10918,4335
11441,11047,4005
11442,11312,5294
11443,5190,4226
11444,8708,2130
11445,4803,4611
11446,11372,1625
11447,4985,4583
11448,8630,5237
11449,11205,11101
11450,11219,10578
11451,2565,354
11452,7168,4658
11453,10962,10819
11454,11201,6799
11455,9930,4288
11456,9976,1654
11457,2357,2245
11458,3764,1209
11459,11093,10987
11460,11340,2632
11461,894,531
11462,9847,1388
11463,11429,641
11464,5592,1586
11465,11288,10993
11466,11147,4590
11467,11319,8937
11468,11322,7225
11469,11329,10526
11470,1605,974
11471,11258,10952
11472,11192,2522
11473,5135,3834
11474,11086,9798
11475,11261,10847
11476,11172,1041
11477,253,112
11478,3831,3225
11479,11289,11233
11480,10748,6922
11481,10818,8830
11482,11394,10729
11483,10761,671
11484,11425,4099
11485,7466,7142
11486,3887,1609
11487,11337,10786
11488,8065,5029
11489,10540,7265
11490,10397,4293
11491,11153,4693
11492,3735,2635
11493,8935,429
11494,11475,11012
11495,2514,1746
11496,8108,3228
11497,10767,5718
11498,11449,11270
11499,10922,4237
11500,11252,8049
11501,10868,8035
11502,11338,11142
11503,11112,10503
11504,10601,10361
11505,11468,11274
11506,8952,5233
11507,7444,5945
11508,3995,2169
11509,11029,8575
11510,11125,3536
11511,10975,1292
11512,11370,4098
11513,5618,3360
11514,10614,3996
11515,3544,2072
11516,2820,1976
11517,5035,1032
11518,10392,5701
11519,11111,4502
11520,7005,2143
11521,11411,812
11522,7038,6857
11523,10806,8993
11524,11162,1133
11525,4670,371
11526,10637,2023
11527,11004,8290
11528,11333,1816
11529,10768,5864
11530,9027,8385
11531,2827,2206
11532,7642,4813
11533,7097,1463
11534,11050,2955
11535,4830,4439
11536,11279,7981
11537,7239,4421
11538,11214,629
11539,11445,4757
11540,11421,11384
11541,11391,9393
11542,11366,5931
11543,10731,3309
11544,11463,780
11545,6834,6674
11546,11392,791
11547,7652,4294
11548,10914,2096
11549,10934,7409
11550,8346,4909
11551,11368,5266
11552,4585,1441
11553,10691,8635
11554,8551,7247
11555,6894,6756
11556,11216,763
11557,11179,4079
11558,11417,11083
11559,7258,3170
11560,11008,10838
11561,11181,7639
11562,5513,2667
11563,10872,933
11564,10974,1375
11565,5851,860
11566,8032,5869
11567,11151,5405
11568,11099,7089
11569,11528,11109
11570,11521,7877
11571,11324,706
11572,11277,3836
11573,11373,1097
11574,7484,7295
11575,7869,6498
11576,11011,1471
11577,11087,879
11578,3080,1299
11579,3385,1994
11580,11266,7943
11581,5975,1718
11582,3329,2721
11583,7513,3877
11584,5648,2866
11585,11285,8433
11586,10888,6760
11587,11235,10917
11588,11051,1168
11589,11474,11130
11590,11540,11152
11591,11544,11306
11592,4371,2372
11593,8787,1320
11594,7100,1710
11595,2018,1429
11596,11264,11234
11597,2880,1913
11598,11546,11467
11599,11071,10831
11600,8430,8427
11601,8880,3314
11602,11290,11038
11603,11227,10842
11604,5802,2120
11605,6899,37
11606,6757,3514
11607,9908,8782
11608,4733,4008
11609,11588,686
11610,11505,11325
11611,11523,11053
11612,5324,3694
11613,4581,73
11614,11423,10878
11615,4959,4310
11616,4184,3046
11617,8259,928
11618,11122,5195
11619,3395,3197
11620,8511,344
11621,4640,1963
11622,11015,866
11623,5807,4549
11624,11175,2509
11625,11062,10834
11626,10908,2938
11627,11570,10876
11628,2292,699
11629,11569,1264
11630,11039,10961
11631,11552,5636
11632,11032,5284
11633,4300,4025
11634,11295,4593
11635,11420,11120
11636,11238,11169
11637,11580,5019
11638,5403,4793
11639,11025,10964
11640,8994,3306
11641,4442,3035
11642,7033,7028
11643,5212,5104
11644,2750,2742
11645,11254,11094
11646,11303,1217
11647,5356,370
11648,8315,1681
11649,10919,862
11650,3024,1403
11651,3582,2665
11652,11326,598
11653,1979,1677
11654,5434,3896
11655,11017,5009
11656,9604,5016
11657,4034,3580
11658,10948,236
11659,11206,10828
11660,11381,5575
11661,7325,778
11662,11399,11245
11663,11389,9254
11664,6689,5790
11665,5598,824
11666,5889,5810
11667,4252,3575
11668,11439,103
11669,11168,5777
11670,9708,2620
11671,11084,5467
11672,6376,6295
11673,11327,1903
11674,10756,7365
11675,3773,3740
11676,5617,1498
11677,9323,1886
11678,11165,5155
11679,7082,580
11680,11188,7369
11681,11041,5054
11682,4641,2731
11683,11009,2200
11684,392,368
11685,11081,5511
11686,11637,11465
11687,11432,11430
11688,8226,171
11689,2247,715
11690,8840,3675
11691,10871,3090
11692,6270,5684
11693,11571,1505
11694,11553,6177
11695,11527,4245
11696,10893,1871
11697,11226,10992
11698,6792,4475
11699,11438,1736
11700,3452,2646
11701,4160,3231
11702,6733,6624
11703,11250,8537
11704,4876,3964
11705,3859,530
11706,11271,942
11707,11476,5964
11708,11629,11383
11709,11396,4710
11710,8431,1876
11711,10562,622
11712,7804,7692
11713,11590,10981
11714,11625,8618
11715,11596,7792
11716,8572,2494
11717,5751,5703
11718,10359,5830
11719,11483,5548
11720,11482,1390
11721,11627,11243
11722,5960,5688
11723,11419,3929
11724,7345,3172
11725,4565,3479
11726,5384,2792
11727,10972,2687
11728,11428,10788
11729,7202,6557
11730,11286,5479
11731,11610,8407
11732,11442,11309
11733,3227,3056
11734,11526,2669
11735,11284,637
11736,11143,698
11737,11124,5599
11738,4206,3775
11739,6916,5925
11740,3985,3072
11741,8874,1833
11742,11187,11089
11743,11575,2491
11744,11539,11149
11745,2450,1064
11746,8134,168
11747,10883,4021
11748,11699,1966
11749,5813,4349
11750,2303,918
11751,8646,4895
11752,11014,9605
11753,11207,10991
11754,11693,11344
11755,11296,237
11756,11244,10909
11757,11074,9656
11758,4041,3960
11759,11591,11433
11760,11132,11001
11761,11265,9937
11762,11450,2185
11763,11635,11386
11764,11603,11390
11765,11660,11655
11766,11563,4742
11767,8917,7155
11768,11281,3131
11769,11436,756
11770,2757,1108
11771,11166,11076
11772,7798,2069
11773,11708,846
11774,11145,2270
11775,4352,4065
11776,903,891
11777,5420,2485
11778,11490,3669
11779,11033,539
11780,10969,5126
11781,11203,8023
11782,5412,3912
11783,11222,3706
11784,11212,3148
11785,11027,9580
11786,11686,11352
11787,2943,2836
11788,5387,1952
11789,11602,11414
11790,8579,2370
11791,11364,11182
11792,11357,10970
11793,11272,984
11794,1230,1028
11795,11578,6409
11796,2634,2134
11797,11512,10530
11798,11049,2183
11799,11498,604
11800,11568,2840
11801,11335,8573
11802,11058,8756
11803,11331,9345
11804,9856,9553
11805,11597,5586
11806,10855,8824
11807,3002,1384
11808,6693,6635
11809,11681,11479
11810,11607,11246
11811,4882,1250
11812,11601,7966
11813,6908,6881
11814,11755,89
11815,11599,11228
11816,11663,11336
11817,11494,11116
11818,11267,10890
11819,9211,7623
11820,11514,576
11821,11387,8223
11822,11706,11137
11823,7614,460
11824,11720,11178
11825,4929,4878
11826,10944,1917
11827,11313,11123
11828,11043,5423
11829,11398,11100
11830,10779,7243
11831,11713,11573
11832,410,138
11833,11139,3802
11834,11375,4508
11835,711,571
11836,7485,4490
11837,11721,1306
11838,9880,8359
11839,11662,11519
11840,5379,4055
11841,8347,7989
11842,849,710
11843,10296,7993
11844,11670,11668
11845,7354,6862
11846,11773,11461
11847,5664,3169
11848,9601,9460
11849,10928,6943
11850,11529,5589
11851,4668,2240
11852,11551,5577
11853,7276,3258
11854,11161,5187
11855,10884,3347
11856,8042,5753
11857,4023,3855
11858,7128,6978
11859,11382,4587
11860,11077,1186
11861,11056,7433
11862,4320,3316
11863,10841,5555
11864,8959,5057
11865,3409,2947
11866,11456,5831
11867,11310,6992
11868,11831,6358
11869,11232,2116
11870,11837,11719
11871,11700,7121
11872,11652,5277
11873,9852,3357
11874,7066,7006
11875,11472,7649
11876,11760,10696
11877,11765,4778
11878,11118,281
11879,8718,1706
11880,11730,11194
11881,10938,4531
11882,9944,1628
11883,10739,6682
11884,10977,4939
11885,8252,115
11886,3011,3003
11887,11732,11598
11888,11197,8465
11889,8617,8585
11890,7077,5385
11891,11070,4560
11892,10901,10796
11893,2146,1689
11894,11866,1835
11895,11640,929
11896,11653,1008
11897,11018,5078
11898,11128,1883
11899,11354,878
11900,11275,3869
11901,2594,705
11902,11251,4350
11903,10716,1218
11904,11600,10407
11905,11587,11195
11906,10940,5939
11907,5429,5339
11908,7401,7034
11909,11435,10509
11910,6830,2313
11911,1585,1078
11912,7694,3618
11913,8577,4244
11914,11334,6116
11915,7823,3322
11916,11868,11353
11917,6888,6608
11918,11315,601
11919,9668,7353
11920,7770,2412
11921,11754,5351
11922,10915,619
11923,11789,11346
11924,11350,3839
11925,1322,719
11926,11723,10462
11927,7737,7390
11928,8685,8508
11929,9258,5486
11930,7999,905
11931,11759,11427
11932,10461,4067
11933,11480,11291
11934,10882,4755
11935,3218,2688
11936,7952,5107
11937,11870,11453
11938,11624,1878
11939,8889,3797
11940,11416,8738
11941,11189,1445
11942,11511,3948
11943,11621,11363
11944,2493,1923
11945,11255,642
11946,11501,2540
11947,4826,1345
11948,11595,11462
11949,11554,1346
11950,11846,669
11951,8152,916
11952,7456,3369
11953,7896,591
11954,7274,6738
11955,11215,1257
11956,11269,6897
11957,11669,11163
11958,7939,3792
11959,11005,3483
11960,11809,3572
11961,11515,772
11962,5031,3435
11963,6832,6699
11964,11715,1095
11965,11916,11709
11966,5888,5710
11967,11922,2933
11968,11931,1945
11969,11534,1393
11970,2462,672
11971,6649,4425
11972,11824,11589
11973,11817,10966
11974,11104,3405
11975,2161,520
11976,11293,7571
11977,8194,62
11978,6489,1601
11979,11877,11631
11980,7656,4591
11981,11852,8327
11982,9849,5899
11983,5145,504
11984,9887,7782
11985,11696,11402
11986,11731,11294
11987,5204,3021
11988,11190,11090
11989,7131,2654
11990,11815,11487
11991,11566,1691
11992,10852,8447
11993,7435,7242
11994,7895,1622
11995,10996,2385
11996,11489,5535
11997,11950,11689
11998,8658,4497
11999,8724,8647
12000,11549,10789
12001,11073,4977
12002,5146,4367
12003,11548,9948
12004,2016,924
12005,5956,5596
12006,1193,1006
12007,6109,1370
12008,11469,11105
12009,11737,7837
12010,11801,1590
12011,11345,1758
12012,11968,857
12013,8623,8069
12014,3499,1831
12015,7418,3439
12016,8785,7976
12017,7170,6656
12018,11282,5906
12019,11202,11180
12020,11280,3372
12021,11937,11388
12022,11786,11409
12023,11879,9809
12024,11126,6990
12025,11875,11367
12026,11542,1372
12027,5670,5567
12028,11253,11177
12029,11942,11385
12030,11986,11013
12031,3041,1751
12032,11784,4823
12033,4749,3132
12034,6755,6546
12035,11098,4022
12036,5008,752
12037,5350,4135
12038,11844,11507
12039,11299,8225
12040,1109,586
12041,11739,11224
12042,11287,5700
12043,11078,7377
12044,11632,8365
12045,7462,1452
12046,11840,10903
12047,11513,11171
12048,9748,4198
12049,11115,10763
12050,4487,3956
12051,7496,7045
12052,11921,11620
12053,11679,5626
12054,11979,11434
12055,4078,3944
12056,11127,2414
12057,11859,11497
12058,6652,5026
12059,11613,11401
12060,10939,2405
12061,5750,2962
12062,11239,1709
12063,12022,10668
12064,4602,4273
12065,9152,4674
12066,11397,7375
12067,11229,8686
12068,11766,11697
12069,11839,11459
12070,11925,11799
12071,8230,3630
12072,9187,3665
12073,11818,11614
12074,1135,792
12075,3849,3619
12076,11628,11343
12077,2954,2367
12078,12063,11484
12079,11134,11064
12080,11803,4737
12081,300,218
12082,6440,2223
12083,11965,1238
12084,10958,1002
12085,11750,11531
12086,11543,4331
12087,1884,1859
12088,11780,11186
12089,4703,2547
12090,8363,7867
12091,11781,11236
12092,11767,7177
12093,11537,4381
12094,11822,11783
12095,11347,5773
12096,11404,4330
12097,11761,11711
12098,11317,9960
12099,9911,2644
12100,11972,11764
12101,11097,4239
12102,11302,9607
12103,1768,1204
12104,11481,9762
12105,6074,1050
12106,6853,6751
12107,11756,11714
12108,11510,2114
12109,11609,11380
12110,5053,4268
12111,11063,11059
12112,11024,10811
12113,8478,3825
12114,3588,1819
12115,11639,11256
12116,9877,7283
12117,11792,3875
12118,7641,2435
12119,8849,2364
12120,11835,9506
12121,11941,11887
12122,7699,6911
12123,5442,2040
12124,7766,2333
12125,1051,465
12126,11811,11022
12127,11026,3683
12128,1595,599
12129,9634,7530
12130,11268,1354
12131,11342,11010
12132,9915,9631
12133,6773,6625
12134,8483,1697
12135,12021,634
12136,9671,2601
12137,11586,11437
12138,11488,5678
12139,6305,6095
12140,11763,8058
12141,7558,5075
12142,11644,1119
12143,12135,11707
12144,9791,9770
12145,12083,11997
12146,12054,11973
12147,12070,11795
12148,9754,7349
12149,8654,8342
12150,6010,2150
12151,6626,883
12152,11800,11762
12153,2756,2423
12154,10451,4910
12155,11914,11680
12156,11687,9621
12157,11217,3913
12158,9867,8507
12159,6663,6650
12160,4709,2832
12161,12121,11460
12162,11690,3923
12163,5909,2019
12164,12032,11374
12165,11395,1394
12166,11971,1548
12167,11757,11576
12168,3631,2953
12169,3220,243
12170,11503,2064
12171,7718,5186
12172,9642,3858
12173,9150,3126
12174,11832,122
12175,11470,8490
12176,11673,2609
12177,11618,11307
12178,5538,1362
12179,7488,7385
12180,11996,11376
12181,7241,5933
12182,11408,5846
12183,11524,4843
12184,11646,1430
12185,12078,3027
12186,11884,1351
12187,3449,3334
12188,11923,11736
12189,11683,11452
12190,11466,5465
12191,11199,9910
12192,1855,1456
12193,12065,11881
12194,11502,170
12195,7232,7053
12196,11446,4894
12197,8933,8903
12198,7972,5691
12199,12089,11947
12200,8352,1508
12201,12068,4214
12202,3364,3061
12203,8636,4292
12204,12030,11758
12205,8370,964
12206,11735,11622
12207,8251,3387
12208,11594,2348
12209,12143,7152
12210,11298,11263
12211,9682,5435
12212,10508,2167
12213,11960,11657
12214,5318,5234
12215,11992,11964
12216,5910,1466
12217,1072,1067
12218,12194,11933
12219,11772,5524
12220,9117,4689
12221,2296,784
12222,11833,11359
12223,3182,2641
12224,12012,11426
12225,8788,8021
12226,11805,11330
12227,11567,503
12228,12224,5702
12229,11645,8773
12230,11661,3428
12231,2277,1110
12232,12010,11536
12233,2465,2215
12234,10820,7794
12235,5358,547
12236,2837,1839
12237,3962,1312
12238,4849,3123
12239,11630,8099
12240,12209,11898
12241,10848,3634
12242,11695,11332
12243,12161,11951
12244,822,192
12245,11641,11292
12246,11643,11155
12247,3085,2546
12248,1860,1643
12249,11584,4394
12250,11431,7302
12251,7122,4924
12252,8555,2346
12253,11969,11771
12254,11593,1877
12255,8890,7840
12256,11812,8813
12257,9658,6470
12258,6329,3874
12259,12140,6178
12260,11863,11424
12261,12003,8212
12262,11975,1363
12263,11237,4397
12264,9788,1437
12265,285,75
12266,12240,4814
12267,11075,6679
12268,12147,11636
12269,11753,11473
12270,11556,2946
12271,5712,5523
12272,11351,1660
12273,12243,12190
12274,11691,630
12275,11564,11530
12276,11611,7493
12277,12067,985
12278,12052,4812
12279,12020,11734
12280,9379,4069
12281,231,107
12282,7363,3522
12283,8835,6420
12284,6723,6561
12285,11710,1714
12286,9021,6474
12287,3383,2148
12288,9437,5367
12289,4600,2139
12290,9057,9007
12291,5326,2859
12292,11718,2220
12293,11034,5808
12294,11557,11138
12295,9600,9235
12296,11999,11703
12297,11348,1507
12298,12038,8093
12299,11976,4688
12300,11774,11230
12301,8479,5980
12302,11883,8775
12303,11560,4107
12304,2354,2025
12305,7467,7178
12306,3754,3336
12307,12164,11550
12308,11649,5711
12309,12228,2579
12310,9559,5660
12311,9737,4965
12312,12129,536
12313,9517,2673
12314,11741,10452
12315,4365,2897
12316,9988,1215
12317,7432,7400
12318,12266,11810
12319,11400,6361
12320,4176,1824
12321,11938,716
12322,8206,4994
12323,7585,5032
12324,11478,3527
12325,12213,11924
12326,12278,12145
12327,9805,6835
12328,12268,744
12329,11820,8121
12330,2951,1226
12331,12269,11945
12332,10976,4389
12333,2557,2358
12334,4085,1912
12335,12000,9739
12336,11304,4802
12337,12229,11692
12338,11874,440
12339,7889,1750
12340,2714,2098
12341,2629,2455
12342,11499,6930
12343,1741,129
12344,7475,7114
12345,3987,2597
12346,11320,6562
12347,12177,5389
12348,8138,7249
12349,7072,3289
12350,11729,7173
12351,11888,7780
12352,12326,951
12353,7675,3918
12354,8781,4166
12355,9664,2705
12356,7949,1852
12357,11798,4509
12358,11558,5720
12359,5297,1919
12360,7690,5168
12361,11532,4677
12362,11185,11069
12363,12025,9507
12364,3781,280
12365,11864,11617
12366,12196,5161
12367,11605,8580
12368,9717,1279
12369,11779,572
12370,6328,4295
12371,11788,896
12372,11943,773
12373,12071,4477
12374,7836,4472
12375,12066,11851
12376,5961,4839
12377,11904,7480
12378,9955,118
12379,6049,1282
12380,12259,12069
12381,12076,11676
12382,7262,6503
12383,11889,5185
12384,7891,142
12385,12085,7161
12386,11493,11451
12387,5863,5759
12388,12328,11970
12389,8908,4798
12390,7350,7291
12391,12273,11565
12392,7314,7227
12393,11422,7347
12394,11985,11903
12395,11987,5112
12396,9793,5176
12397,1451,1075
12398,3905,3736
12399,11981,11777
12400,11701,11634
12401,3207,3144
12402,7616,1004
12403,12117,4933
12404,12185,3677
12405,11491,9606
12406,11698,11559
12407,12208,11257
12408,12100,11793
12409,11829,11495
12410,12331,12008
12411,11745,68
12412,3564,1920
12413,11900,11742
12414,8395,2633
12415,11994,1961
12416,8986,8871
12417,12204,11080
12418,9902,1804
12419,11978,11541
12420,12104,1729
12421,8459,1668
12422,11619,9086
12423,7226,3722
12424,12239,7681
12425,7610,4906
12426,11778,9951
12427,8412,6463
12428,7095,6628
12429,11909,8786
12430,11860,1211
12431,12222,2036
12432,5958,1808
12433,12318,7307
12434,8413,4597
12435,9660,3252
12436,11455,11006
12437,2254,2083
12438,6390,801
12439,11200,10979
12440,11728,3375
12441,11518,1225
12442,12162,8701
12443,8948,3721
12444,3621,2062
12445,11341,9669
12446,11797,11471
12447,8410,8087
12448,12433,12309
12449,12124,8081
12450,6288,5321
12451,4533,4340
12452,4936,3873
12453,12270,12087
12454,10881,3702
12455,11982,3062
12456,9795,1017
12457,4875,1352
12458,9913,1872
12459,11957,5988
12460,2188,1324
12461,12048,5415
12462,11278,1253
12463,4756,4110
12464,8847,1044
12465,12210,4499
12466,12156,1490
12467,12253,11500
12468,4471,1484
12469,11522,10238
12470,8886,697
12471,5130,889
12472,5637,5247
12473,11855,11355
12474,12026,278
12475,7548,1795
12476,7701,6145
12477,11674,8875
12478,11659,3703
12479,12029,11562
12480,2614,1120
12481,11946,2426
12482,2926,2829
12483,11538,8031
12484,11666,11581
12485,7671,5436
12486,5717,1740
12487,12176,1521
12488,12391,12363
12489,6120,5515
12490,5796,4780
12491,11407,72
12492,12094,12044
12493,453,261
12494,11958,7537
12495,10413,8123
12496,12417,4345
12497,11403,10943
12498,12404,1653
12499,12425,11854
12500,3394,841
12501,8193,5533
12502,10391,6554
12503,7213,7211
12504,11300,7565
12505,12080,977
12506,12399,11871
12507,12149,4534
12508,5719,4496
12509,11876,11850
12510,1206,757
12511,11918,11517
12512,12113,11626
12513,7850,6571
12514,12242,2735
12515,8147,1100
12516,12189,7995
12517,11444,4901
12518,12138,7909
12519,5735,2689
12520,12051,8270
12521,12152,2186
12522,12011,11585
12523,11360,4874
12524,8662,8564
12525,313,200
12526,12498,8066
12527,12097,7000
12528,7557,1327
12529,1889,1468
12530,7957,5399
12531,11225,4511
12532,12091,7576
12533,11249,7164
12534,11561,7748
12535,11183,7463
12536,12325,12146
12537,6036,3209
12538,12128,1564
12539,12188,15
12540,11956,11704
12541,7081,5093
12542,8437,8139
12543,12206,11677
12544,12074,11748
12545,12183,11752
12546,11828,709
12547,11671,4275
12548,9781,5380
12549,12109,2971
12550,12215,1090
12551,11897,11173
12552,2376,2241
12553,7272,6895
12554,12175,1190
12555,11746,1900
12556,9981,314
12557,11356,1074
12558,5365,2078
12559,8135,7528
12560,12005,7182
12561,6861,6793
12562,11492,3649
12563,12291,8254
12564,12073,11612
12565,9149,912
12566,8060,5514
12567,11988,11880
12568,8453,2941
12569,12107,2433
12570,2788,2543
12571,2334,1122
12572,12230,11834
12573,12024,11890
12574,11349,1159
12575,12079,11516
12576,12081,11378
12577,11412,9224
12578,5982,886
12579,7130,2861
12580,11743,6282
12581,3616,2424
12582,650,544
12583,5974,5569
12584,9953,9892
12585,12492,11769
12586,12043,10826
12587,7518,4728
12588,6796,4899
12589,9715,5117
12590,12352,11953
12591,11802,11520
12592,11684,119
12593,3397,3161
12594,1191,588
12595,11606,6839
12596,8920,2929
12597,8828,7132
12598,10886,1118
12599,12153,2022
12600,11948,1293
12601,12466,839
12602,12408,11827
12603,10911,6335
12604,12059,8229
12605,12346,6612
12606,5306,5127
12607,7556,1214
12608,3487,2386
12609,11896,1210
12610,11995,11311
12611,11358,6058
12612,9998,7880
12613,12403,12186
12614,11927,802
12615,8208,3566
12616,8246,1263
12617,12250,12111
12618,12367,8927
12619,11365,9820
12620,9828,4130
12621,12137,11702
12622,9571,1113
12623,9146,4379
12624,12182,2263
12625,11936,1995
12626,12232,551
12627,5972,1450
12628,5977,1997
12629,12564,12335
12630,11955,2736
12631,8945,5937
12632,12258,11842
12633,11940,9792
12634,12553,11220
12635,8278,4376
12636,5431,4225
12637,12296,2970
12638,12271,8103
12639,5336,1350
12640,11486,7621
12641,11847,7384
12642,7824,3907
12643,11843,1474
12644,11959,7172
12645,12539,11974
12646,12365,7651
12647,11869,270
12648,7552,1539
12649,12247,2329
12650,12601,5531
12651,12286,11547
12652,9538,567
12653,7743,3767
12654,12108,5868
12655,12526,12046
12656,11814,9171
12657,7020,7019
12658,12027,1227
12659,12531,12193
12660,12267,5520
12661,4667,3638
12662,12569,11651
12663,7886,1166
12664,5210,680
12665,9677,1680
12666,6845,6763
12667,12467,12409
12668,12448,12388
12669,8500,8257
12670,12488,838
12671,12487,8554
12672,7941,7685
12673,12358,6399
12674,11057,1030
12675,11572,3378
12676,12272,4884
12677,2055,1169
12678,5157,1376
12679,7308,1313
12680,2567,1396
12681,9562,2411
12682,7791,1982
12683,2854,667
12684,11747,1980
12685,5201,1788
12686,12481,12057
12687,11782,4038
12688,11857,6156
12689,11885,1007
12690,7751,2867
12691,11894,1085
12692,12170,6654
12693,12307,476
12694,12298,6393
12695,12550,7554
12696,8606,1572
12697,11980,11733
12698,12645,5817
12699,11604,11184
12700,12130,3071
12701,5680,4716
12702,9681,2079
12703,365,259
12704,3416,2848
12705,4898,416
12706,8028,5836
12707,6545,86
12708,12381,2166
12709,12013,1942
12710,12154,11577
12711,11791,9563
12712,12184,3594
12713,12191,12112
12714,5105,203
12715,12633,11967
12716,12668,12479
12717,3892,3042
12718,12378,587
12719,9304,4412
12720,6887,6583
12721,12123,9901
12722,12201,9975
12723,5692,1358
12724,11297,6986
12725,12155,12018
12726,12543,769
12727,12061,994
12728,257,59
12729,3973,3738
12730,11678,3399
12731,5482,155
12732,12226,730
12733,12037,12006
12734,10945,17
12735,7761,5895
12736,11509,7657
12737,12131,9760
12738,11504,10317
12739,11912,3639
12740,12047,11751
12741,12673,12366
12742,12148,9884
12743,11377,4347
12744,11806,8735
12745,2342,1089
12746,1761,1216
12747,4419,1814
12748,12303,11926
12749,12244,11716
12750,1780,1563
12751,12624,12411
12752,12160,12019
12753,12511,11893
12754,12246,3672
12755,1310,1040
12756,12626,12506
12757,12262,8660
12758,4179,1378
12759,11920,1134
12760,9619,3065
12761,4261,1530
12762,12430,12167
12763,3952,2798
12764,3609,1184
12765,12103,7637
12766,1470,1424
12767,12180,11830
12768,7461,7330
12769,9730,9693
12770,4030,9
12771,12483,2269
12772,12372,11776
12773,12516,12453
12774,9572,2003
12775,12600,8286
12776,12521,9766
12777,11650,11371
12778,12361,12060
12779,11787,3812
12780,12279,11990
12781,11441,624
12782,12473,12337
12783,442,273
12784,5900,5797
12785,3392,3158
12786,12655,6212
12787,12575,12277
12788,11841,5437
12789,12062,3890
12790,11508,5859
12791,12400,12336
12792,12509,7063
12793,2881,837
12794,4059,3238
12795,12622,11905
12796,12496,5362
12797,12695,2577
12798,12039,8171
12799,12042,11991
12800,8425,7921
12801,12590,12544
12802,11853,5590
12803,4406,2678
12804,12168,9439
12805,8024,7848
12806,12441,2221
12807,5985,944
12808,5319,666
12809,11848,3437
12810,4207,1551
12811,11533,2157
12812,12199,5188
12813,11849,6581
12814,7268,2207
12815,12712,1967
12816,7935,3558
12817,12579,8696
12818,12505,11907
12819,6454,817
12820,3458,2593
12821,7374,6708
12822,8051,7412
12823,6083,1160
12824,11608,4251
12825,1790,291
12826,11838,4571
12827,12056,5561
12828,12638,12536
12829,11485,9586
12830,12670,4907
12831,12023,2406
12832,7422,1009
12833,12580,2125
12834,12275,298
12835,688,28
12836,12385,6369
12837,12694,12560
12838,12559,5259
12839,11208,7533
12840,12786,11872
12841,12150,5825
12842,9839,6458
12843,7638,965
12844,7133,5706
12845,11930,2470
12846,12431,12114
12847,2115,724
12848,12312,12142
12849,1270,590
12850,7012,1461
12851,11915,7727
12852,1648,1244
12853,8159,4006
12854,12752,11821
12855,7064,4097
12856,11623,7894
12857,7134,6735
12858,8613,5250
12859,12432,12028
12860,12375,11952
12861,11961,8075
12862,7501,4540
12863,6850,6777
12864,9587,1989
12865,7693,7198
12866,12045,2248
12867,11705,6055
12868,11744,4174
12869,12249,11638
12870,6946,6820
12871,5000,3647
12872,12796,1818
12873,12726,12151
12874,12776,8272
12875,7625,2355
12876,4504,4325
12877,5291,3940
12878,4411,557
12879,6208,6022
12880,11464,1146
12881,12797,1559
12882,7084,5924
12883,5236,5045
12884,11790,3389
12885,11816,4437
12886,8631,1274
12887,11949,5310
12888,12812,12602
12889,11895,1104
12890,3471,3177
12891,12324,25
12892,12429,4768
12893,9756,2249
12894,11592,11314
12895,7679,6432
12896,12115,4321
12897,12522,5809
12898,12158,1787
12899,3725,3081
12900,3248,3141
12901,4955,3517
12902,5283,5005
12903,12534,4403
12904,8726,4139
12905,12055,11418
12906,11932,3581
12907,7587,3788
12908,8599,5996
12909,12830,12105
12910,12617,4943
12911,12693,12647
12912,11977,11688
12913,12656,11768
12914,11725,4532
12915,9811,593
12916,12207,6285
12917,12801,12698
12918,12292,7145
12919,4772,3776
12920,9115,4337
12921,12386,11065
12922,12205,4845
12923,12840,12654
12924,4825,4566
12925,12660,5905
12926,7640,6585
12927,2495,1822
12928,4743,2778
12929,6085,2312
12930,12413,12338
12931,12330,12126
12932,12716,12538
12933,9048,3432
12934,12459,5623
12935,12295,9816
12936,6740,5506
12937,10997,7187
12938,12502,11393
12939,4957,4217
12940,12514,6147
12941,9679,1644
12942,6761,6586
12943,4735,2677
12944,12319,12053
12945,12833,11525
12946,7546,602
12947,4448,2459
12948,12641,2738
12949,12234,4467
12950,12241,8780
12951,5921,2298
12952,12732,8244
12953,12885,12792
12954,4027,1732
12955,5276,2227
12956,4771,4212
12957,3883,3549
12958,11658,7332
12959,12406,5970
12960,11037,925
12961,4911,1624
12962,12555,12540
12963,6737,6662
12964,12662,4730
12965,12329,8878
12966,12722,12347
12967,12554,2449
12968,3263,1011
12969,2878,581
12970,12632,12227
12971,12356,3778
12972,12418,12169
12973,7059,3160
12974,12474,4856
12975,12651,12625
12976,11892,9093
12977,6412,1316
12978,12533,11694
12979,12017,5862
12980,6770,6715
12981,12503,7009
12982,260,255
12983,3871,1266
12984,12297,1364
12985,12650,12308
12986,11648,2235
12987,12781,12084
12988,7015,3054
12989,11845,6938
12990,12608,4418
12991,12761,685
12992,7843,1147
12993,5558,3342
12994,11856,5776
12995,9311,2904
12996,12828,12775
12997,12120,617
12998,8772,7011
12999,12322,11902
13000,9329,3226
13001,12599,681
13002,6833,2701
13003,4745,3519
13004,8643,4409
13005,9453,7549
13006,7664,2928
13007,12609,1493
13008,11910,6880
13009,12166,4572
13010,12351,5672
13011,5754,3946
13012,8816,1516
13013,12679,11913
13014,12834,12604
13015,12172,8624
13016,12455,11654
13017,12497,11891
13018,12611,12200
13019,12708,11457
13020,12033,1841
13021,8979,8110
13022,12440,5295
13023,12454,3532
13024,12527,357
13025,12715,12643
13026,4032,2131
13027,12923,12450
13028,11405,6766
13029,4000,3501
13030,7420,5013
13031,12549,12421
13032,7847,1467
13033,12456,12254
13034,12499,5828
13035,12410,663
13036,12738,6825
13037,12896,4930
13038,12909,9433
13039,12616,829
13040,5709,1005
13041,12517,4248
13042,12772,12659
13043,3974,3063
13044,12795,12753
13045,5499,1014
13046,11665,4002
13047,3895,851
13048,6775,2851
13049,12248,4724
13050,12916,867
13051,12332,8417
13052,12427,2154
13053,12482,8041
13054,12237,4220
13055,2228,146
13056,12245,12009
13057,12996,12873
13058,8105,2605
13059,12767,12573
13060,12779,4133
13061,7210,4384
13062,12574,1027
13063,12340,11727
13064,12233,9870
13065,12407,11823
13066,12636,12629
13067,9747,2033
13068,12092,9504
13069,9924,2804
13070,8227,3718
13071,5544,843
13072,8720,7606
13073,12861,12594
13074,12881,11989
13075,12837,12116
13076,9875,6950
13077,3757,992
13078,12669,12518
13079,12263,9755
13080,12393,7185
13081,12700,12424
13082,6426,2213
13083,11906,887
13084,13027,12940
13085,3795,3587
13086,12748,189
13087,8698,895
13088,12571,12300
13089,12882,12394
13090,4271,996
13091,3676,2767
13092,12001,900
13093,12741,12371
13094,4958,4869
13095,12707,8706
13096,7665,4932
13097,12619,6064
13098,3359,675
13099,12644,10967
13100,12917,12757
13101,7728,7650
13102,6870,6707
13103,12787,12547
13104,11878,256
13105,12688,12260
13106,12766,12165
13107,12195,7360
13108,12462,2799
13109,11935,5786
13110,12749,9957
13111,12782,12203
13112,12546,9958
13113,11204,8675
13114,751,332
13115,4377,2458
13116,12682,8338
13117,12945,12380
13118,3331,383
13119,11615,8312
13120,11582,4178
13121,5265,4915
13122,7808,7118
13123,5493,2608
13124,12476,5527
13125,12756,12442
13126,13038,4627
13127,3852,3728
13128,3284,1240
13129,9089,350
13130,11804,9860
13131,7105,6613
13132,5124,1556
13133,7577,655
13134,12302,12218
13135,11724,3865
13136,2649,1482
13137,12637,8219
13138,13035,1167
13139,12274,12031
13140,12944,12691
13141,9308,5417
13142,12434,12004
13143,12420,12236
13144,12405,12040
13145,1921,1053
13146,12290,4983
13147,12035,11919
13148,12984,12377
13149,8794,7726
13150,8026,5765
13151,12822,12276
13152,11770,2615
13153,12256,317
13154,12867,5860
13155,5965,1756
13156,13138,13126
13157,12964,12892
13158,12452,3604
13159,4552,3521
13160,2152,1580
13161,13100,8373
13162,12974,12125
13163,5087,1853
13164,6325,3242
13165,12524,3791
13166,12827,11911
13167,5547,4423
13168,12762,990
13169,2907,339
13170,11672,136
13171,12586,11262
13172,8109,2456
13173,995,786
13174,11775,3490
13175,13074,12934
13176,12086,12050
13177,12225,2451
13178,12883,12395
13179,6190,2257
13180,11826,8276
13181,12713,12321
13182,5647,3520
13183,9469,6831
13184,7643,5517
13185,12921,4850
13186,12845,1427
13187,12585,4807
13188,12771,1724
13189,12532,7964
13190,12872,12804
13191,13022,12777
13192,12007,11984
13193,12684,3537
13194,8117,4795
13195,12949,11458
13196,11535,2931
13197,12930,1245
13198,4606,4219
13199,12485,1152
13200,12874,8861
13201,12932,842
13202,9923,8130
13203,12422,400
13204,12465,8801
13205,5485,5419
13206,12985,343
13207,334,179
13208,13094,13024
13209,12428,1129
13210,12868,3568
13211,12096,7745
13212,12355,7149
13213,9424,9084
13214,12515,5025
13215,7779,7507
13216,12736,11193
13217,12397,2442
13218,12811,12504
13219,12769,1764
13220,12472,12443
13221,11054,6696
13222,3339,623
13223,13201,12490
13224,6469,1543
13225,12486,2521
13226,13086,12362
13227,12818,12710
13228,12929,12567
13229,12623,12577
13230,12901,12299
13231,12477,12383
13232,12088,11899
13233,2042,2024
13234,4997,4570
13235,5065,4253
13236,6659,5805
13237,12174,412
13238,12911,12563
13239,13031,12686
13240,2409,2319
13241,12447,6258
13242,12740,12478
13243,8476,4235
13244,5252,1738
13245,13147,1477
13246,12970,3658
13247,12316,1665
13248,12751,12095
13249,12844,11867
13250,13084,13018
13251,12501,1932
13252,13223,12773
13253,12791,4458
13254,12310,8339
13255,13161,1140
13256,5111,424
13257,11794,1435
13258,12952,1584
13259,11901,5475
13260,12925,5594
13261,2889,331
13262,6028,4617
13263,12959,7144
13264,8354,5915
13265,12806,11819
13266,8228,3038
13267,12859,4258
13268,13228,8267
13269,3481,2910
13270,12495,830
13271,11579,11413
13272,2537,1348
13273,9647,8862
13274,12642,4259
13275,12396,1896
13276,13255,12975
13277,12727,1127
13278,12471,11929
13279,12860,12717
13280,1934,318
13281,8544,8341
13282,6226,5775
13283,9946,8102
13284,12965,12843
13285,12990,1873
13286,13187,12412
13287,3687,2156
13288,9685,7566
13289,13125,12661
13290,13105,12093
13291,13188,12221
13292,9502,3288
13293,8131,1611
13294,12683,1307
13295,13190,13114
13296,7955,6259
13297,12711,11682
13298,11496,403
13299,13117,13081
13300,6379,2065
13301,13057,5378
13302,9783,2211
13303,9932,5138
13304,13156,12449
13305,12764,3953
13306,12344,2885
13307,9550,5471
13308,12888,11448
13309,12464,12077
13310,9690,6304
13311,12568,12436
13312,9694,446
13313,7871,6204
13314,8199,1156
13315,12788,3251
13316,12437,12118
13317,5432,5348
13318,2356,692
13319,12179,11993
13320,3525,2440
13321,5352,3230
13322,13034,12566
13323,12216,6442
13324,5074,2723
13325,12457,6452
13326,8037,2095
13327,5843,3232
13328,7788,5903
13329,7787,3585
13330,6253,2771
13331,9521,2551
13332,12610,9744
13333,11247,8702
13334,13232,4432
13335,8759,5550
13336,6005,4726
13337,12542,5741
13338,2252,899
13339,12667,12261
13340,12692,7116
13341,9835,5583
13342,13276,12689
13343,12535,7397
13344,13301,12369
13345,13250,5507
13346,12036,11443
13347,12918,12839
13348,11785,1531
13349,6927,6818
13350,9973,8692
13351,13200,13088
13352,12924,3048
13353,12836,12613
13354,12419,12287
13355,9961,737
13356,7655,473
13357,12343,12301
13358,7071,4576
13359,12889,6127
13360,7893,1494
13361,13227,8054
13362,7141,2600
13363,3376,3016
13364,13050,4592
13365,3380,2210
13366,13007,1319
13367,12663,12460
13368,2807,1641
13369,8204,5316
13370,13103,1409
13371,13252,2044
13372,12583,519
13373,1899,733
13374,2812,758
13375,12835,3801
13376,7849,1267
13377,13137,12591
13378,7512,6926
13379,7266,7109
13380,9023,4343
13381,13260,11415
13382,12703,9282
13383,7339,7147
13384,12962,1959
13385,4395,248
13386,12285,546
13387,8071,5160
13388,13371,3997
13389,8220,2119
13390,5755,2410
13391,7379,1395
13392,7755,5257
13393,5973,1401
13394,8485,8078
13395,13008,12414
13396,13277,13206
13397,4787,745
13398,7820,2236
13399,13075,11664
13400,7326,7214
13401,13180,5568
13402,13083,13010
13403,12520,7795
13404,13016,2751
13405,11749,6045
13406,12127,11440
13407,7912,948
13408,12484,12368
13409,9220,8822
13410,13342,8092
13411,12640,11616
13412,12392,7387
13413,13052,12831
13414,12315,2924
13415,12552,5875
13416,12289,1408
13417,12967,12171
13418,8616,2483
13419,11726,2787
13420,5426,960
13421,9939,7997
13422,12731,9914
13423,11316,3417
13424,12709,12402
13425,1614,1269
13426,11410,11362
13427,3120,2707
13428,13347,7087
13429,12739,1891
13430,13009,11934
13431,13308,13168
13432,13286,5264
13433,13157,12264
13434,13175,1192
13435,12871,12578
13436,4769,3817
13437,8609,7543
13438,13189,543
13439,7359,7336
13440,12475,8401
13441,13208,7329
13442,3729,1752
13443,13410,13258
13444,9522,3155
13445,12718,747
13446,12133,6559
13447,12725,1056
13448,12677,2267
13449,12570,8657
13450,13388,13332
13451,5061,2216
13452,12214,1196
13453,8063,766
13454,12519,8180
13455,12551,9632
13456,13019,12630
13457,11954,6822
13458,8464,5463
13459,12950,6155
13460,3911,3082
13461,12364,307
13462,13221,12342
13463,12743,4221
13464,12666,6637
13465,12807,800
13466,5861,5263
13467,13345,13182
13468,13073,12220
13469,13344,13178
13470,12016,4603
13471,5501,1667
13472,7244,2168
13473,13365,4968
13474,8975,5600
13475,11886,5067
13476,13248,12884
13477,13134,12314
13478,7767,3256
13479,12978,7965
13480,13211,7301
13481,13399,12572
13482,8444,7697
13483,9067,5416
13484,12252,2141
13485,13116,584
13486,5280,5058
13487,7378,6290
13488,12903,12541
13489,13051,12101
13490,8374,7954
13491,1722,552
13492,11966,3989
13493,5382,491
13494,9673,4550
13495,9569,9346
13496,12014,3313
13497,8260,2858
13498,1999,1998
13499,12910,4127
13500,12841,12780
13501,12144,9676
13502,12445,9645
13503,7498,1183
13504,12674,8665
13505,13217,1460
13506,13467,7436
13507,8393,8328
13508,7460,1170
13509,13112,12458
13510,2093,1359
13511,13295,8987
13512,13304,13014
13513,8115,3296
13514,5815,4213
13515,13079,5320
13516,13097,12480
13517,12530,7707
13518,13230,7801
13519,7324,5392
13520,12470,12311
13521,2642,1880
13522,13354,12685
13523,13506,7085
13524,12941,2590
13525,12198,1827
13526,13396,12799
13527,12217,7722
13528,13500,13339
13529,9890,9627
13530,6234,2691
13531,13197,13089
13532,13469,9552
13533,13238,8261
13534,2171,535
13535,7667,418
13536,3750,2855
13537,13176,3879
13538,12846,12790
13539,12353,3556
13540,2359,2304
13541,13015,1026
13542,12598,1811
13543,13443,13305
13544,5047,3696
13545,12798,2636
13546,12235,5395
13547,9929,4453
13548,6776,6726
13549,13045,8601
13550,11722,2165
13551,920,700
13552,12288,9043
13553,13162,11858
13554,13149,8367
13555,12676,6485
13556,6815,346
13557,11928,4512
13558,13450,12529
13559,12904,6482
13560,10669,8333
13561,12523,4923
13562,12966,3204
13563,4332,836
13564,12914,1716
13565,13092,12098
13566,11983,4346
13567,13558,13013
13568,12134,9554
13569,5227,4739
13570,8854,8598
13571,13259,9815
13572,13543,13143
13573,12986,12603
13574,13284,3611
13575,13434,13249
13576,5757,3424
13577,2935,1688
13578,13384,12671
13579,13210,12320
13580,7049,2422
13581,13362,13063
13582,8010,6956
13583,12359,4801
13584,6377,326
13585,12724,6948
13586,13033,11882
13587,9864,549
13588,1986,779
13589,13003,3933
13590,11962,5971
13591,8803,2984
13592,13017,12675
13593,13153,12848
13594,1323,1042
13595,2925,1671
13596,13523,12737
13597,13334,12922
13598,2604,1571
13599,13391,13289
13600,12238,8715
13601,13257,12557
13602,13044,4700
13603,12678,1021
13604,2795,2479
13605,13127,13093
13606,12334,4140
13607,7545,2659
13608,12768,12597
13609,12815,12789
13610,7846,5537
13611,13124,5997
13612,4815,2871
13613,13477,12159
13614,12064,7582
13615,12714,4744
13616,13268,12294
13617,2427,1185
13618,1532,764
13619,12058,3505
13620,12754,5390
13621,12416,7647
13622,13481,7040
13623,12082,4984
13624,13432,13291
13625,13191,13111
13626,12463,9176
13627,9609,529
13628,7043,2311
13629,12589,1237
13630,13562,13078
13631,8493,5814
13632,8422,7910
13633,7879,5215
13634,12041,4468
13635,12345,2481
13636,12953,12494
13637,12887,1116
13638,13025,809
13639,13247,13239
13640,13298,13023
13641,13229,639
13642,8129,7856
13643,13511,1862
13644,7763,2239
13645,13135,949
13646,13042,11825
13647,13357,11685
13648,7235,1620
13649,420,67
13650,13110,12697
13651,12548,4963
13652,13643,13370
13653,5792,1309
13654,12132,3730
13655,13448,6176
13656,292,238
13657,8011,6536
13658,13218,12832
13659,7890,1629
13660,8806,6811
13661,1385,1189
13662,12251,4635
13663,8540,6668
13664,9695,2349
13665,12850,514
13666,12049,7392
13667,13567,11873
13668,8814,5922
13669,8528,2324
13670,7862,1962
13671,7233,2461
13672,8320,7212
13673,12545,12002
13674,13438,957
13675,7687,937
13676,13353,657
13677,12034,3386
13678,11908,7974
13679,13066,2734
13680,6743,6675
13681,6310,2561
13682,13532,12646
13683,8730,1517
13684,13181,12997
13685,13199,6087
13686,5095,2369
13687,4443,2535
13688,12157,5196
13689,9307,8191
13690,12192,5363
13691,12805,12760
13692,6494,2552
13693,8154,2037
13694,9193,4019
13695,6981,6787
13696,13198,11506
13697,13261,12212
13698,8360,684
13699,13602,13512
13700,13555,12283
13701,13496,4057
13702,13676,13240
13703,12977,4493
13704,13667,13267
13705,13077,618
13706,13599,13220
13707,12765,1561
13708,1749,775
13709,12581,5551
13710,6334,4049
13711,13364,12809
13712,13639,13456
13713,3999,2952
13714,5406,702
13715,13447,8637
13716,13404,8405
13717,13572,13433
13718,13538,12293
13719,1957,1459
13720,13528,1938
13721,13204,12814
13722,6101,1048
13723,7175,3433
13724,9727,9539
13725,12735,9417
13726,1402,986
13727,13552,13056
13728,13682,13154
13729,4792,3557
13730,12853,12819
13731,13485,696
13732,11998,8717
13733,7288,7030
13734,6392,6015
13735,13026,11862
13736,13216,12733
13737,5976,648
13738,12870,6885
13739,13596,13290
13740,13065,1748
13741,3270,2716
13742,4927,4319
13743,12721,11796
13744,13263,1941
13745,6462,931
13746,5219,4746
13747,12389,6003
13748,13622,13059
13749,8481,2416
13750,13702,13605
13751,12350,7068
13752,13046,2087
13753,13133,184
13754,337,133
13755,6904,6886
13756,13358,9763
13757,13468,2533
13758,4779,2153
13759,9289,3515
13760,13632,656
13761,2671,1927
13762,11454,6601
13763,13068,2014
13764,8297,3318
13765,13219,2715
13766,12614,2251
13767,13557,4543
13768,8008,1488
13769,12141,8995
13770,13203,12851
13771,13479,13032
13772,12649,2501
13773,13728,13574
13774,4541,1371
13775,4451,2431
13776,8939,7711
13777,13517,5622
13778,9104,5068
13779,13299,13278
13780,13704,9328
13781,5822,2226
13782,12304,11944
13783,8185,1340
13784,13380,13192
13785,8383,5129
13786,2720,268
13787,13322,9883
13788,9881,9713
13789,13431,12607
13790,12339,1637
13791,5301,1939
13792,8114,166
13793,13310,12370
13794,13139,4656
13795,6584,2106
13796,12987,12847
13797,5144,3223
13798,4029,312
13799,9094,1318
13800,12943,2761
13801,13106,12576
13802,13351,5139
13803,12687,2075
13804,8597,1314
13805,8680,2524
13806,13565,1540
13807,11379,6461
13808,13522,6114
13809,4618,1783
13810,13441,9854
13811,13701,8642
13812,9542,9529
13813,13408,13325
13814,13480,2428
13815,7658,1597
13816,7564,435
13817,3293,3272
13818,13575,8356
13819,13679,12994
13820,9994,545
13821,12948,9710
13822,12999,1634
13823,13401,13037
13824,13773,13533
13825,13136,12856
13826,12793,8690
13827,13524,12379
13828,3917,266
13829,12390,7061
13830,2460,2250
13831,13361,9933
13832,13780,13624
13833,498,275
13834,2027,1581
13835,4203,3078
13836,8737,5341
13837,13597,11667
13838,6366,6187
13839,5745,2763
13840,13251,1149
13841,13638,2599
13842,12913,12854
13843,8249,674
13844,9794,4781
13845,12972,3870
13846,11318,10560
13847,6033,554
13848,13312,11656
13849,12435,2478
13850,13470,12556
13851,13151,12857
13852,12075,2515
13853,8273,3635
13854,8456,1369
13855,13614,4407
13856,9949,9746
13857,13526,13245
13858,9231,6311
13859,13279,7123
13860,13803,13321
13861,7866,1723
13862,13146,2505
13863,4336,114
13864,13650,6321
13865,2891,2351
13866,13499,4524
13867,13712,13140
13868,7772,1514
13869,12821,12426
13870,13818,13166
13871,13209,8628
13872,8474,5587
13873,12971,4385
13874,12634,9909
13875,13718,7516
13876,11917,6909
13877,13715,11836
13878,13706,13145
13879,13525,12746
13880,6914,137
13881,6697,6616
13882,12376,2100
13883,13207,258
13884,8688,1909
13885,8521,2052
13886,12621,6879
13887,13841,13294
13888,13306,8007
13889,7333,7139
13890,5756,5725
13891,4664,3700
13892,12680,9962
13893,4459,4229
13894,13159,12759
13895,13366,8133
13896,12306,2810
13897,12349,7918
13898,8519,1805
13899,7926,2242
13900,3301,2726
13901,13831,13699
13902,13054,6269
13903,13842,13789
13904,9327,1973
13905,13122,9242
13906,8017,2475
13907,13333,12333
13908,12439,7500
13909,13630,13293
13910,3543,1428
13911,1547,1259
13912,8203,4404
13913,13055,1157
13914,12653,9972
13915,6179,2997
13916,12898,2289
13917,12976,3104
13918,12931,3406
13919,5645,3808
13920,13674,12838
13921,13069,2230
13922,13214,8224
13923,13246,13001
13924,13593,13324
13925,9968,7296
13926,926,505
13927,5791,5184
13928,12231,6146
13929,9055,631
13930,13646,13091
13931,5857,3591
13932,8009,7861
13933,3224,1054
13934,3822,3661
13935,13592,12528
13936,12744,5311
13937,6537,301
13938,7110,4973
13939,9952,7297
13940,4542,4313
13941,8144,898
13942,13824,12825
13943,13717,8001
13944,12701,2212
13945,13330,9540
13946,13475,12202
13947,8004,7520
13948,9842,8641
13949,9199,6590
13950,13613,13048
13951,3749,467
13952,13878,13493
13953,9166,4747
13954,13429,4028
13955,12562,12280
13956,13465,13453
13957,12935,12878
13958,12770,1669
13959,5268,3006
13960,12618,8884
13961,12906,12136
13962,13943,13039
13963,8747,8512
13964,13419,12817
13965,11042,7282
13966,7035,3603
13967,13058,1901
13968,6929,6923
13969,2122,1365
13970,2001,612
13971,13461,252
13972,13502,4061
13973,6731,6725
13974,7150,2610
13975,13504,12849
13976,13386,1356
13977,12907,1640
13978,13326,13241
13979,13428,12937
13980,13739,13636
13981,13060,3682
13982,7352,7246
13983,9665,2824
13984,13691,5752
13985,9164,2961
13986,7540,1285
13987,13832,13417
13988,11712,607
13989,13165,12862
13990,13152,4342
13991,7983,7534
13992,106,42
13993,3140,3008
13994,12373,2179
13995,13652,12072
13996,5730,5630
13997,12451,4062
13998,13637,12500
13999,2446,2187
14000,13673,12446
14001,13028,12816
14002,9837,2173
14003,13870,7490
14004,8523,7372
14005,12658,4144
14006,8548,4669
14007,12705,9570
14008,7527,5687
14009,13274,9661
14010,13318,2126
14011,13488,5081
14012,13283,8570
14013,13041,3848
14014,8732,2028
14015,12742,7603
14016,12510,7415
14017,13346,4424
14018,13421,6542
14019,7797,6340
14020,13788,12681
14021,12468,8904
14022,5850,5571
14023,8912,1012
14024,12444,5770
14025,6373,4987
14026,2389,1181
14027,13492,6068
14028,7322,5060
14029,13516,2295
14030,13253,1701
14031,9999,9834
14032,9511,1918
14033,12858,2113
14034,4215,3803
14035,8498,7736
14036,4846,3171
14037,12723,8928
14038,13665,12317
14039,13685,12631
14040,13962,12879
14041,12803,5804
14042,8107,4495
14043,13640,9050
14044,13406,12699
14045,13987,13731
14046,11807,9157
14047,13866,10001
14048,13297,6040
14049,6808,3612
14050,13700,12354
14051,13225,5579
14052,12187,8744
14053,12605,9649
14054,5269,2401
14055,13950,12938
14056,8716,1341
14057,13186,8488
14058,13942,13415
14059,13952,13618
14060,9032,4691
14061,13531,1612
14062,13802,13285
14063,13537,13085
14064,13509,783
14065,4287,1061
14066,7653,2471
14067,8033,4503
14068,13999,2124
14069,13080,7257
14070,12211,9551
14071,13264,12784
14072,9699,4
14073,1410,509
14074,9249,823
14075,9519,2390
14076,13554,13440
14077,13976,7402
14078,13185,908
14079,12855,7209
14080,9825,7312
14081,14058,13281
14082,12702,4816
14083,13407,13309
14084,9270,1686
14085,13859,13595
14086,13377,12197
14087,13796,12808
14088,13578,2996
14089,5734,1469
14090,14000,12628
14091,7506,2322
14092,9382,3277
14093,13696,13541
14094,13113,11647
14095,13623,810
14096,12894,9137
14097,13108,7661
14098,12813,3632
14099,12783,3737
14100,13901,523
14101,6709,6642
14102,1802,1024
14103,13360,11447
14104,14028,7593
14105,6449,844
14106,13653,13148
14107,13576,12891
14108,9503,4971
14109,13875,13787
14110,4148,2002
14111,13750,6053
14112,13556,8589
14113,3951,861
14114,12219,8112
14115,13909,13779
14116,13047,12991
14117,13195,6312
14118,13662,13144
14119,13527,1449
14120,13275,12983
14121,5457,3988
14122,14051,14003
14123,7924,5782
14124,3020,279
14125,11095,1412
14126,13436,8532
14127,13857,12341
14128,13423,13098
14129,13271,1069
14130,8055,1844
14131,13300,5131
14132,9719,5603
14133,3446,3398
14134,8305,585
14135,3133,3114
14136,4858,3613
14137,5955,2745
14138,6732,2050
14139,11861,7093
14140,13930,12257
14141,13234,9640
14142,14074,8301
14143,6989,2864
14144,3710,1763
14145,13821,12992
14146,12794,6441
14147,13336,9532
14148,13177,12507
14149,13096,6293
14150,8440,5164
14151,14127,14040
14152,13142,8400
14153,13850,1431
14154,13120,1902
14155,12956,921
14156,12438,6430
14157,4761,1568
14158,8953,2717
14159,12826,12357
14160,13918,8369
14161,1326,493
14162,13090,12927
14163,13226,12110
14164,8719,8614
14165,14045,13651
14166,13721,377
14167,13628,7311
14168,7817,1728
14169,12415,1575
14170,9819,9409
14171,14166,8841
14172,7016,1194
14173,13791,9787
14174,13484,12866
14175,13559,11939
14176,13381,7222
14177,5870,1258
14178,13690,9886
14179,12893,2554
14180,4623,2949
14181,3617,336
14182,3215,2529
14183,9738,966
14184,4694,2862
14185,13837,532
14186,13615,1864
14187,12912,310
14188,13951,7482
14189,13212,907
14190,13335,8040
14191,4804,4665
14192,13634,13616
14193,13813,13011
14194,13908,13553
14195,13648,2345
14196,1721,1
14197,5812,5563
14198,14165,13867
14199,12615,3705
14200,12398,6622
14201,13720,13445
14202,8549,3135
14203,12993,4048
14204,13920,13173
14205,13810,13394
14206,13995,12763
14207,8812,952
14208,13348,9505
14209,13815,51
14210,13107,1070
14211,14062,13254
14212,12968,7881
14213,14100,13520
14214,12961,7946
14215,13677,61
14216,13460,13265
14217,14081,13647
14218,13957,13573
14219,9533,3278
14220,5646,2271
14221,13705,12747
14222,14059,13686
14223,8793,3888
14224,9041,423
14225,13036,6629
14226,8503,6418
14227,14071,13748
14228,13769,3584
14229,13095,8538
14230,13924,5887
14231,14151,13923
14232,6609,202
14233,12284,6960
14234,14061,7260
14235,13786,3233
14236,12820,2965
14237,12382,7346
14238,14206,13338
14239,13903,70
14240,5071,3823
14241,14085,4596
14242,13372,3044
14243,4626,4515
14244,13972,12181
14245,2217,1331
14246,6056,603
14247,13994,12690
14248,3752,946
14249,3833,3442
14250,6152,6105
14251,13964,13053
14252,13560,2268
14253,13430,12374
14254,13877,13625
14255,13413,12387
14256,3434,2291
14257,13894,12897
14258,13455,6578
14259,13087,439
14260,2920,2441
14261,13886,6700
14262,8435,7367
14263,13688,12119
14264,12512,11675
14265,3494,1499
14266,7052,319
14267,9528,4864
14268,12282,11642
14269,14217,13922
14270,2190,217
14271,9920,3017
14272,13666,1651
14273,7897,397
14274,13395,2652
14275,13871,13586
14276,13224,1905
14277,6539,4729
14278,14088,9201
14279,13707,13237
14280,13196,2674
14281,12755,5749
14282,14269,13389
14283,14098,12469
14284,6509,3602
14285,9246,5163
14286,9769,3739
14287,13172,8595
14288,13767,8881
14289,13545,12592
14290,13655,13316
14291,14077,12880
14292,13793,2323
14293,13830,13183
14294,13697,4513
14295,12957,3748
14296,13607,2828
14297,7769,7768
14298,13508,8458
14299,9903,9752
14300,13603,13491
14301,14227,2502
14302,13882,2739
14303,1066,633
14304,13476,12706
14305,13600,13563
14306,5942,2562
14307,13392,1115
14308,12988,8766
14309,13012,9670
14310,13808,12525
14311,223,145
14312,8850,4573
14313,9838,670
14314,13350,6734
14315,13160,12802
14316,13405,8745
14317,14055,12122
14318,1486,1221
14319,13128,5593
14320,14119,12886
14321,12606,2110
14322,13916,9824
14323,8774,2067
14324,13376,8477
14325,7611,1642
14326,7747,1019
14327,14111,4931
14328,13911,2981
14329,4880,4428
14330,14009,6306
14331,13071,1726
14332,13414,12587
14333,12905,9876
14334,12327,1616
14335,13427,9536
14336,8800,7631
14337,14213,13375
14338,13132,4682
14339,14152,1260
14340,14234,13062
14341,14230,13411
14342,14171,8740
14343,4469,3978
14344,2253,1287
14345,8820,7617
14346,8239,6459
14347,14222,14039
14348,14198,14140
14349,13822,12423
14350,13256,2513
14351,12842,3443
14352,14239,12265
14353,14090,13980
14354,12635,2595
14355,13104,9483
14356,12829,9942
14357,13744,8779
14358,14079,5315
14359,13781,13416
14360,14011,13956
14361,14108,12939
14362,13155,5528
14363,13569,999
14364,13844,13724
14365,9782,7495
14366,13490,4948
14367,12612,2418
14368,12926,3303
14369,3915,1332
14370,13119,12969
14371,4900,595
14372,14057,1964
14373,12875,210
14374,13902,9581
14375,14201,14064
14376,7874,4556
14377,8361,3925
14378,8126,5496
14379,14078,88
14380,12729,5305
14381,12360,7583
14382,13887,12995
14383,6419,3206
14384,12704,8234
14385,14115,13711
14386,13928,13771
14387,8392,8248
14388,13683,5893
14389,14379,4988
14390,13244,1015
14391,7971,3489
14392,13474,2419
14393,13758,1155
14394,13020,939
14395,14030,13564
14396,14327,9120
14397,14211,13497
14398,13965,9283
14399,14204,8377
14400,12730,8510
