4000,2338,1598
4001,3643,2145
4002,4001,3885
4003,4000,3261
4004,2279,2030
4005,2340,2138
4006,4002,3977
4007,3069,1281
4008,3686,2860
4009,4007,2309
4010,4003,2395
4011,4004,477
4012,3539,3526
4013,4009,2133
4014,3827,3712
4015,4006,2497
4016,4010,1315
4017,3755,2746
4018,1242,433
4019,4005,96
4020,4013,2559
4021,4015,3292
4022,4011,2243
4023,3707,2374
4024,3950,1201
4025,4021,3920
4026,4019,1951
4027,3650,2070
4028,4020,2051
4029,4028,33
4030,4022,2306
4031,4024,3763
4032,4027,1013
4033,4018,2383
4034,3768,3346
4035,1926,1857
4036,3068,3036
4037,4025,1219
4038,4016,3208
4039,4030,2661
4040,1096,390
4041,3290,150
4042,4037,3377
4043,3600,3427
4044,4033,1098
4045,4032,2387
4046,4026,94
4047,4038,2403
4048,3530,3108
4049,4029,4023
4050,3928,3666
4051,4031,3689
4052,3860,3088
4053,4039,3110
4054,2430,2287
4055,3023,41
4056,3153,1177
4057,4045,74
4058,4052,4017
4059,409,207
4060,4042,1073
4061,3298,2118
4062,4047,4043
4063,3448,3234
4064,4058,3260
4065,4012,117
4066,4049,2074
4067,4044,53
4068,4041,3033
4069,4060,4048
4070,3095,2259
4071,2331,2302
4072,3019,47
4073,4062,1357
4074,2582,220
4075,4069,3734
4076,4066,4056
4077,3970,79
4078,4073,3300
4079,4075,4008
4080,4067,4040
4081,4014,3146
4082,3279,3015
4083,389,20
4084,3711,3691
4085,4050,4035
4086,4078,4051
4087,4055,3203
4088,3919,3899
4089,4068,3856
4090,3982,2264
4091,4076,2339
4092,2057,1649
4093,4053,2849
4094,3698,3555
4095,2222,1742
4096,4079,3998
4097,4072,3057
4098,4096,2466
4099,3429,3276
4100,3319,3259
4101,2464,1984
4102,4087,4085
4103,1131,815
4104,4064,3606
4105,4081,1188
4106,4046,4036
4107,4034,3681
4108,4065,1084
4109,4090,1137
4110,4106,4086
4111,3770,3391
4112,3610,3601
4113,4091,4054
4114,4101,4098
4115,3496,43
4116,398,367
4117,2099,2035
4118,3695,1523
4119,4080,2164
4120,4093,2008
4121,4104,2729
4122,1838,1544
4123,4114,4061
4124,3805,3022
4125,4077,3064
4126,4089,3246
4127,4070,1657
4128,4074,490
4129,215,77
4130,4057,2294
4131,3633,135
4132,4105,4095
4133,4126,4107
4134,4120,1154
4135,2662,1093
4136,4088,3908
4137,4071,1881
4138,4119,4103
4139,4132,3438
4140,2120,497
4141,2580,429
4142,4110,124
4143,3456,3173
4144,4063,1144
4145,1446,1018
4146,4111,3447
4147,4134,1892
4148,3047,2317
4149,4136,4097
4150,2679,1439
4151,4142,4122
4152,1778,1133
4153,4113,2232
4154,3205,1968
4155,3629,3244
4156,2273,2199
4157,253,112
4158,4143,4099
4159,4117,3561
4160,4153,3799
4161,4138,714
4162,4121,3083
4163,4123,2443
4164,3359,3187
4165,4092,2378
4166,4135,4131
4167,4083,3909
4168,4059,3753
4169,410,138
4170,3183,3004
4171,4161,4147
4172,151,86
4173,4148,2328
4174,4163,4139
4175,285,75
4176,401,368
4177,4125,1647
4178,4137,204
4179,1834,251
4180,4151,3954
4181,4133,4115
4182,4128,4108
4183,2536,1195
4184,3943,2104
4185,3365,3310
4186,2244,2233
4187,3769,3683
4188,4124,2391
4189,3403,1566
4190,2477,1675
4191,4180,3459
4192,1489,1478
4193,4156,3229
4194,3441,246
4195,2181,465
4196,4152,1349
4197,4174,4084
4198,2522,1631
4199,2886,1536
4200,4173,4130
4201,2071,168
4202,1481,353
4203,1150,1052
4204,3506,2149
4205,4102,1928
4206,3961,1513
4207,4191,1425
4208,1347,371
4209,4116,72
4210,2685,1890
4211,3131,89
4212,4160,3100
4213,4162,4154
4214,3220,243
4215,4145,1321
4216,4197,2438
4217,4166,1039
4218,449,152
4219,3098,1924
4220,3554,1777
4221,4127,1734
4222,4149,3717
4223,3449,3029
4224,4212,1504
4225,4177,4170
4226,231,107
4227,4168,3596
4228,3905,3902
4229,4158,3674
4230,4225,4216
4231,4189,1265
4232,4109,3469
4233,2832,1423
4234,4190,1567
4235,3184,3094
4236,4224,4217
4237,4178,146
4238,4214,4094
4239,4181,4155
4240,4200,4165
4241,1661,501
4242,2412,1220
4243,62,12
4244,4210,4118
4245,4211,237
4246,4146,3374
4247,4129,2816
4248,3761,97
4249,3495,3198
4250,4207,3254
4251,4232,4171
4252,453,261
4253,1275,1082
4254,4205,1283
4255,4176,392
4256,4236,901
4257,4250,4204
4258,4182,170
4259,4239,2564
4260,4240,1338
4261,4256,2487
4262,4184,2511
4263,4169,354
4264,4193,1292
4265,4233,3814
4266,4188,2523
4267,3671,1107
4268,1342,963
4269,1772,1589
4270,257,59
4271,4192,1815
4272,4254,1020
4273,4112,2368
4274,3967,2352
4275,4238,4213
4276,4257,1886
4277,4100,3959
4278,4198,1825
4279,1334,1272
4280,4195,3846
4281,4259,1747
4282,3781,252
4283,4261,1676
4284,4221,3051
4285,4247,73
4286,1433,357
4287,3369,413
4288,2183,2129
4289,4269,3529
4290,4251,2632
4291,3294,1615
4292,4264,4206
4293,4230,3269
4294,4208,3382
4295,2192,2064
4296,4260,1840
4297,4243,171
4298,2393,2337
4299,4159,2301
4300,4227,2878
4301,4201,2353
4302,4276,103
4303,4244,2550
4304,3457,2680
4305,4283,762
4306,3440,3243
4307,2343,1040
4308,4293,3400
4309,4255,119
4310,4281,3819
4311,4229,3356
4312,4237,3137
4313,4272,3212
4314,4305,3164
4315,4082,1979
4316,4302,4284
4317,4308,3670
4318,2255,2174
4319,4314,2007
4320,3307,3041
4321,4141,9
4322,4317,2256
4323,4248,3958
4324,4290,4175
4325,4296,1692
4326,3085,2546
4327,3470,1941
4328,4313,4199
4329,3372,2380
4330,1577,1035
4331,4241,722
4332,4310,3742
4333,3514,1991
4334,4325,2308
4335,3904,3079
4336,495,403
4337,3966,3922
4338,1180,527
4339,4179,1430
4340,3907,1457
4341,3413,2844
4342,4319,2010
4343,2314,1311
4344,3395,46
4345,1087,880
4346,4306,4222
4347,4246,4235
4348,2432,2375
4349,4271,4245
4350,3708,1826
4351,4332,4220
4352,4297,1329
4353,3869,3210
4354,4288,4172
4355,3192,2193
4356,4324,4183
4357,3366,1122
4358,3332,2176
4359,4292,1557
4360,440,218
4361,3540,1400
4362,4326,2329
4363,4316,4312
4364,4331,4203
4365,1068,793
4366,4328,1708
4367,3384,287
4368,4299,3588
4369,4263,2565
4370,4342,3900
4371,4266,3820
4372,4300,3826
4373,4167,4144
4374,3373,2584
4375,1835,1605
4376,4356,742
4377,3221,1295
4378,2507,2202
4379,2514,1746
4380,4366,4343
4381,2218,1141
4382,3385,1994
4383,4322,4196
4384,4301,2988
4385,4376,4265
4386,4370,219
4387,4334,1168
4388,3103,2455
4389,4274,192
4390,260,255
4391,1601,37
4392,4347,4311
4393,4386,115
4394,3375,3222
4395,442,281
4396,4393,3299
4397,3773,3273
4398,2276,17
4399,4315,1497
4400,4285,1375
4401,3136,491
4402,4268,1814
4403,1877,1320
4404,4223,370
4405,1193,1006
4406,3721,4
4407,4363,4289
4408,4387,2332
4409,4351,3285
4410,4383,4234
4411,3286,3018
4412,4396,3971
4413,3626,3510
4414,4275,876
4415,3213,1266
4416,4359,3743
4417,4267,1230
4418,3910,1660
4419,4412,1282
4420,4150,2917
4421,4278,3123
4422,3831,3225
4423,4219,1126
4424,3306,929
4425,4385,987
4426,200,167
4427,1967,1856
4428,3211,3209
4429,3778,1603
4430,4409,3785
4431,4407,3043
4432,4298,2282
4433,1757,460
4434,2472,1251
4435,3314,317
4436,4431,3504
4437,4402,508
4438,4371,3258
4439,4321,184
4440,4253,1308
4441,2344,1299
4442,4419,1398
4443,4404,3675
4444,4282,307
4445,4425,1114
4446,4430,4303
4447,4416,1132
4448,4164,279
4449,4442,1037
4450,3547,2335
4451,4421,1239
4452,4187,4140
4453,4414,4392
4454,3160,3087
4455,4280,2388
4456,4368,3802
4457,4372,2108
4458,4436,4374
4459,4360,300
4460,3399,2759
4461,1125,626
4462,4408,2081
4463,4242,3329
4464,4215,1463
4465,4304,3590
4466,4389,343
4467,4380,344
4468,4445,658
4469,4294,3986
4470,439,108
4471,4277,3918
4472,1498,1224
4473,4287,2240
4474,3394,3257
4475,4458,1883
4476,4410,4327
4477,4345,3387
4478,4449,1337
4479,4375,339
4480,3921,1552
4481,4352,310
4482,4438,4231
4483,4468,4365
4484,3283,3193
4485,4478,4361
4486,4475,2047
4487,4323,1758
4488,4446,2877
4489,4262,2955
4490,4467,3297
4491,4373,3634
4492,2928,314
4493,4355,4286
4494,4349,1737
4495,2962,1127
4496,438,259
4497,4400,298
4498,3228,2367
4499,4369,3854
4500,4333,4258
4501,4185,3488
4502,4471,3309
4503,3172,1450
4504,4486,1306
4505,4338,1367
4506,4320,1083
4507,4504,4411
4508,4485,4462
4509,2621,1868
4510,4367,4307
4511,4476,4384
4512,3347,500
4513,4490,2911
4514,3101,1503
4515,3313,1831
4516,4477,2103
4517,4466,4447
4518,3825,2938
4519,906,15
4520,4483,1186
4521,4186,1079
4522,4364,1505
4523,4480,4451
4524,4273,3527
4525,470,51
4526,3340,2423
4527,4399,1529
4528,4346,2297
4529,4520,4354
4530,4461,4339
4531,587,118
4532,4456,3132
4533,3002,1384
4534,4279,1579
4535,2085,1710
4536,4270,423
4537,3944,3574
4538,4528,2056
4539,4513,1368
4540,4488,3178
4541,4511,1959
4542,4455,1372
4543,3128,3046
4544,2361,1415
4545,4391,2360
4546,4529,2097
4547,3185,2742
4548,4539,3960
4549,4417,1646
4550,4295,1051
4551,4403,1017
4552,4540,1101
4553,4401,2450
4554,4514,4418
4555,4507,1434
4556,4500,3709
4557,3517,3472
4558,2686,629
4559,292,238
4560,3638,3492
4561,425,337
4562,4541,2105
4563,4552,4453
4564,1876,360
4565,4555,3648
4566,4508,1606
4567,1382,935
4568,4228,3945
4569,4566,2420
4570,2234,210
4571,4473,199
4572,4405,3056
4573,4565,1537
4574,498,275
4575,4506,3090
4576,3836,3378
4577,4341,3868
4578,4335,3479
4579,4573,4517
4580,4546,4497
4581,4202,2170
4582,3171,104
4583,4420,286
4584,3197,1424
4585,1530,1379
4586,4567,4548
4587,4348,2015
4588,4530,4427
4589,2751,2608
4590,4532,1819
4591,4522,4499
4592,4554,4482
4593,236,202
4594,4489,1091
4595,2567,838
4596,4381,1417
4597,4437,1586
4598,4549,4377
4599,1333,1297
4600,4440,1386
4601,4249,1917
4602,4562,2508
4603,420,318
4604,106,42
4605,1860,1643
4606,4586,4569
4607,4329,1619
4608,4362,68
4609,4580,4494
4610,3895,860
4611,3021,270
4612,4602,4423
4613,4505,4459
4614,4519,4441
4615,2534,879
4616,2296,784
4617,2060,1591
4618,4465,1029
4619,4579,4516
4620,4209,350
4621,4556,3762
4622,4330,2185
4623,2454,189
4624,4491,4413
4625,4559,4309
4626,2480,1095
4627,3940,3722
4628,179,61
4629,3238,331
4630,4515,3775
4631,4502,3694
4632,1204,88
4633,4524,4429
4634,4406,291
4635,2326,1041
4636,4521,3236
4637,4544,2880
4638,4581,1681
4639,4576,4194
4640,3024,1585
4641,4394,3084
4642,805,635
4643,4619,4493
4644,4609,4378
4645,299,186
4646,4452,4218
4647,3061,3003
4648,334,258
4649,1914,778
4650,4612,1304
4651,3669,1206
4652,2943,2836
4653,4543,3887
4654,4503,949
4655,2812,2792
4656,4509,1885
4657,4397,452
4658,4457,4395
4659,3402,3322
4660,4553,2646
4661,4358,3189
4662,4594,3914
4663,2861,1894
4664,4598,3622
4665,4611,129
4666,1923,1648
4667,4536,4439
4668,2637,2088
4669,4613,1602
4670,4542,278
4671,4643,3255
4672,4379,2150
4673,4527,4510
4674,4382,4291
4675,4534,979
4676,2638,2354
4677,4671,3972
4678,4432,2096
4679,3653,3581
4680,4550,395
4681,1787,1257
4682,4450,2509
4683,4644,1560
4684,2547,1345
4685,1435,1028
4686,4588,1217
4687,4677,4472
4688,4577,3624
4689,2130,1253
4690,4523,2366
4691,4649,3859
4692,4398,1350
4693,4618,1919
4694,4659,2827
4695,4664,4650
4696,4653,4590
4697,3817,2143
4698,4606,4591
4699,4434,4426
4700,4673,1422
4701,1761,1216
4702,2602,1044
4703,4512,4463
4704,4634,4563
4705,4474,1976
4706,4687,1034
4707,4623,4538
4708,3165,2760
4709,3312,229
4710,3435,1891
4711,4621,1291
4712,1693,400
4713,4583,1471
4714,4706,2160
4715,4444,280
4716,4646,3929
4717,4564,1707
4718,4683,916
4719,4714,4592
4720,4422,3877
4721,3824,2993
4722,3170,1656
4723,4637,2691
4724,4704,4624
4725,3155,2372
4726,4603,272
4727,4695,4587
4728,2757,1108
4729,796,739
4730,4663,4571
4731,4578,3232
4732,3849,3619
4733,2881,837
4734,3803,397
4735,4469,416
4736,4600,3615
4737,4727,2781
4738,4336,418
4739,2594,705
4740,2112,1429
4741,4496,3835
4742,4702,4388
4743,4698,1187
4744,4660,2414
4745,4690,1393
4746,4672,2978
4747,4665,3049
4748,3397,3161
4749,4669,1164
4750,4595,791
4751,4718,4700
4752,4686,412
4753,4484,3499
4754,4743,1904
4755,4560,1821
4756,3705,468
4757,4479,2866
4758,4719,4596
4759,4668,2300
4760,4754,4599
4761,4749,4614
4762,1913,1645
4763,4711,1390
4764,4622,4357
4765,3345,1611
4766,3735,2635
4767,4744,2485
4768,4737,975
4769,4751,28
4770,4424,1104
4771,3380,268
4772,4443,1454
4773,1274,1067
4774,1376,923
4775,4344,3996
4776,4760,4638
4777,4713,1237
4778,4776,2136
4779,4769,1214
4780,4688,4662
4781,4350,3078
4782,4626,4535
4783,4340,283
4784,3764,1209
4785,2152,1580
4786,4752,4675
4787,3432,1348
4788,984,70
4789,4157,143
4790,3354,3122
4791,4558,1510
4792,4252,223
4793,4735,4689
4794,312,91
4795,4657,4518
4796,1925,1810
4797,4758,4635
4798,4654,358
4799,4353,3407
4800,3481,2910
4801,4470,6
4802,4585,2310
4803,2248,1452
4804,2678,2148
4805,4572,2260
4806,4667,4525
4807,4724,4656
4808,4755,1532
4809,4608,4337
4810,3995,2169
4811,1551,1002
4812,2837,2798
4813,4778,3348
4814,3169,2738
4815,4775,1824
4816,4501,1548
4817,4733,4498
4818,4730,3892
4819,4720,4633
4820,4741,4705
4821,4782,4597
4822,4779,4684
4823,3818,3360
4824,4574,196
4825,4648,346
4826,4802,776
4827,4762,4681
4828,3728,3318
4829,4415,3871
4830,4770,2078
4831,1870,1562
4832,4780,4750
4833,4495,1033
4834,3932,435
4835,3331,383
4836,4708,579
4837,3913,2006
4838,4699,1075
4839,3858,3251
4840,4604,4481
4841,4435,266
4842,4777,1076
4843,4658,639
4844,4797,3642
4845,872,476
4846,4454,3073
4847,4670,2311
4848,4652,3812
4849,4655,2926
4850,4740,2107
4851,4682,1878
4852,4531,2711
4853,4844,2676
4854,4813,3984
4855,4807,4747
4856,4610,1613
4857,4640,3657
4858,4636,2458
4859,4734,134
4860,4726,161
4861,4448,3417
4862,4768,2286
4863,4547,1119
4864,4601,2075
4865,4616,3127
4866,4433,2348
4867,2743,303
4868,4694,3875
4869,4676,2687
4870,4794,4487
4871,4832,4822
4872,3702,1032
4873,1729,191
4874,1402,365
4875,3376,3016
4876,4723,2557
4877,4766,4460
4878,4854,915
4879,2761,2677
4880,3821,2207
4881,3571,2324
4882,4631,25
4883,2408,1507
4884,4763,137
4885,1572,424
4886,4878,4761
4887,2825,2593
4888,4853,662
4889,4838,4742
4890,4627,4537
4891,149,10
4892,1614,1269
4893,4753,4630
4894,4757,1085
4895,4607,2854
4896,4888,1859
4897,3985,3218
4898,3182,2641
4899,4725,2098
4900,3339,1739
4901,4575,3730
4902,4584,3806
4903,4871,940
4904,1370,407
4905,4896,1322
4906,3162,1460
4907,4826,4745
4908,4855,4557
4909,316,306
4910,3651,256
4911,4764,3487
4912,4736,2376
4913,4625,273
4914,3039,892
4915,4862,2572
4916,4716,4226
4917,4691,3428
4918,972,736
4919,3832,3797
4920,1686,363
4921,4645,351
4922,4905,4680
4923,993,765
4924,4886,4318
4925,4696,3544
4926,4615,1156
4927,4746,4678
4928,4703,1473
4929,4772,4641
4930,4721,475
4931,4915,4793
4932,4908,2996
4933,4617,4570
4934,4924,4786
4935,4791,849
4936,4932,1590
4937,2390,593
4938,4551,1319
4939,1247,790
4940,4903,1062
4941,4701,1827
4942,4895,3625
4943,4936,4861
4944,4639,1327
4945,4922,4767
4946,4836,4729
4947,466,313
4948,712,545
4949,4847,1353
4950,4693,4390
4951,4545,4492
4952,1394,434
4953,1359,843
4954,4561,133
4955,4907,122
4956,4940,789
4957,3409,2947
4958,4858,3792
4959,1795,1358
4960,1748,1674
4961,4876,4812
4962,1437,1210
4963,4943,4857
4964,4738,4628
4965,4942,2091
4966,4759,1113
4967,4863,1973
4968,4820,694
4969,4710,4707
4970,3751,2542
4971,933,610
4972,4927,4661
4973,4865,4829
4974,4912,4850
4975,4842,1211
4976,2079,1414
4977,4945,1022
4978,185,67
4979,3081,716
4980,4818,3549
4981,4804,2456
4982,4901,2885
4983,3231,803
4984,4873,1839
4985,4882,4620
4986,4977,4917
4987,4852,3631
4988,4833,862
4989,1494,175
4990,3215,3006
4991,3672,446
4992,4883,4827
4993,4533,3873
4994,4935,2470
4995,4845,4679
4996,3311,2895
4997,4568,3632
4998,4934,4856
4999,176,31
5000,3964,2313
5001,4986,4974
5002,4968,3052
5003,4464,2251
5004,4816,4674
5005,3948,2495
5006,2465,2215
5007,4956,3009
5008,274,205
5009,4931,2379
5010,1811,496
5011,3852,3074
5012,4849,2829
5013,4821,1559
5014,3404,1571
5015,4632,1561
5016,4843,148
5017,457,56
5018,2671,1927
5019,5005,5001
5020,4944,3978
5021,4771,2788
5022,1408,529
5023,2019,1194
5024,2278,1709
5025,4996,2371
5026,5007,4788
5027,4806,3532
5028,5009,4859
5029,4992,4961
5030,3822,3661
5031,4848,3682
5032,4831,1279
5033,4799,2848
5034,4963,4808
5035,4765,3437
5036,5019,1666
5037,5026,540
5038,3729,232
5039,4728,2615
5040,4926,2945
5041,4998,4774
5042,4929,4928
5043,2494,2168
5044,4841,194
5045,2258,686
5046,4949,4582
5047,4980,2970
5048,3265,3082
5049,5034,3884
5050,4872,1965
5051,3991,2189
5052,415,254
5053,4717,1340
5054,5013,1111
5055,3925,1388
5056,4925,4874
5057,1622,1456
5058,4685,1285
5059,4809,3202
5060,3665,233
5061,4860,4840
5062,4803,2141
5063,4798,263
5064,3392,3158
5065,4783,1218
5066,5041,4987
5067,3020,302
5068,1932,1466
5069,4946,4894
5070,1768,296
5071,4815,1313
5072,3744,2995
5073,4692,2929
5074,5028,4971
5075,4952,4902
5076,3389,304
5077,3865,2467
5078,5071,4712
5079,4938,1677
5080,4526,1021
5081,3483,13
5082,5066,4889
5083,4884,743
5084,2643,1986
5085,4805,750
5086,426,187
5087,4731,3855
5088,5053,1410
5089,3630,1701
5090,2461,541
5091,178,84
5092,4939,781
5093,5049,3837
5094,4972,4965
5095,2665,2590
5096,4995,4911
5097,5037,517
5098,5093,4982
5099,4801,493
5100,1697,1324
5101,3275,3035
5102,4846,1651
5103,2634,2134
5104,5082,2139
5105,1691,1030
5106,3602,3505
5107,481,87
5108,2897,2891
5109,451,130
5110,5036,4970
5111,4899,2714
5112,4651,2157
5113,504,319
5114,1395,419
5115,5104,1184
5116,5097,4887
5117,5059,2220
5118,5115,2847
5119,5020,848
5120,5110,1952
5121,4966,601
5122,4864,4589
5123,4787,1181
5124,5054,2436
5125,5050,5027
5126,5074,2082
5127,4870,1134
5128,5120,5051
5129,4869,2493
5130,1170,572
5131,5116,606
5132,4988,2907
5133,5079,1129
5134,5126,203
5135,3396,3007
5136,5083,1833
5137,5094,2023
5138,4913,1655
5139,5131,2712
5140,4795,3500
5141,5002,1704
5142,4814,3931
5143,5098,190
5144,4890,3256
5145,5134,4958
5146,5056,2750
5147,4921,1950
5148,5128,5025
5149,5118,4933
5150,5139,1445
5151,4900,4868
5152,1916,1116
5153,5143,4973
5154,5016,4920
5155,4819,524
5156,5150,3104
5157,5047,4919
5158,4955,995
5159,3017,444
5160,4951,1323
5161,4914,2476
5162,5156,1167
5163,4739,38
5164,944,800
5165,1516,1365
5166,3896,3062
5167,3663,624
5168,5137,2327
5169,4866,1714
5170,4969,473
5171,1280,1149
5172,5148,2385
5173,2072,772
5174,2785,227
5175,5162,1396
5176,5149,5029
5177,5154,3898
5178,5073,4923
5179,5172,2530
5180,2633,2323
5181,4647,3248
5182,4904,1346
5183,1543,111
5184,5179,5087
5185,5146,4810
5186,5175,4975
5187,5021,2543
5188,5039,4950
5189,5160,2228
5190,5169,4941
5191,5176,5069
5192,4981,3383
5193,4994,2462
5194,5043,5003
5195,4800,4605
5196,5086,5044
5197,1749,411
5198,467,322
5199,4891,348
5200,3989,3591
5201,5141,3509
5202,5145,3536
5203,5184,4796
5204,5085,3227
5205,5191,1016
5206,5024,4830
5207,4789,1
5208,3949,3811
5209,4781,3531
5210,1175,1094
5211,2896,2254
5212,5153,659
5213,5186,990
5214,4893,2570
5215,2961,604
5216,2883,297
5217,5202,3293
5218,5212,5203
5219,3791,2965
5220,5010,4715
5221,5177,751
5222,5205,3953
5223,461,406
5224,717,528
5225,5217,1441
5226,4867,3342
5227,5124,1897
5228,5158,2753
5229,5119,1568
5230,4906,3054
5231,4897,2688
5232,5076,1776
5233,3952,2252
5234,3874,1061
5235,5218,1502
5236,4979,4851
5237,1361,1238
5238,5012,4756
5239,5213,1050
5240,4993,4709
5241,3350,3305
5242,5057,4984
5243,3616,3462
5244,3947,1793
5245,5061,4885
5246,5193,1784
5247,5221,1818
5248,5168,1120
5249,5100,2188
5250,441,341
5251,4828,3442
5252,2486,1563
5253,387,144
5254,5095,4962
5255,5138,5038
5256,5102,4985
5257,5222,5045
5258,3494,1499
5259,3418,1600
5260,3296,1832
5261,2446,2009
5262,2990,1391
5263,5185,5096
5264,4948,605
5265,2411,155
5266,5133,5070
5267,4877,3649
5268,5052,3117
5269,5155,5004
5270,3639,3618
5271,5257,1263
5272,3289,1679
5273,5035,4983
5274,2478,1354
5275,3795,1403
5276,4976,1634
5277,1642,1624
5278,2656,212
5279,5271,5228
5280,5072,109
5281,3058,234
5282,1638,602
5283,3235,7
5284,5201,1665
5285,5239,3801
5286,3201,1312
5287,4839,2213
5288,5225,598
5289,5227,1740
5290,5092,2933
5291,1409,565
5292,5164,5125
5293,4964,52
5294,3336,2810
5295,3224,1054
5296,5015,510
5297,5033,4880
5298,5065,5011
5299,1109,586
5300,5136,197
5301,4835,1515
5302,4823,2952
5303,5279,746
5304,3048,436
5305,2652,1508
5306,5032,3464
5307,5288,1626
5308,5157,3452
5309,2673,55
5310,5151,1351
5311,3433,3154
5312,5303,3594
5313,5231,1472
5314,3710,1763
5315,5195,1128
5316,5189,1066
5317,1721,1183
5318,5187,2720
5319,5285,5040
5320,5127,2625
5321,1008,58
5322,4967,2551
5323,5235,904
5324,5105,1863
5325,5312,5242
5326,5256,1852
5327,4898,2405
5328,5170,333
5329,4773,1072
5330,5307,2116
5331,5289,1146
5332,2856,157
5333,5248,4837
5334,5319,982
5335,5132,1625
5336,5182,5152
5337,5077,5063
5338,5308,5215
5339,3697,1796
5340,5123,2867
5341,3270,2716
5342,3303,142
5343,5323,1461
5344,5166,5144
5345,5343,5284
5346,3121,2510
5347,4824,24
5348,5194,1009
5349,5330,5000
5350,3696,3115
5351,2599,865
5352,5046,2039
5353,2705,655
5354,5161,1250
5355,5316,5142
5356,5088,5060
5357,4916,3668
5358,5345,5078
5359,5188,2266
5360,3611,2269
5361,5117,4784
5362,165,30
5363,5244,3767
5364,4930,377
5365,1191,588
5366,3419,2767
5367,5325,5237
5368,5062,4959
5369,5349,3071
5370,3086,1381
5371,5334,5300
5372,1594,836
5373,5042,3560
5374,2146,2127
5375,5204,5080
5376,2165,1569
5377,3038,2778
5378,5367,909
5379,5246,710
5380,2406,1706
5381,3055,2853
5382,2457,1042
5383,5331,5190
5384,5075,1117
5385,5328,382
5386,4989,4879
5387,1316,325
5388,3575,3126
5389,3756,1802
5390,4697,2463
5391,4666,1244
5392,347,327
5393,5378,2864
5394,5214,3550
5395,5147,139
5396,5338,2707
5397,5130,928
5398,5371,1694
5399,4997,3736
5400,5369,2745
5401,5247,332
5402,5293,5197
5403,2417,1841
5404,3393,2416
5405,4785,2086
5406,5393,1426
5407,5310,2319
5408,2503,1581
5409,3522,213
5410,1493,1189
5411,5406,2247
5412,5341,2771
5413,5348,1159
5414,3974,3063
5415,5400,5273
5416,5358,248
5417,5263,824
5418,5373,5058
5419,4629,1620
5420,1535,1014
5421,5084,779
5422,5140,361
5423,5174,3882
5424,5129,5111
5425,5068,1233
5426,5249,5229
5427,4722,2034
5428,5380,2068
5429,4991,408
5430,5108,3443
5431,3699,2835
5432,5379,5234
5433,5411,5335
5434,3204,2110
5435,1641,672
5436,5416,5306
5437,5232,2863
5438,2657,1728
5439,5183,3635
5440,5298,2033
5441,5292,5121
5442,5181,3011
5443,4947,4792
5444,2167,39
5445,3471,3351
5446,3880,3334
5447,2156,1774
5448,5230,1451
5449,3135,2125
5450,5364,5297
5451,4825,180
5452,3579,1155
5453,2346,2020
5454,5436,562
5455,5433,1786
5456,3750,2042
5457,3851,8
5458,5333,2669
5459,846,685
5460,4748,3151
5461,2364,966
5462,5351,5290
5463,5396,5384
5464,5415,5326
5465,2739,1549
5466,5455,5243
5467,5454,734
5468,5398,1305
5469,4811,691
5470,5467,1152
5471,5091,499
5472,5466,2094
5473,5361,3480
5474,5196,3917
5475,5245,4978
5476,1431,701
5477,5472,5159
5478,3621,3168
5479,4834,1820
5480,5477,936
5481,5254,5219
5482,924,719
5483,5022,2226
5484,5321,5266
5485,5363,5090
5486,5240,3439
5487,3951,3604
5488,5468,5163
5489,5470,2726
5490,2357,2245
5491,2312,943
5492,3515,1556
5493,5173,2533
5494,1362,692
5495,5356,1995
5496,3992,3277
5497,5372,1862
5498,1780,1118
5499,5114,1942
5500,3881,1658
5501,5426,878
5502,5340,5320
5503,5488,874
5504,5099,92
5505,3130,228
5506,2973,1855
5507,4918,983
5508,2087,1019
5509,2872,1963
5510,5220,4910
5511,3829,336
5512,5211,166
5513,2303,1048
5514,5354,1872
5515,5424,2600
5516,2960,1145
5517,3367,1182
5518,5480,5432
5519,480,201
5520,5375,2629
5521,4953,2046
5522,5401,3747
5523,5280,3050
5524,5418,81
5525,5352,5023
5526,5337,1903
5527,2787,1521
5528,5489,5264
5529,1690,1267
5530,5464,3645
5531,5267,576
5532,5481,1592
5533,3291,3206
5534,5385,4732
5535,5353,977
5536,3102,2496
5537,3014,2045
5538,5322,2858
5539,1957,1459
5540,5528,5360
5541,5518,761
5542,2577,2223
5543,5269,4957
5544,2644,2237
5545,2535,2040
5546,5413,2265
5547,5109,1934
5548,5541,553
5549,5530,5089
5550,2544,448
5551,5224,859
5552,5199,422
5553,5548,669
5554,2459,1199
5555,5407,2409
5556,5448,5355
5557,1628,1151
5558,5540,5456
5559,214,164
5560,5291,1470
5561,5417,5403
5562,5553,5495
5563,5122,5081
5564,5301,3667
5565,5294,3754
5566,5336,856
5567,3475,3150
5568,2979,2802
5569,2050,1966
5570,5388,2941
5571,5387,2561
5572,2682,2429
5573,5238,5031
5574,5538,3774
5575,1783,1442
5576,2095,1756
5577,5067,3230
5578,5459,5296
5579,5207,193
5580,5558,3431
5581,5435,1492
5582,5503,5484
5583,1309,1221
5584,5268,224
5585,5192,1314
5586,5376,5226
5587,5329,1449
5588,5549,3841
5589,5055,1582
5590,3771,2921
5591,3398,3308
5592,3044,3042
5593,4881,126
5594,3190,1136
5595,5521,2093
5596,5318,3233
5597,1160,748
5598,5397,3288
5599,5534,5270
5600,1609,1558
5601,2197,1298
5602,5580,740
5603,5588,5180
5604,5216,955
5605,2636,1922
5606,5357,3727
5607,5602,5531
5608,5018,145
5609,3704,3386
5610,5274,3613
5611,5524,5339
5612,5546,5112
5613,2190,217
5614,1545,1166
5615,5430,2036
5616,5607,1945
5617,5262,2690
5618,2505,1596
5619,3543,1428
5620,5368,5324
5621,5603,78
5622,5463,1671
5623,5562,5441
5624,5507,5276
5625,5616,3776
5626,5475,5250
5627,5625,3839
5628,4817,554
5629,2833,2221
5630,5522,913
5631,3484,2700
5632,5476,2957
5633,342,80
5634,2994,1743
5635,729,656
5636,5627,5439
5637,5621,5200
5638,5526,5474
5639,3080,2280
5640,5382,2404
5641,5555,2206
5642,5561,866
5643,5255,2868
5644,3133,3114
5645,5209,3578
5646,5425,1215
5647,471,211
5648,5520,3458
5649,5206,5165
5650,5493,5365
5651,5517,3662
5652,5282,3037
5653,5582,5178
5654,5275,3923
5655,5639,5482
5656,5574,5428
5657,5636,1468
5658,373,177
5659,5469,3703
5660,5450,2871
5661,1226,850
5662,5383,4960
5663,5623,5504
5664,5637,5167
5665,5566,5485
5666,5198,430
5667,2899,241
5668,5630,5497
5669,2513,1310
5670,5657,814
5671,5663,715
5672,1939,1936
5673,5458,548
5674,5479,5272
5675,2920,2441
5676,5586,5103
5677,3987,2597
5678,464,54
5679,4875,3032
5680,1766,988
5681,5664,5543
5682,5570,5501
5683,5008,335
5684,5261,2187
5685,5315,1983
5686,3924,643
5687,5440,1185
5688,2851,1453
5689,5671,3405
5690,5427,2969
5691,2166,2069
5692,5394,1745
5693,5670,1901
5694,5642,808
5695,5693,1908
5696,5006,249
5697,1371,459
5698,5648,902
5699,5695,5665
5700,5236,3725
5701,3889,745
5702,5473,1059
5703,5622,2925
5704,3890,1599
5705,5532,5462
5706,5689,1964
5707,5287,2394
5708,3264,2651
5709,1669,1249
5710,5606,3941
5711,5698,503
5712,5359,5101
5713,5499,2369
5714,456,32
5715,2155,523
5716,2084,777
5717,5420,1243
5718,5706,3658
5719,5653,5410
5720,4990,2529
5721,3147,2537
5722,1407,1192
5723,5638,1741
5724,5408,5390
5725,5673,1325
5726,5402,2318
5727,2642,2552
5728,3274,1762
5729,5641,5251
5730,5718,5578
5731,5611,5502
5732,5500,2186
5733,5699,5589
5734,1933,428
5735,5233,3752
5736,5719,2555
5737,1672,93
5738,650,544
5739,3316,2131
5740,5171,1420
5741,2263,594
5742,5422,3740
5743,5597,5571
5744,5655,5581
5745,5514,2270
5746,5513,5447
5747,5452,1788
5748,5733,2241
5749,5560,985
5750,5730,5680
5751,5509,5366
5752,5617,877
5753,5395,454
5754,5750,698
5755,5626,1700
5756,5442,3364
5757,5596,5556
5758,5725,5649
5759,3706,1823
5760,5585,622
5761,5592,269
5762,5754,1363
5763,5483,1576
5764,3701,3612
5765,5327,3903
5766,5662,5494
5767,3263,1011
5768,5762,5705
5769,5346,506
5770,5682,240
5771,5552,66
5772,3983,1616
5773,5645,1173
5774,5748,812
5775,5535,5017
5776,3850,3335
5777,5599,2515
5778,3617,3585
5779,5755,16
5780,5729,5687
5781,5573,2958
5782,5694,542
5783,5539,5317
5784,5332,886
5785,5299,3976
5786,3656,657
5787,5277,2489
5788,3620,559
5789,3993,1003
5790,5399,3863
5791,5654,1980
5792,5496,5208
5793,5668,5643
5794,3143,2583
5795,2349,1854
5796,2253,1287
5797,3508,3107
5798,5768,5711
5799,2935,2874
5800,5681,5305
5801,2109,1912
5802,5736,136
5803,5713,5703
5804,3646,3129
5805,5620,1785
5806,5726,5451
5807,5775,5386
5808,5591,3446
5809,5646,2439
5810,5774,5258
5811,2162,1575
5812,5515,328
5813,2595,704
5814,3262,2889
5815,5135,3476
5816,5600,5575
5817,5512,3077
5818,1779,114
5819,5802,741
5820,5302,3738
5821,5723,474
5822,614,547
5823,5810,599
5824,1972,1715
5825,5742,5510
5826,2828,1875
5827,5823,5598
5828,5478,2062
5829,5798,839
5830,2090,364
5831,1993,1234
5832,3423,3140
5833,1804,1790
5834,5819,5806
5835,1989,888
5836,5563,5344
5837,5800,2799
5838,1588,208
5839,5421,571
5840,5608,1004
5841,5837,5712
5842,5278,3324
5843,3930,1798
5844,3876,2724
5845,5782,2386
5846,5766,1527
5847,1744,1670
5848,5696,113
5849,2992,2601
5850,5437,1064
5851,5744,5743
5852,5845,5827
5853,3524,1759
5854,3533,708
5855,5419,1328
5856,5829,5210
5857,5594,5313
5858,5803,2539
5859,5624,5564
5860,5634,2345
5861,5702,2501
5862,5758,5569
5863,5856,5583
5864,5525,3787
5865,5863,1816
5866,5760,5640
5867,3788,825
5868,5846,957
5869,1907,1789
5870,5265,2083
5871,5770,942
5872,5865,1546
5873,4892,1540
5874,5684,2080
5875,2422,2298
5876,5872,1477
5877,2184,1163
5878,2102,831
5879,5852,735
5880,2445,2175
5881,3226,3075
5882,5506,2811
5883,5389,1024
5884,5876,1496
5885,5868,1668
5886,5030,2980
5887,5491,3847
5888,5884,5752
5889,5613,763
5890,5674,1488
5891,5888,5551
5892,5577,2431
5893,5780,5405
5894,5260,3271
5895,5619,1097
5896,5527,5523
5897,5737,5661
5898,5885,5529
5899,5550,1318
5900,5688,5423
5901,5817,5404
5902,3436,1971
5903,2807,2022
5904,427,345
5905,5492,3186
5906,5858,5749
5907,5793,1654
5908,5809,5691
5909,3266,95
5910,5882,5618
5911,4593,169
5912,5812,5048
5913,5747,1427
5914,5779,5753
5915,5311,3410
5916,5879,2011
5917,492,110
5918,5867,5449
5919,5568,5281
5920,5841,1716
5921,5839,5716
5922,5498,2483
5923,5542,758
5924,5891,5304
5925,5286,3962
5926,5429,5107
5927,3379,102
5928,1369,352
5929,3716,1997
5930,2106,29
5931,3878,1520
5932,5751,1982
5933,2440,1639
5934,5862,2295
5935,5722,1078
5936,5920,5565
5937,2460,2250
5938,5924,5907
5939,5916,1808
5940,5745,5685
5941,5915,2721
5942,5791,5731
5943,5939,3813
5944,5783,5579
5945,3700,1682
5946,5465,3580
5947,1829,1484
5948,5834,5715
5949,5943,5595
5950,5757,2413
5951,1722,802
5952,5628,567
5953,147,63
5954,123,23
5955,5309,2289
5956,5377,1380
5957,5871,5672
5958,4642,2782
5959,5949,1889
5960,5896,5821
5961,5833,1864
5962,5959,5769
5963,5934,1938
5964,5777,3134
5965,5724,5660
5966,5652,3338
5967,5864,3981
5968,5805,546
5969,5898,2654
5970,5906,5851
5971,2908,1684
5972,5453,1331
5973,5938,5735
5974,305,162
5975,5962,5866
5976,5295,1803
5977,1817,1623
5978,2211,1317
5979,5963,5587
5980,5461,1570
5981,3956,3584
5982,5857,76
5983,1479,538
5984,5692,5486
5985,5975,2620
5986,5434,3975
5987,5446,613
5988,5746,3687
5989,3842,3408
5990,5861,5850
5991,3501,1711
5992,5950,5443
5993,5985,2449
5994,5993,2018
5995,5374,1689
5996,5676,5113
5997,1147,1065
5998,2426,1636
5999,5973,1007
6000,5679,293
6001,5508,640
6002,5740,5717
6003,3247,2664
6004,5669,2171
6005,5690,3424
6006,5999,590
6007,432,21
6008,5720,1225
6009,5914,443
6010,5545,3278
6011,3466,3076
6012,2500,141
6013,5601,1685
6014,6006,1752
6015,2805,326
6016,5707,1026
6017,5994,2605
6018,2997,1352
6019,5252,2224
6020,3327,83
6021,5935,5554
6022,2727,2481
6023,5957,5759
6024,6017,3572
6025,5710,469
6026,5807,952
6027,3194,289
6028,5969,5697
6029,5855,2569
6030,5811,5656
6031,5910,900
6032,5996,5610
6033,3341,2623
6034,5948,5799
6035,6024,1374
6036,1241,1088
6037,2901,2525
6038,5979,2964
6039,6014,706
6040,6035,5849
6041,2695,2384
6042,6039,5968
6043,6034,5900
6044,3287,1974
6045,5825,2857
6046,5875,2576
6047,2932,1667
6048,5794,2490
6049,479,195
6050,5533,3328
6051,1921,764
6052,5612,518
6053,2882,2616
6054,5362,99
6055,5936,5859
6056,2410,1806
6057,6038,1174
6058,3426,2203
6059,5511,5409
6060,5967,2701
6061,5818,3282
6062,3911,3216
6063,6042,1161
6064,5940,5763
6065,920,700
6066,3109,2021
6067,5990,1232
6068,5632,225
6069,5952,1326
6070,5732,3493
6071,5970,5761
6072,6063,1781
6073,5946,5659
6074,6055,3148
6075,5921,5700
6076,6040,5738
6077,5945,5615
6078,6009,1474
6079,3636,1564
6080,3195,3149
6081,992,680
6082,5893,3415
6083,6072,5840
6084,6052,3834
6085,1750,1637
6086,6026,1268
6087,1850,1578
6088,5895,1782
6089,3118,2342
6090,5958,5412
6091,216,172
6092,1797,494
6093,3467,3239
6094,4954,1069
6095,1058,209
6096,5820,5792
6097,3454,3163
6098,5614,1525
6099,3640,2950
6100,6074,3520
6101,5908,5860
6102,3368,2563
6103,1412,585
6104,5789,2900
6105,6083,1610
6106,2796,2299
6107,3444,1531
6108,6105,3582
6109,5982,5901
6110,6076,5988
6111,2210,309
6112,3726,522
6113,4937,898
6114,6108,3593
6115,5381,2177
6116,6043,5878
6117,6027,2717
6118,5874,2124
6119,6100,2967
6120,6110,6021
6121,6114,1264
6122,5899,5576
6123,3434,558
6124,1207,766
6125,6028,1099
6126,5965,2027
6127,2976,1404
6128,6121,2954
6129,5942,5765
6130,4428,1360
6131,6084,2249
6132,6128,783
6133,5516,396
6134,5784,2285
6135,5559,895
6136,5658,1294
6137,3848,1943
6138,5961,5842
6139,5873,581
6140,6057,702
6141,6120,1539
6142,3664,1587
6143,2953,989
6144,6062,5677
6145,198,125
6146,6116,1385
6147,6030,2723
6148,6001,539
6149,6141,5741
6150,5964,5887
6151,5835,868
6152,3489,153
6153,6082,5786
6154,5675,1528
6155,5923,5813
6156,5987,5781
6157,6033,3177
6158,5832,1731
6159,5870,5391
6160,6126,2370
6161,6138,5960
6162,3679,623
6163,532,320
6164,3465,3223
6165,6149,6071
6166,5431,399
6167,994,549
6168,3445,3295
6169,6146,2842
6170,5929,5836
6171,6022,5998
6172,6002,873
6173,6140,5704
6174,5460,908
6175,5956,3521
6176,1303,822
6177,5971,3421
6178,5797,3478
6179,5992,1258
6180,6132,1584
6181,3557,1844
6182,5997,1476
6183,3460,2389
6184,2776,2453
6185,5505,3337
6186,5912,3450
6187,6122,889
6188,5223,49
6189,6180,1736
6190,5014,3843
6191,6119,799
6192,6023,1998
6193,1421,1176
6194,6150,5773
6195,6109,6070
6196,6000,1800
6197,5438,2052
6198,6165,2946
6199,6189,6173
6200,1307,667
6201,5980,3607
6202,5771,1719
6203,5283,3139
6204,5932,2358
6205,3605,3552
6206,5650,5629
6207,6169,5919
6208,6198,660
6209,301,288
6210,2115,724
6211,6029,801
6212,5785,2117
6213,6088,6064
6214,6013,2968
6215,5584,140
6216,5804,3556
6217,6191,1227
6218,5721,1077
6219,5824,2972
6220,6077,1805
6221,6179,6018
6222,5848,2740
6223,5756,3685
6224,5604,2983
6225,3267,2585
6226,5854,3912
6227,5986,896
6228,6208,842
6229,6217,752
6230,6192,3519
6231,5651,1074
6232,5913,5897
6233,6008,830
6234,6147,1633
6235,2421,276
6236,6124,731
6237,5928,1100
6238,6229,3973
6239,5828,5772
6240,2428,1702
6241,5795,1005
6242,6125,2912
6243,5593,1231
6244,5547,445
6245,6199,5933
6246,6129,3647
6247,6131,5978
6248,6207,2322
6249,6078,330
6250,5709,1387
6251,5847,1895
6252,6230,6228
6253,2850,2024
6254,3879,1355
6255,6238,5814
6256,5490,1012
6257,5347,1197
6258,6231,820
6259,6246,6067
6260,6004,2201
6261,6153,918
6262,2290,607
6263,5918,1541
6264,1289,414
6265,2239,1148
6266,6255,6073
6267,6096,3272
6268,1130,841
6269,6135,5955
6270,2736,2663
6271,5890,5457
6272,5708,5414
6273,6050,2588
6274,5883,1663
6275,6245,6213
6276,3637,2915
6277,2744,709
6278,2216,537
6279,2728,1378
6280,6252,1411
6281,6086,5951
6282,6280,804
6283,5444,1106
6284,6266,631
6285,6221,6111
6286,3844,2
6287,5727,1880
6288,6242,1080
6289,6019,5767
6290,1703,818
6291,6275,683
6292,6075,711
6293,2755,811
6294,6186,6144
6295,6157,5445
6296,3240,3181
6297,932,183
6298,1336,1190
6299,282,127
6300,6159,3676
6301,6248,1278
6302,6284,3592
6303,6257,3249
6304,6282,2649
6305,5972,564
6306,6234,5880
6307,6301,6249
6308,6304,6155
6309,5816,2772
6310,6302,2859
6311,5894,1695
6312,6079,1595
6313,3684,819
6314,2820,744
6315,6081,6065
6316,6310,1653
6317,5590,1063
6318,5944,226
6319,2172,315
6320,2589,627
6321,6156,3888
6322,2101,1000
6323,5889,1373
6324,3808,2479
6325,6308,1920
6326,5678,5666
6327,2931,2538
6328,6325,6288
6329,6261,5701
6330,6160,2236
6331,295,69
6332,6025,324
6333,6247,1644
6334,1981,1718
6335,2658,2578
6336,5350,271
6337,2076,1277
6338,6291,6031
6339,2065,1847
6340,2355,1447
6341,1482,970
6342,6101,561
6343,5922,1801
6344,3355,3059
6345,3026,2660
6346,3883,1799
6347,6316,5635
6348,6227,749
6349,6285,6032
6350,6203,6093
6351,5838,3096
6352,5917,1985
6353,3749,2708
6354,6226,5892
6355,6196,5976
6356,6003,526
6357,3853,3012
6358,6329,2268
6359,159,36
6360,6338,6047
6361,5788,5572
6362,6347,3576
6363,6263,6240
6364,1554,768
6365,6328,5831
6366,6161,2609
6367,6360,5903
6368,3330,2227
6369,6330,1612
6370,3008,2123
6371,6059,6005
6372,6365,2927
6373,6068,3748
6374,5826,85
6375,6367,2433
6376,6372,6342
6377,1500,381
6378,6366,3105
6379,6375,6320
6380,1526,925
6381,6379,5947
6382,1344,845
6383,5984,5981
6384,5853,3551
6385,6307,5953
6386,3325,2831
6387,6385,688
6388,6376,6268
6389,6348,1538
6390,6381,1203
6391,1724,795
6392,5966,1597
6393,6170,5927
6394,6311,3570
6395,3587,3534
6396,6184,5667
6397,6387,6260
6398,6390,6143
6399,5995,2424
6400,5905,128
6401,1142,1055
6402,6212,6061
6403,6211,6012
6404,5941,3145
6405,6398,899
6406,3358,2028
6407,6300,6204
6408,6405,792
6409,6202,6188
6410,6060,2219
6411,6134,5877
6412,6388,6051
6413,6089,1514
6414,6172,5904
6415,2770,1958
6416,6139,1341
6417,5931,5605
6418,6397,775
6419,6362,5739
6420,6133,2773
6421,6197,1092
6422,6222,2612
6423,6333,5925
6424,6412,2579
6425,6408,1364
6426,3157,1760
6427,6312,6306
6428,6424,1822
6429,6123,5734
6430,355,173
6431,6428,2013
6432,6418,851
6433,2304,664
6434,6206,6107
6435,3934,1475
6436,6223,1931
6437,5796,2809
6438,6431,6349
6439,6267,673
6440,6425,730
6441,6419,6393
6442,6440,511
6443,6190,3116
6444,6423,828
6445,6378,1853
6446,6200,619
6447,6215,5683
6448,6414,5557
6449,6269,2904
6450,2055,1169
6451,6358,6314
6452,6276,6053
6453,3891,1962
6454,1038,760
6455,6438,1884
6456,6194,3315
6457,5843,2693
6458,6345,3363
6459,2618,2037
6460,6451,1871
6461,6095,3988
6462,6442,5714
6463,6090,378
6464,6087,3156
6465,2524,372
6466,5787,881
6467,6232,2951
6468,6427,6256
6469,6384,2381
6470,2484,26
6471,6455,857
6472,2893,2655
6473,6294,620
6474,6462,759
6475,2689,2373
6476,6474,6422
6477,1662,482
6478,6195,6171
6479,6321,6136
6480,6352,6045
6481,6259,6175
6482,6219,2016
6483,3482,3349
6484,6283,6137
6485,6471,6187
6486,6389,1200
6487,5991,3861
6488,5776,2779
6489,3845,747
6490,1031,937
6491,6154,2200
6492,2277,1110
6493,6236,767
6494,6363,1723
6495,6080,5241
6496,6201,1680
6497,5686,1664
6498,6336,2734
6499,6476,2235
6500,6403,6148
6501,2003,262
6502,6391,1726
6503,6048,3823
6504,6104,6016
6505,3072,721
6506,6485,1547
6507,6445,6287
6508,6205,5930
6509,5808,5259
6510,6182,6020
6511,6432,969
6512,6499,520
6513,6044,2398
6514,1405,813
6515,1935,1485
6516,5911,250
6517,6506,3513
6518,6512,6151
6519,6369,3317
6520,2271,1121
6521,3979,3939
6522,6315,882
6523,6444,1245
6524,2153,637
6525,6332,5926
6526,6094,3138
6527,5886,1205
6528,6481,2763
6529,6318,1627
6530,6518,1899
6531,6281,1738
6532,6456,1196
6533,5983,615
6534,6517,6323
6535,1448,1235
6536,6241,2804
6537,6530,6416
6538,2730,773
6539,6441,3893
6540,6539,6439
6541,6511,6449
6542,6220,2924
6543,6163,1555
6544,1261,630
6545,6460,1918
6546,5106,3857
6547,6534,6486
6548,3422,678
6549,912,595
6550,6410,3414
6551,6270,1440
6552,6271,1178
6553,3980,533
6554,3430,1717
6555,2475,105
6556,6522,6421
6557,6523,1490
6558,6265,3507
6559,6537,3609
6560,6250,603
6561,6254,927
6562,6547,6324
6563,2674,2604
6564,6562,6545
6565,6373,1356
6566,6478,6473
6567,6559,905
6568,6382,6127
6569,6541,1975
6570,6567,6531
6571,2292,699
6572,6326,3344
6573,6218,3420
6574,5801,3867
6575,3320,997
6576,6540,2100
6577,6286,1955
6578,5822,2272
6579,2400,2194
6580,6395,6037
6581,5519,1509
6582,2784,1343
6583,6519,2834
6584,6566,6501
6585,6176,3242
6586,6570,6181
6587,6532,2875
6588,6305,2892
6589,1621,707
6590,6507,6056
6591,6564,1053
6592,6434,6309
6593,6586,670
6594,6576,3677
6595,3040,486
6596,6569,2333
6597,3280,2049
6598,6298,1240
6599,6214,6046
6600,6591,893
6601,6475,6340
6602,6543,926
6603,6343,6289
6604,6112,2830
6605,5778,3253
6606,3451,356
6607,6600,6461
6608,6593,1727
6609,6224,244
6610,6115,1978
6611,6383,3870
6612,6085,1909
6613,6479,6341
6614,5487,3577
6615,6528,6183
6616,6608,6167
6617,2038,560
6618,6374,5609
6619,6495,5631
6620,6355,4790
6621,6607,3302
6622,6054,3176
6623,3106,362
6624,6327,2949
6625,6616,6596
6626,6457,6420
6627,6443,1956
6628,6433,2154
6629,6594,6210
6630,6621,3564
6631,6237,1271
6632,2288,645
6633,3603,340
6634,6630,6334
6635,2764,574
6636,6550,5909
6637,6262,6130
6638,2704,867
6639,6292,2293
6640,2113,1699
6641,6598,6407
6642,6069,5253
6643,2053,1954
6644,6401,2956
6645,3381,1248
6646,6629,1300
6647,2173,1089
6648,6273,1047
6649,6277,3142
6650,1001,514
6651,3245,3028
6652,5370,3713
6653,6625,6174
6654,6480,6353
6655,6634,6590
6656,2334,671
6657,6354,6253
6658,6615,6339
6659,6587,2212
6660,6272,3486
6661,6467,2813
6662,6392,2715
6663,6258,648
6664,405,338
6665,6646,6380
6666,2855,608
6667,6098,45
6668,6527,90
6669,6459,6010
6670,6503,6437
6671,6274,3758
6672,5902,1255
6673,5544,417
6674,6468,2614
6675,6394,6350
6676,6583,6557
6677,6510,2442
6678,6450,2435
6679,6368,6317
6680,6618,6508
6681,6653,2198
6682,6335,2684
6683,6290,1512
6684,6665,914
6685,6655,6571
6686,6015,5064
6687,6356,2984
6688,2427,2001
6689,6552,6216
6690,6658,6158
6691,6091,3
6692,6193,2987
6693,6542,2447
6694,6466,2208
6695,6684,6500
6696,1339,40
6697,5830,3188
6698,2261,1882
6699,3916,100
6700,6361,3528
6701,6400,1071
6702,6674,6601
6703,6685,3933
6704,6637,1915
6705,2012,1462
6706,6703,634
6707,6529,6244
6708,6526,3512
6709,6706,2630
6710,6611,6498
6711,6681,6493
6712,3498,2347
6713,6463,844
6714,3352,684
6715,6494,2491
6716,3463,1688
6717,6639,6536
6718,6709,1469
6719,4999,265
6720,6718,965
6721,6695,3503
6722,6720,6492
6723,1260,618
6724,6711,6446
6725,6319,2014
6726,6404,3693
6727,6426,264
6728,2653,1465
6729,6648,1732
6730,6722,6415
6731,6613,384
6732,6666,6402
6733,960,887
6734,2696,1807
6735,6723,6556
6736,1879,374
6737,6730,6502
6738,6737,6235
6739,3388,2283
6740,6724,6399
6741,3371,823
6742,5647,485
6743,1999,946
6744,6656,6641
6745,6738,2791
6746,1036,375
6747,6603,6572
6748,6740,1015
6749,3207,3144
6750,3583,1254
6751,6464,2801
6752,2397,2002
6753,6745,1770
6754,6676,2553
6755,6654,6447
6756,6565,6396
6757,5937,1043
6758,6692,2814
6759,6337,2402
6760,6753,6524
6761,6496,6489
6762,6721,2179
6763,6659,5977
6764,6762,6645
6765,5537,3477
6766,6760,769
6767,6754,2545
6768,1902,5
6769,6162,723
6770,6626,6377
6771,6612,1629
6772,6516,484
6773,2325,2225
6774,6744,6538
6775,6551,2540
6776,6731,6605
6777,6766,6627
6778,2873,2128
6779,6504,1139
6780,6351,2703
6781,6777,974
6782,6781,551
6783,5314,934
6784,6233,6113
6785,6533,2762
6786,6663,666
6787,2959,2940
6788,6568,1593
6789,6756,6581
6790,2257,1640
6791,6678,431
6792,5392,27
6793,472,206
6794,2591,394
6795,3092,727
6796,6782,6650
6797,6670,6152
6798,6690,6411
6799,6764,703
6800,6796,6631
6801,3690,2808
6802,6592,6584
6803,6515,6346
6804,5989,1550
6805,6177,1284
6806,6799,1765
6807,6800,6602
6808,6092,649
6809,6599,2624
6810,6620,3627
6811,3065,2359
6812,6807,2119
6813,6628,1996
6814,2790,827
6815,6806,1273
6816,2617,1143
6817,2870,1751
6818,2451,1773
6819,2448,999
6820,2161,829
6821,6588,6106
6822,6812,2981
6823,6815,6657
6824,2159,855
6825,6735,6482
6826,6767,6585
6827,6509,3060
6828,6822,580
6829,5790,5764
6830,6513,1495
6831,6702,536
6832,2196,1687
6833,3425,3250
6834,6573,2948
6835,6715,6465
6836,6823,2735
6837,6209,19
6838,6370,3411
6839,6761,6748
6840,6454,679
6841,6693,2627
6842,6303,1506
6843,3569,2077
6844,3968,1081
6845,6497,6469
6846,2586,2498
6847,6825,1270
6848,6278,2571
6849,6757,6636
6850,6836,2999
6851,863,675
6852,6828,6484
6853,6831,6774
6854,6563,6417
6855,1491,1486
6856,2865,2562
6857,2122,1228
6858,3089,737
6859,6689,1056
6860,6251,1849
6861,6852,1960
6862,6164,1366
6863,2838,2132
6864,6861,6813
6865,3281,3237
6866,6714,6243
6867,2884,738
6868,6864,3793
6869,6642,1929
6870,2939,1246
6871,3362,1725
6872,6755,6142
6873,6868,6803
6874,6810,6700
6875,6839,6662
6876,6873,3565
6877,6826,1458
6878,6436,5644
6879,6624,3737
6880,6677,6669
6881,6876,6553
6882,2840,2305
6883,6610,1153
6884,6683,6671
6885,6881,810
6886,6850,6710
6887,6875,6297
6888,6667,6099
6889,6409,2697
6890,3807,1683
6891,2817,1483
6892,2067,1524
6893,6102,2765
6894,2048,958
6895,2229,1988
6896,6713,6166
6897,2824,2769
6898,6103,2482
6899,6505,981
6900,2741,1112
6901,6763,6239
6902,6798,6786
6903,6477,1874
6904,6322,3333
6905,6887,6448
6906,6791,2267
6907,6885,1124
6908,1970,1618
6909,2622,35
6910,907,884
6911,3343,1617
6912,6694,2242
6913,6877,552
6914,6840,1887
6915,6406,2205
6916,3997,1553
6917,6907,3757
6918,6905,557
6919,6917,713
6920,6853,6429
6921,6747,1843
6922,894,531
6923,391,323
6924,6789,6491
6925,6589,6560
6926,6919,1057
6927,2262,2209
6928,6886,653
6929,6926,931
6930,6849,188
6931,5342,487
6932,6739,919
6933,6918,1135
6934,3553,3124
6935,6933,809
6936,6801,6688
6937,6884,2966
6938,771,284
6939,6935,509
6940,6819,806
6941,6809,6490
6942,6939,6716
6943,6928,2862
6944,6929,2548
6945,6944,1861
6946,6679,1583
6947,6942,2839
6948,1896,1713
6949,6717,6649
6950,6920,6520
6951,6945,1138
6952,6900,6661
6953,2963,1335
6954,6827,6708
6955,6951,6638
6956,6859,6371
6957,6647,3491
6958,6622,2869
6959,6869,948
6960,6118,2650
6961,6955,6882
6962,6947,478
6963,6878,3175
6964,6902,6582
6965,3301,1846
6966,6961,1650
6967,5471,3453
6968,6913,6558
6969,6966,6820
6970,6776,5954
6971,6488,5974
6972,6969,6943
6973,6784,617
6974,6609,6435
6975,6793,230
6976,6962,786
6977,2396,971
6978,6797,3545
6979,6549,6185
6980,5728,3688
6981,6691,366
6982,6976,875
6983,6854,2977
6984,6805,5844
6985,6835,6752
6986,1977,1392
6987,6982,6922
6988,6838,6834
6989,6987,521
6990,6770,6687
6991,6874,6732
6992,6989,2971
6993,6950,6640
6994,6359,6049
6995,6954,6313
6996,6728,2377
6997,6525,2902
6998,6964,6726
6999,6829,6546
7000,3166,3005
7001,6901,6578
7002,3200,2631
7003,6771,1632
7004,1010,638
7005,6007,1992
7006,6790,6483
7007,6968,6936
7008,6802,1873
7009,689,131
7010,6842,757
7011,3714,3390
7012,6992,951
7013,3326,2399
7014,6145,488
7015,6580,1910
7016,6619,6595
7017,7007,6847
7018,6644,1712
7019,2748,2603
7020,6998,2195
7021,6949,1987
7022,7008,3938
7023,7012,6924
7024,2766,1836
7025,6778,1775
7026,6554,2437
7027,6941,2316
7028,7023,6925
7029,3804,3608
7030,2330,2217
7031,6959,1171
7032,6788,6668
7033,6614,834
7034,6279,2930
7035,2556,1208
7036,6837,163
7037,7022,939
7038,3199,3000
7039,6912,2914
7040,7020,6733
7041,6775,2506
7042,6548,1767
7043,6787,6097
7044,2982,1937
7045,6701,1406
7046,6921,6880
7047,3840,404
7048,6870,2648
7049,7037,6993
7050,6883,2913
7051,2887,1753
7052,6927,6841
7053,483,98
7054,7021,6858
7055,6985,6972
7056,6651,5536
7057,6889,5869
7058,6758,6544
7059,6652,2575
7060,6769,2975
7061,2336,2121
7062,6487,1330
7063,359,235
7064,6725,2783
7065,6865,6344
7066,7028,642
7067,7066,7035
7068,6635,1162
7069,7055,964
7070,6983,2794
7071,6660,6514
7072,6956,6555
7073,6821,6707
7074,3490,2004
7075,7017,1397
7076,903,891
7077,6680,2659
7078,6867,2066
7079,1049,693
7080,6675,5881
7081,2598,945
7082,2000,625
7083,7067,7031
7084,7040,1812
7085,3732,575
7086,6990,6736
7087,6698,2043
7088,6952,6759
7089,7070,6879
7090,6848,6734
7091,6704,6225
7092,7001,6750
7093,6058,5815
7094,6413,2916
7095,1157,976
7096,7083,652
7097,6984,3053
7098,6824,720
7099,7027,7003
7100,2307,2275
7101,6264,967
7102,7010,6041
7103,6561,3864
7104,885,597
7105,6386,2468
7106,959,956
7107,6780,1413
7108,7084,6729
7109,2937,2519
7110,7054,2777
7111,3473,349
7112,6931,6910
7113,816,174
7114,7096,6785
7115,6751,3957
7116,6970,3906
7117,7052,6364
7118,7114,535
7119,6472,385
7120,1733,616
7121,7069,1900
7122,6911,2919
7123,6898,6452
7124,7092,2725
7125,6673,2204
7126,7089,6872
7127,7118,591
7128,7075,681
7129,7045,6846
7130,3097,1172
7131,6960,463
7132,7121,7015
7133,2531,1949
7134,7127,853
7135,3284,2246
7136,7134,6832
7137,6855,6743
7138,6991,6948
7139,7136,3001
7140,1045,455
7141,3969,646
7142,221,82
7143,3370,3091
7144,6946,6830
7145,2558,2063
7146,3518,2026
7147,7108,7042
7148,7132,7036
7149,7110,6857
7150,2341,2151
7151,6699,6664
7152,3915,1332
7153,7148,7090
7154,3573,1432
7155,7041,6906
7156,2230,1948
7157,6997,3733
7158,7116,7053
7159,2158,515
7160,7147,2005
7161,7139,6844
7162,6914,2521
7163,3461,2499
7164,3120,2675
7165,6930,2382
7166,6979,3152
7167,7071,6672
7168,7117,2025
7169,6860,6066
7170,7153,7006
7171,7128,2754
7172,6974,6178
7173,6686,6036
7174,6978,6965
7175,3623,3595
7176,7094,6957
7177,6963,826
7178,7165,6811
7179,7046,1517
7180,7106,6937
7181,7160,7104
7182,6892,6470
7183,6742,14
7184,6779,2694
7185,7184,6808
7186,6994,222
7187,7171,7099
7188,6011,1276
7189,6697,1659
7190,7170,2667
7191,7168,6783
7192,7161,7155
7193,6896,2797
7194,1501,242
7195,7124,6453
7196,6623,922
7197,7190,2795
7198,2471,998
7199,7197,7181
7200,6633,181
7201,7192,3798
7202,7201,1673
7203,6995,6967
7204,7011,6295
7205,6897,1867
7206,7138,7033
7207,7202,697
7208,7187,6909
7209,7060,6604
7210,7207,7079
7211,7210,6971
7212,7068,2320
7213,7073,5633
7214,6696,1444
7215,3816,2092
7216,6795,1608
7217,182,11
7218,7024,6891
7219,7174,780
7220,3789,2698
7221,7211,6458
7222,1418,921
7223,7157,3535
7224,7223,3723
7225,7057,6331
7226,7102,329
7227,2639,2182
7228,7097,5567
7229,7177,3589
7230,7221,3558
7231,6293,1851
7232,7088,696
7233,7199,633
7234,7018,6643
7235,7230,1792
7236,6915,6894
7237,7235,573
7238,7233,7152
7239,7237,7208
7240,6940,6712
7241,7107,7093
7242,7238,7103
7243,447,48
7244,7131,7086
7245,7198,1905
7246,1865,1102
7247,6843,2568
7248,6988,1105
7249,7242,530
7250,6617,628
7251,7249,7039
7252,7158,636
7253,3241,1630
7254,7156,6117
7255,6521,3628
7256,7064,7051
7257,2532,2526
7258,6890,3660
7259,6792,158
7260,6904,6856
7261,7251,2452
7262,7261,519
7263,7080,7016
7264,6893,3112
7265,7262,854
7266,7213,7194
7267,7203,7195
7268,2291,911
7269,7002,6851
7270,3641,1399
7271,7058,1940
7272,2611,2560
7273,7072,1893
7274,7265,7252
7275,7239,807
7276,7275,1947
7277,7178,3833
7278,7172,311
7279,7276,1443
7280,7077,7043
7281,6973,6862
7282,7219,7179
7283,6866,3990
7284,7026,3406
7285,7137,1791
7286,7032,3541
7287,7232,7120
7288,7279,7180
7289,7091,682
7290,7274,6916
7291,3034,2786
7292,6357,3537
7293,6908,6845
7294,7290,2610
7295,7294,1259
7296,7095,7025
7297,7295,1212
7298,6574,3673
7299,7206,6817
7300,6932,3485
7301,7123,6804
7302,2822,65
7303,7288,663
7304,7303,1604
7305,7297,2114
7306,7191,6934
7307,7305,817
7308,6814,2692
7309,7307,7299
7310,3680,3546
7311,7287,7260
7312,7304,2803
7313,6606,2672
7314,6577,2520
7315,2775,1755
7316,7289,1401
7317,7312,3830
7318,7098,2793
7319,7141,6579
7320,7019,1930
7321,7193,7109
7322,7317,7076
7323,7209,755
7324,7322,7285
7325,7056,869
7326,7324,961
7327,7162,1290
7328,7247,996
7329,7049,6899
7330,3644,1383
7331,7326,570
7332,7329,7144
7333,7059,1635
7334,7286,3784
7335,1419,568
7336,7112,6719
7337,1252,654
7338,7126,6958
7339,6833,2350
7340,6682,2722
7341,7309,1416
7342,7215,7062
7343,7331,7266
7344,7009,6888
7345,1573,1533
7346,725,641
7347,7341,7282
7348,7164,2894
7349,2647,2527
7350,7189,3786
7351,7142,6772
7352,7159,7105
7353,7200,7196
7354,7347,7183
7355,6768,6727
7356,7277,2668
7357,7241,1990
7358,7343,3525
7359,7047,458
7360,2918,1025
7361,7354,2574
7362,7361,1202
7363,7362,2419
7364,7167,6794
7365,7129,661
7366,7263,6765
7367,7363,3027
7368,7135,3304
7369,7321,6996
7370,7082,6773
7371,6977,3866
7372,7204,7166
7373,7316,7248
7374,7358,583
7375,7374,3815
7376,7301,7048
7377,7375,2554
7378,7258,890
7379,7377,2474
7380,7367,7356
7381,7218,6746
7382,7380,7176
7383,7050,785
7384,2666,2029
7385,7379,369
7386,7254,7244
7387,1730,245
7388,7323,968
7389,7014,116
7390,7173,1213
7391,3401,2274
7392,7271,6296
7393,7382,883
7394,6980,6903
7395,7393,774
7396,7385,3946
7397,7396,7149
7398,7278,2934
7399,7222,376
7400,7395,1837
7401,3965,3219
7402,3045,2528
7403,7400,1467
7404,7327,1911
7405,6863,1720
7406,7397,7272
7407,7280,1534
7408,7115,6895
7409,2089,1103
7410,7005,2846
7411,2549,2178
7412,7314,3455
7413,7065,3214
7414,3113,1944
7415,7283,7227
7416,7406,794
7417,7240,3766
7418,7125,2718
7419,7311,7245
7420,7403,7236
7421,7306,6535
7422,3739,294
7423,7332,2315
7424,7133,3516
7425,7420,832
7426,7423,7081
7427,7425,835
7428,7318,7146
7429,6741,647
7430,7416,2747
7431,7337,7231
7432,7357,7234
7433,7182,582
7434,7267,3790
7435,7334,7269
7436,7430,2425
7437,7365,7004
7438,7119,6871
7439,7427,7328
7440,7439,1090
7441,7440,7320
7442,7078,2356
7443,2774,421
7444,7436,7346
7445,7220,7101
7446,7444,910
7447,7145,2281
7448,2719,489
7449,7257,600
7450,7441,7292
7451,7255,7224
7452,6986,239
7453,7446,7268
7454,7426,566
7455,7229,7143
7456,7450,1293
7457,7456,2502
7458,7453,674
7459,7383,7034
7460,7372,556
7461,7419,7284
7462,7250,676
7463,3167,1771
7464,7457,2238
7465,1223,1165
7466,3760,3416
7467,3567,611
7468,7348,388
7469,7458,2401
7470,7273,6953
7471,7469,7246
7472,7388,756
7473,7186,6299
7474,7281,2031
7475,7140,1286
7476,7464,6749
7477,7454,7350
7478,7087,797
7479,7407,7169
7480,7479,7225
7481,7471,7398
7482,1848,60
7483,7386,7111
7484,7376,3901
7485,6816,1828
7486,7256,2469
7487,437,50
7488,7452,2054
7489,7477,7368
7490,3800,2974
7491,7483,2581
7492,7405,7366
7493,7481,7325
7494,7319,2492
7495,7476,7364
7496,7493,1140
7497,3159,2135
7498,7495,569
7499,7496,2418
7500,7499,695
7501,7500,7226
7502,7113,753
7503,7404,1754
7504,2944,897
7505,7300,3772
7506,2444,516
7507,7501,7381
7508,7296,7205
7509,7369,2699
7510,2592,1866
7511,7491,6818
7512,7472,861
7513,7498,7154
7514,7513,7461
7515,7216,2640
7516,7442,2434
7517,7351,18
7518,7228,1511
7519,7489,7421
7520,7013,947
7521,7413,3066
7522,7460,3412
7523,7507,733
7524,7523,2619
7525,7353,2517
7526,7411,7185
7527,7514,7433
7528,7214,2731
7529,7527,7484
7530,7524,7352
7531,7529,7399
7532,7470,609
7533,7512,7462
7534,7531,732
7535,7534,505
7536,7530,2756
7537,7536,7511
7538,7338,1961
7539,7497,7492
7540,2415,101
7541,577,507
7542,2843,770
7543,7390,2713
7544,7355,7344
7545,2876,1480
7546,7537,2362
7547,7451,7434
7548,2768,2214
7549,3759,1518
7550,2073,1027
7551,7532,3111
7552,7415,687
7553,7490,2645
7554,7535,7373
7555,7546,7030
7556,2998,2607
7557,7538,2670
7558,7554,7539
7559,7555,7503
7560,7509,7417
7561,7333,1869
7562,7559,2986
7563,6632,1296
7564,7163,3678
7565,7562,543
7566,7422,2365
7567,7474,7418
7568,950,612
7569,2407,1262
7570,7519,1565
7571,7435,1794
7572,2815,2518
7573,7557,7349
7574,7558,2732
7575,7571,7494
7576,7574,798
7577,7576,3886
7578,7437,2516
7579,3497,1813
7580,7521,3031
7581,7577,7449
7582,7581,0
7583,7582,7432
7584,7565,1696
7585,7584,2058
7586,7583,7468
7587,7410,3724
7588,3655,2392
7589,2888,57
7590,7573,986
7591,7044,3783
7592,7447,7313
7593,7455,7122
7594,7585,7360
7595,7463,726
7596,3935,550
7597,7594,7480
7598,7429,7371
7599,7412,7074
7600,7586,644
7601,7130,2903
7602,1858,1377
7603,7600,7485
7604,7570,7384
7605,3563,3559
7606,7525,7293
7607,3614,3523
7608,7543,1158
7609,7603,3566
7610,7505,7428
7611,7597,6923
7612,7609,7335
7613,3586,2922
7614,7566,7533
7615,512,154
7616,7590,7438
7617,7612,632
7618,2473,2180
7619,3468,1256
7620,7604,6981
7621,7617,3252
7622,7611,7336
7623,7621,7392
7624,3321,2137
7625,7622,7550
7626,7401,3119
7627,1888,525
7628,2059,502
7629,7625,7340
7630,2818,1652
7631,7508,7486
7632,7623,787
7633,7620,7085
7634,3125,120
7635,7629,7614
7636,7632,7516
7637,1946,1487
7638,7636,555
7639,7638,7633
7640,3838,821
7641,7635,1070
7642,7641,833
7643,7560,7431
7644,7445,1229
7645,7389,7063
7646,7642,7552
7647,7551,7243
7648,7587,3013
7649,7639,7515
7650,7599,7459
7651,7649,3568
7652,7253,3093
7653,7624,7448
7654,2906,2710
7655,7644,7504
7656,7647,7402
7657,2041,1123
7658,7378,7270
7659,7646,1574
7660,7659,1764
7661,7465,44
7662,7598,788
7663,7414,7188
7664,7478,7315
7665,2780,840
7666,7518,7264
7667,7467,450
7668,7651,2284
7669,7668,1179
7670,7669,7575
7671,3474,3025
7672,7526,962
7673,7660,321
7674,7298,6168
7675,7601,7408
7676,6938,3828
7677,7488,3598
7678,7394,3099
7679,7593,7549
7680,7217,6975
7681,7673,2758
7682,7681,2628
7683,7359,7151
7684,7667,7308
7685,7545,7473
7686,7664,2898
7687,7572,7302
7688,7682,677
7689,7578,7466
7690,7670,3357
7691,7212,858
7692,7690,1288
7693,7692,2845
7694,7029,3562
7695,7693,7606
7696,7561,3597
7697,7643,1301
7698,7695,621
7699,7698,7345
7700,7687,3179
7701,7679,7522
7702,7672,7339
7703,7688,7653
7704,7592,7443
7705,7605,7291
7706,7703,1698
7707,7342,7175
7708,7699,7602
7709,7665,7520
7710,7482,4909
7711,7706,1060
7712,7711,665
7713,7645,7631
7714,7708,7542
7715,7613,7610
7716,7656,7588
7717,7370,978
7718,7596,1198
7719,7655,2991
7720,7714,7475
7721,7720,1222
7722,7721,7677
7723,7712,690
7724,852,589
7725,6430,2752
7726,7723,7528
7727,7580,3070
7728,7674,7547
7729,3999,2879
7730,7506,2852
7731,7726,584
7732,7722,7691
7733,7732,1115
7734,7564,7391
7735,2191,1898
7736,7733,2321
7737,7544,7541
7738,7731,121
7739,7738,7700
7740,7739,7568
7741,7736,7330
7742,7616,1607
7743,991,592
7744,2351,2231
7745,7061,2163
7746,7741,7715
7747,7740,2923
7748,7689,2890
7749,7746,2126
7750,7749,7742
7751,7697,290
7752,7716,3741
7753,7750,3718
7754,7678,7038
7755,6999,3720
7756,7753,2488
7757,7747,953
7758,7757,7661
7759,980,308
7760,7758,1086
7761,7756,7630
7762,7760,2709
7763,7548,2789
7764,7748,7684
7765,7762,2596
7766,7765,782
7767,7761,7563
7768,7767,7737
7769,7567,954
7770,2606,938
7771,7579,7510
7772,7768,941
7773,7766,7615
7774,7773,7591
7775,7685,3659
7776,7701,2613
7777,7100,578
7778,2806,2504
7779,7751,1438
7780,7772,2044
7781,7709,2936
7782,7774,7725
7783,2142,132
7784,7780,7553
7785,7752,277
7786,847,596
7787,7618,1302
7788,7782,2140
7789,6597,3731
7790,7784,871
7791,7790,1735
7792,7791,7424
7793,7705,1830
7794,7785,7719
7795,7792,2144
7796,7627,7607
7797,7795,7713
7798,7788,7595
7799,7517,3942
7800,7663,7654
7801,7769,1809
7802,7797,7619
7803,7802,7779
7804,7776,7724
7805,7735,7702
7806,7683,7634
7807,7648,7409
7808,7803,3963
7809,7798,386
7810,7809,7775
7811,7801,7666
7812,7662,3897
7813,7794,7745
7814,7754,7728
7815,7814,3809
7816,7810,7787
7817,7816,7640
7818,3796,973
7819,7704,2749
7820,7804,3955
7821,7808,7717
7822,7821,3652
7823,7817,2681
7824,7502,3180
7825,7608,2905
7826,7822,7658
7827,6575,3196
7828,2942,2737
7829,6705,3777
7830,7826,3780
7831,7830,7823
7832,2541,22
7833,7626,3361
7834,3936,2032
7835,1769,1389
7836,7764,668
7837,7686,3862
7838,7628,3174
7839,7805,7744
7840,3779,2985
7841,7831,7718
7842,3794,3067
7843,7815,7540
7844,7843,7696
7845,7836,7763
7846,7820,3268
7847,7846,3217
7848,1705,156
7849,7841,7781
7850,7839,2017
7851,7849,7657
7852,7850,7637
7853,7650,1522
7854,7851,3994
7855,7854,3810
7856,7813,1845
7857,7855,7727
7858,7150,1969
7859,7856,7707
7860,7819,7730
7861,7818,7783
7862,7853,718
7863,7812,7675
7864,3654,2823
7865,7487,379
7866,7811,7734
7867,7860,7845
7868,7844,2733
7869,7866,7806
7870,7857,7786
7871,3872,1519
7872,3353,247
7873,7870,3542
7874,7873,7778
7875,7874,7837
7876,7875,7824
7877,7876,7770
7878,3937,267
7879,7847,7807
7880,7000,2061
7881,7877,7840
7882,7859,462
7883,7863,7862
7884,7881,7867
7885,7884,1455
7886,7882,7793
7887,7871,7759
7888,7729,2363
7889,7833,728
7890,7869,7671
7891,7885,3548
7892,7891,1023
7893,7892,2800
7894,7865,7680
7895,3692,2706
7896,7895,7893
7897,7896,7852
7898,7897,563
7899,7868,7827
7900,7899,7743
7901,7898,402
7902,7879,3323
7903,3511,2587
7904,7799,7694
7905,7901,7825
7906,7834,2989
7907,2909,754
7908,7652,1464
7909,7777,7676
7910,7842,3765
7911,7872,7789
7912,7890,7832
7913,7905,7894
7914,7913,7878
7915,7914,1236
7916,7915,1542
7917,7916,64
7918,7886,864
7919,7838,870
7920,7771,7589
7921,7917,513
7922,3030,1842
7923,7902,7883
7924,7921,1678
7925,7904,7710
7926,7900,7387
7927,7924,7864
7928,7927,2826
7929,7928,7912
7930,7929,2841
7931,3782,3746
7932,7907,930
7933,7888,2702
7934,7906,7889
7935,7755,380
7936,7930,1436
7937,7936,7835
7938,7828,2821
7939,2819,1906
7940,7926,34
7941,7940,2566
7942,7937,3926
7943,7796,7259
7944,7800,2573
7945,7942,7861
7946,7941,7923
7947,7946,7910
7948,7918,2512
7949,7919,7569
7950,7945,3719
7951,7950,7887
7952,7951,7848
7953,7952,393
7954,7953,1953
7955,7954,7829
7956,7908,7556
7957,7911,3191
7958,7948,7944
7959,7958,71
7960,7955,7932
7961,7960,7920
7962,7961,7903
7963,7962,7938
7964,7963,7939
7965,7964,2147
7966,7947,7943
7967,7966,917
7968,3141,160
7969,7965,7858
7970,7969,7959
7971,7970,7909
7972,7971,7949
7973,7972,7933
7974,7957,7880
7975,7935,3502
7976,7973,2683
7977,7976,2626
7978,7977,1046
7979,7978,7956
7980,7967,3538
7981,7980,2111
7982,7975,3894
7983,7982,7979
7984,7983,7934
7985,7984,7968
7986,7985,534
7987,7981,3927
7988,7986,7974
7989,7988,7925
7990,7987,3745
7991,7990,3715
7992,7989,3599
7993,7992,7991
7994,7993,7310
7995,7994,7931
7996,7922,651
7997,7996,7995
7998,7997,3010
