4000,2338,1598
4001,3643,2145
4002,4001,3885
4003,4000,3261
4004,2279,2030
4005,2340,2138
4006,4002,3977
4007,3069,1281
4008,3686,2860
4009,4007,2309
4010,4003,2395
4011,4004,477
4012,3539,3526
4013,4009,2133
4014,3827,3712
4015,4006,2497
4016,4010,1315
4017,3755,2746
4018,1242,433
4019,4005,96
4020,4013,2559
4021,4015,3292
4022,4011,2243
4023,3707,2374
4024,3950,1201
4025,4021,3920
4026,4019,1951
4027,3650,2070
4028,4020,2051
4029,4028,33
4030,4022,2306
4031,4024,3763
4032,4027,1013
4033,4018,2383
4034,3768,3346
4035,1926,1857
4036,3068,3036
4037,4025,1219
4038,4016,3208
4039,4030,2661
4040,1096,390
4041,3290,150
4042,4037,3377
4043,3600,3427
4044,4033,1098
4045,4032,2387
4046,4026,94
4047,4038,2403
4048,3530,3108
4049,4029,4023
4050,3928,3666
4051,4031,3689
4052,3860,3088
4053,4039,3110
4054,2430,2287
4055,3023,41
4056,3153,1177
4057,4045,74
4058,4052,4017
4059,409,207
4060,4042,1073
4061,3298,2118
4062,4047,4043
4063,3448,3234
4064,4058,3260
4065,4012,117
4066,4049,2074
4067,4044,53
4068,4041,3033
4069,4060,4048
4070,3095,2259
4071,2331,2302
4072,3019,47
4073,4062,1357
4074,2582,220
4075,4069,3734
4076,4066,4056
4077,3970,79
4078,4073,3300
4079,4075,4008
4080,4067,4040
4081,4014,3146
4082,3279,3015
4083,389,20
4084,3711,3691
4085,4050,4035
4086,4078,4051
4087,4055,3203
4088,3919,3899
4089,4068,3856
4090,3982,2264
4091,4076,2339
4092,2057,1649
4093,4053,2849
4094,3698,3555
4095,2222,1742
4096,4079,3998
4097,4072,3057
4098,4096,2466
4099,3429,3276
4100,3319,3259
4101,2464,1984
4102,4087,4085
4103,1131,815
4104,4064,3606
4105,4081,1188
4106,4046,4036
4107,4034,3681
4108,4065,1084
4109,4090,1137
4110,4106,4086
4111,3770,3391
4112,3610,3601
4113,4091,4054
4114,4101,4098
4115,3496,43
4116,398,367
4117,2099,2035
4118,3695,1523
4119,4080,2164
4120,4093,2008
4121,4104,2729
4122,1838,1544
4123,4114,4061
4124,3805,3022
4125,4077,3064
4126,4089,3246
4127,4070,1657
4128,4074,490
4129,215,77
4130,4057,2294
4131,3633,135
4132,4105,4095
4133,4126,4107
4134,4120,1154
4135,2662,1093
4136,4088,3908
4137,4071,1881
4138,4119,4103
4139,4132,3438
4140,2120,497
4141,2580,429
4142,4110,124
4143,3456,3173
4144,4063,1144
4145,1446,1018
4146,4111,3447
4147,4134,1892
4148,3047,2317
4149,4136,4097
4150,2679,1439
4151,4142,4122
4152,1778,1133
4153,4113,2232
4154,3205,1968
4155,3629,3244
4156,2273,2199
4157,253,112
4158,4143,4099
4159,4117,3561
4160,4153,3799
4161,4138,714
4162,4121,3083
4163,4123,2443
4164,3359,3187
4165,4092,2378
4166,4135,4131
4167,4083,3909
4168,4059,3753
4169,410,138
4170,3183,3004
4171,4161,4147
4172,151,86
4173,4148,2328
4174,4163,4139
4175,285,75
4176,401,368
4177,4125,1647
4178,4137,204
4179,1834,251
4180,4151,3954
4181,4133,4115
4182,4128,4108
4183,2536,1195
4184,3943,2104
4185,3365,3310
4186,2244,2233
4187,3769,3683
4188,4124,2391
4189,3403,1566
4190,2477,1675
4191,4180,3459
4192,1489,1478
4193,4156,3229
4194,3441,246
4195,2181,465
4196,4152,1349
4197,4174,4084
4198,2522,1631
4199,2886,1536
4200,4173,4130
4201,2071,168
4202,1481,353
4203,1150,1052
4204,3506,2149
4205,4102,1928
4206,3961,1513
4207,4191,1425
4208,1347,371
4209,4116,72
4210,2685,1890
4211,3131,89
4212,4160,3100
4213,4162,4154
4214,3220,243
4215,4145,1321
4216,4197,2438
4217,4166,1039
4218,449,152
4219,3098,1924
4220,3554,1777
4221,4127,1734
4222,4149,3717
4223,3449,3029
4224,4212,1504
4225,4177,4170
4226,231,107
4227,4168,3596
4228,3905,3902
4229,4158,3674
4230,4225,4216
4231,4189,1265
4232,4109,3469
4233,2832,1423
4234,4190,1567
4235,3184,3094
4236,4224,4217
4237,4178,146
4238,4214,4094
4239,4181,4155
4240,4200,4165
4241,1661,501
4242,2412,1220
4243,62,12
4244,4210,4118
4245,4211,237
4246,4146,3374
4247,4129,2816
4248,3761,97
4249,3495,3198
4250,4207,3254
4251,4232,4171
4252,453,261
4253,1275,1082
4254,4205,1283
4255,4176,392
4256,4236,901
4257,4250,4204
4258,4182,170
4259,4239,2564
4260,4240,1338
4261,4256,2487
4262,4184,2511
4263,4169,354
4264,4193,1292
4265,4233,3814
4266,4188,2523
4267,3671,1107
4268,1342,963
4269,1772,1589
4270,257,59
4271,4192,1815
4272,4254,1020
4273,4112,2368
4274,3967,2352
4275,4238,4213
4276,4257,1886
4277,4100,3959
4278,4198,1825
4279,1334,1272
4280,4195,3846
4281,4259,1747
4282,3781,252
4283,4261,1676
4284,4221,3051
4285,4247,73
4286,1433,357
4287,3369,413
4288,2183,2129
4289,4269,3529
4290,4251,2632
4291,3294,1615
4292,4264,4206
4293,4230,3269
4294,4208,3382
4295,2192,2064
4296,4260,1840
4297,4243,171
4298,2393,2337
4299,4159,2301
4300,4227,2878
4301,4201,2353
4302,4276,103
4303,4244,2550
4304,3457,2680
4305,4283,762
4306,3440,3243
4307,2343,1040
4308,4293,3400
4309,4255,119
4310,4281,3819
4311,4229,3356
4312,4237,3137
4313,4272,3212
4314,4305,3164
4315,4082,1979
4316,4302,4284
4317,4308,3670
4318,2255,2174
4319,4314,2007
4320,3307,3041
4321,4141,9
4322,4317,2256
4323,4248,3958
4324,4290,4175
4325,4296,1692
4326,3085,2546
4327,3470,1941
4328,4313,4199
4329,3372,2380
4330,1577,1035
4331,4241,722
4332,4310,3742
4333,3514,1991
4334,4325,2308
4335,3904,3079
4336,495,403
4337,3966,3922
4338,1180,527
4339,4179,1430
4340,3907,1457
4341,3413,2844
4342,4319,2010
4343,2314,1311
4344,3395,46
4345,1087,880
4346,4306,4222
4347,4246,4235
4348,2432,2375
4349,4271,4245
4350,3708,1826
4351,4332,4220
4352,4297,1329
4353,3869,3210
4354,4288,4172
4355,3192,2193
4356,4324,4183
4357,3366,1122
4358,3332,2176
4359,4292,1557
4360,440,218
4361,3540,1400
4362,4326,2329
4363,4316,4312
4364,4331,4203
4365,1068,793
4366,4328,1708
4367,3384,287
4368,4299,3588
4369,4263,2565
4370,4342,3900
4371,4266,3820
4372,4300,3826
4373,4167,4144
4374,3373,2584
4375,1835,1605
4376,4356,742
4377,3221,1295
4378,2507,2202
4379,2514,1746
4380,4366,4343
4381,2218,1141
4382,3385,1994
4383,4322,4196
4384,4301,2988
4385,4376,4265
4386,4370,219
4387,4334,1168
4388,3103,2455
4389,4274,192
4390,260,255
4391,1601,37
4392,4347,4311
4393,4386,115
4394,3375,3222
4395,442,281
4396,4393,3299
4397,3773,3273
4398,2276,17
4399,4315,1497
4400,4285,1375
4401,3136,491
4402,4268,1814
4403,1877,1320
4404,4223,370
4405,1193,1006
4406,3721,4
4407,4363,4289
4408,4387,2332
4409,4351,3285
4410,4383,4234
4411,3286,3018
4412,4396,3971
4413,3626,3510
4414,4275,876
4415,3213,1266
4416,4359,3743
4417,4267,1230
4418,3910,1660
4419,4412,1282
4420,4150,2917
4421,4278,3123
4422,3831,3225
4423,4219,1126
4424,3306,929
4425,4385,987
4426,200,167
4427,1967,1856
4428,3211,3209
4429,3778,1603
4430,4409,3785
4431,4407,3043
4432,4298,2282
4433,1757,460
4434,2472,1251
4435,3314,317
4436,4431,3504
4437,4402,508
4438,4371,3258
4439,4321,184
4440,4253,1308
4441,2344,1299
4442,4419,1398
4443,4404,3675
4444,4282,307
4445,4425,1114
4446,4430,4303
4447,4416,1132
4448,4164,279
4449,4442,1037
4450,3547,2335
4451,4421,1239
4452,4187,4140
4453,4414,4392
4454,3160,3087
4455,4280,2388
4456,4368,3802
4457,4372,2108
4458,4436,4374
4459,4360,300
4460,3399,2759
4461,1125,626
4462,4408,2081
4463,4242,3329
4464,4215,1463
4465,4304,3590
4466,4389,343
4467,4380,344
4468,4445,658
4469,4294,3986
4470,439,108
4471,4277,3918
4472,1498,1224
4473,4287,2240
4474,3394,3257
4475,4458,1883
4476,4410,4327
4477,4345,3387
4478,4449,1337
4479,4375,339
4480,3921,1552
4481,4352,310
4482,4438,4231
4483,4468,4365
4484,3283,3193
4485,4478,4361
4486,4475,2047
4487,4323,1758
4488,4446,2877
4489,4262,2955
4490,4467,3297
4491,4373,3634
4492,2928,314
4493,4355,4286
4494,4349,1737
4495,2962,1127
4496,438,259
4497,4400,298
4498,3228,2367
4499,4369,3854
4500,4333,4258
4501,4185,3488
4502,4471,3309
4503,3172,1450
4504,4486,1306
4505,4338,1367
4506,4320,1083
4507,4504,4411
4508,4485,4462
4509,2621,1868
4510,4367,4307
4511,4476,4384
4512,3347,500
4513,4490,2911
4514,3101,1503
4515,3313,1831
4516,4477,2103
4517,4466,4447
4518,3825,2938
4519,906,15
4520,4483,1186
4521,4186,1079
4522,4364,1505
4523,4480,4451
4524,4273,3527
4525,470,51
4526,3340,2423
4527,4399,1529
4528,4346,2297
4529,4520,4354
4530,4461,4339
4531,587,118
4532,4456,3132
4533,3002,1384
4534,4279,1579
4535,2085,1710
4536,4270,423
4537,3944,3574
4538,4528,2056
4539,4513,1368
4540,4488,3178
4541,4511,1959
4542,4455,1372
4543,3128,3046
4544,2361,1415
4545,4391,2360
4546,4529,2097
4547,3185,2742
4548,4539,3960
4549,4417,1646
4550,4295,1051
4551,4403,1017
4552,4540,1101
4553,4401,2450
4554,4514,4418
4555,4507,1434
4556,4500,3709
4557,3517,3472
4558,2686,629
4559,292,238
4560,3638,3492
4561,425,337
4562,4541,2105
4563,4552,4453
4564,1876,360
4565,4555,3648
4566,4508,1606
4567,1382,935
4568,4228,3945
4569,4566,2420
4570,2234,210
4571,4473,199
4572,4405,3056
4573,4565,1537
4574,498,275
4575,4506,3090
4576,3836,3378
4577,4341,3868
4578,4335,3479
4579,4573,4517
4580,4546,4497
4581,4202,2170
4582,3171,104
4583,4420,286
4584,3197,1424
4585,1530,1379
4586,4567,4548
4587,4348,2015
4588,4530,4427
4589,2751,2608
4590,4532,1819
4591,4522,4499
4592,4554,4482
4593,236,202
4594,4489,1091
4595,2567,838
4596,4381,1417
4597,4437,1586
4598,4549,4377
4599,1333,1297
4600,4440,1386
4601,4249,1917
4602,4562,2508
4603,420,318
4604,106,42
4605,1860,1643
4606,4586,4569
4607,4329,1619
4608,4362,68
4609,4580,4494
4610,3895,860
4611,3021,270
4612,4602,4423
4613,4505,4459
4614,4519,4441
4615,2534,879
4616,2296,784
4617,2060,1591
4618,4465,1029
4619,4579,4516
4620,4209,350
4621,4556,3762
4622,4330,2185
4623,2454,189
4624,4491,4413
4625,4559,4309
4626,2480,1095
4627,3940,3722
4628,179,61
4629,3238,331
4630,4515,3775
4631,4502,3694
4632,1204,88
4633,4524,4429
4634,4406,291
4635,2326,1041
4636,4521,3236
4637,4544,2880
4638,4581,1681
4639,4576,4194
4640,3024,1585
4641,4394,3084
4642,805,635
4643,4619,4493
4644,4609,4378
4645,299,186
4646,4452,4218
4647,3061,3003
4648,334,258
4649,1914,778
4650,4612,1304
4651,3669,1206
4652,2943,2836
4653,4543,3887
4654,4503,949
4655,2812,2792
4656,4509,1885
4657,4397,452
4658,4457,4395
4659,3402,3322
4660,4553,2646
4661,4358,3189
4662,4594,3914
4663,2861,1894
4664,4598,3622
4665,4611,129
4666,1923,1648
4667,4536,4439
4668,2637,2088
4669,4613,1602
4670,4542,278
4671,4643,3255
4672,4379,2150
4673,4527,4510
4674,4382,4291
4675,4534,979
4676,2638,2354
4677,4671,3972
4678,4432,2096
4679,3653,3581
4680,4550,395
4681,1787,1257
4682,4450,2509
4683,4644,1560
4684,2547,1345
4685,1435,1028
4686,4588,1217
4687,4677,4472
4688,4577,3624
4689,2130,1253
4690,4523,2366
4691,4649,3859
4692,4398,1350
4693,4618,1919
4694,4659,2827
4695,4664,4650
4696,4653,4590
4697,3817,2143
4698,4606,4591
4699,4434,4426
4700,4673,1422
4701,1761,1216
4702,2602,1044
4703,4512,4463
4704,4634,4563
4705,4474,1976
4706,4687,1034
4707,4623,4538
4708,3165,2760
4709,3312,229
4710,3435,1891
4711,4621,1291
4712,1693,400
4713,4583,1471
4714,4706,2160
4715,4444,280
4716,4646,3929
4717,4564,1707
4718,4683,916
4719,4714,4592
4720,4422,3877
4721,3824,2993
4722,3170,1656
4723,4637,2691
4724,4704,4624
4725,3155,2372
4726,4603,272
4727,4695,4587
4728,2757,1108
4729,796,739
4730,4663,4571
4731,4578,3232
4732,3849,3619
4733,2881,837
4734,3803,397
4735,4469,416
4736,4600,3615
4737,4727,2781
4738,4336,418
4739,2594,705
4740,2112,1429
4741,4496,3835
4742,4702,4388
4743,4698,1187
4744,4660,2414
4745,4690,1393
4746,4672,2978
4747,4665,3049
4748,3397,3161
4749,4669,1164
4750,4595,791
4751,4718,4700
4752,4686,412
4753,4484,3499
4754,4743,1904
4755,4560,1821
4756,3705,468
4757,4479,2866
4758,4719,4596
4759,4668,2300
4760,4754,4599
4761,4749,4614
4762,1913,1645
4763,4711,1390
4764,4622,4357
4765,3345,1611
4766,3735,2635
4767,4744,2485
4768,4737,975
4769,4751,28
4770,4424,1104
4771,3380,268
4772,4443,1454
4773,1274,1067
4774,1376,923
4775,4344,3996
4776,4760,4638
4777,4713,1237
4778,4776,2136
4779,4769,1214
4780,4688,4662
4781,4350,3078
4782,4626,4535
4783,4340,283
4784,3764,1209
4785,2152,1580
4786,4752,4675
4787,3432,1348
4788,984,70
4789,4157,143
4790,3354,3122
4791,4558,1510
4792,4252,223
4793,4735,4689
4794,312,91
4795,4657,4518
4796,1925,1810
4797,4758,4635
4798,4654,358
4799,4353,3407
4800,3481,2910
4801,4470,6
4802,4585,2310
4803,2248,1452
4804,2678,2148
4805,4572,2260
4806,4667,4525
4807,4724,4656
4808,4755,1532
4809,4608,4337
4810,3995,2169
4811,1551,1002
4812,2837,2798
4813,4778,3348
4814,3169,2738
4815,4775,1824
4816,4501,1548
4817,4733,4498
4818,4730,3892
4819,4720,4633
4820,4741,4705
4821,4782,4597
4822,4779,4684
4823,3818,3360
4824,4574,196
4825,4648,346
4826,4802,776
4827,4762,4681
4828,3728,3318
4829,4415,3871
4830,4770,2078
4831,1870,1562
4832,4780,4750
4833,4495,1033
4834,3932,435
4835,3331,383
4836,4708,579
4837,3913,2006
4838,4699,1075
4839,3858,3251
4840,4604,4481
4841,4435,266
4842,4777,1076
4843,4658,639
4844,4797,3642
4845,872,476
4846,4454,3073
4847,4670,2311
4848,4652,3812
4849,4655,2926
4850,4740,2107
4851,4682,1878
4852,4531,2711
4853,4844,2676
4854,4813,3984
4855,4807,4747
4856,4610,1613
4857,4640,3657
4858,4636,2458
4859,4734,134
4860,4726,161
4861,4448,3417
4862,4768,2286
4863,4547,1119
4864,4601,2075
4865,4616,3127
4866,4433,2348
4867,2743,303
4868,4694,3875
4869,4676,2687
4870,4794,4487
4871,4832,4822
4872,3702,1032
4873,1729,191
4874,1402,365
4875,3376,3016
4876,4723,2557
4877,4766,4460
4878,4854,915
4879,2761,2677
4880,3821,2207
4881,3571,2324
4882,4631,25
4883,2408,1507
4884,4763,137
4885,1572,424
4886,4878,4761
4887,2825,2593
4888,4853,662
4889,4838,4742
4890,4627,4537
4891,149,10
4892,1614,1269
4893,4753,4630
4894,4757,1085
4895,4607,2854
4896,4888,1859
4897,3985,3218
4898,3182,2641
4899,4725,2098
4900,3339,1739
4901,4575,3730
4902,4584,3806
4903,4871,940
4904,1370,407
4905,4896,1322
4906,3162,1460
4907,4826,4745
4908,4855,4557
4909,316,306
4910,3651,256
4911,4764,3487
4912,4736,2376
4913,4625,273
4914,3039,892
4915,4862,2572
4916,4716,4226
4917,4691,3428
4918,972,736
4919,3832,3797
4920,1686,363
4921,4645,351
4922,4905,4680
4923,993,765
4924,4886,4318
4925,4696,3544
4926,4615,1156
4927,4746,4678
4928,4703,1473
4929,4772,4641
4930,4721,475
4931,4915,4793
4932,4908,2996
4933,4617,4570
4934,4924,4786
4935,4791,849
4936,4932,1590
4937,2390,593
4938,4551,1319
4939,1247,790
4940,4903,1062
4941,4701,1827
4942,4895,3625
4943,4936,4861
4944,4639,1327
4945,4922,4767
4946,4836,4729
4947,466,313
4948,712,545
4949,4847,1353
4950,4693,4390
4951,4545,4492
4952,1394,434
4953,1359,843
4954,4561,133
4955,4907,122
4956,4940,789
4957,3409,2947
4958,4858,3792
4959,1795,1358
4960,1748,1674
4961,4876,4812
4962,1437,1210
4963,4943,4857
4964,4738,4628
4965,4942,2091
4966,4759,1113
4967,4863,1973
4968,4820,694
4969,4710,4707
4970,3751,2542
4971,933,610
4972,4927,4661
4973,4865,4829
4974,4912,4850
4975,4842,1211
4976,2079,1414
4977,4945,1022
4978,185,67
4979,3081,716
4980,4818,3549
4981,4804,2456
4982,4901,2885
4983,3231,803
4984,4873,1839
4985,4882,4620
4986,4977,4917
4987,4852,3631
4988,4833,862
4989,1494,175
4990,3215,3006
4991,3672,446
4992,4883,4827
4993,4533,3873
4994,4935,2470
4995,4845,4679
4996,3311,2895
4997,4568,3632
4998,4934,4856
4999,176,31
5000,3964,2313
5001,4986,4974
5002,4968,3052
5003,4464,2251
5004,4816,4674
5005,3948,2495
5006,2465,2215
5007,4956,3009
5008,274,205
5009,4931,2379
5010,1811,496
5011,3852,3074
5012,4849,2829
5013,4821,1559
5014,3404,1571
5015,4632,1561
5016,4843,148
5017,457,56
5018,2671,1927
5019,5005,5001
5020,4944,3978
5021,4771,2788
5022,1408,529
5023,2019,1194
5024,2278,1709
5025,4996,2371
5026,5007,4788
5027,4806,3532
5028,5009,4859
5029,4992,4961
5030,3822,3661
5031,4848,3682
5032,4831,1279
5033,4799,2848
5034,4963,4808
5035,4765,3437
5036,5019,1666
5037,5026,540
5038,3729,232
5039,4728,2615
5040,4926,2945
5041,4998,4774
5042,4929,4928
5043,2494,2168
5044,4841,194
5045,2258,686
5046,4949,4582
5047,4980,2970
5048,3265,3082
5049,5034,3884
5050,4872,1965
5051,3991,2189
5052,415,254
5053,4717,1340
5054,5013,1111
5055,3925,1388
5056,4925,4874
5057,1622,1456
5058,4685,1285
5059,4809,3202
5060,3665,233
5061,4860,4840
5062,4803,2141
5063,4798,263
5064,3392,3158
5065,4783,1218
5066,5041,4987
5067,3020,302
5068,1932,1466
5069,4946,4894
5070,1768,296
5071,4815,1313
5072,3744,2995
5073,4692,2929
5074,5028,4971
5075,4952,4902
5076,3389,304
5077,3865,2467
5078,5071,4712
5079,4938,1677
5080,4526,1021
5081,3483,13
5082,5066,4889
5083,4884,743
5084,2643,1986
5085,4805,750
5086,426,187
5087,4731,3855
5088,5053,1410
5089,3630,1701
5090,2461,541
5091,178,84
5092,4939,781
5093,5049,3837
5094,4972,4965
5095,2665,2590
5096,4995,4911
5097,5037,517
5098,5093,4982
5099,4801,493
5100,1697,1324
5101,3275,3035
5102,4846,1651
5103,2634,2134
5104,5082,2139
5105,1691,1030
5106,3602,3505
5107,481,87
5108,2897,2891
5109,451,130
5110,5036,4970
5111,4899,2714
5112,4651,2157
5113,504,319
5114,1395,419
5115,5104,1184
5116,5097,4887
5117,5059,2220
5118,5115,2847
5119,5020,848
5120,5110,1952
5121,4966,601
5122,4864,4589
5123,4787,1181
5124,5054,2436
5125,5050,5027
5126,5074,2082
5127,4870,1134
5128,5120,5051
5129,4869,2493
5130,1170,572
5131,5116,606
5132,4988,2907
5133,5079,1129
5134,5126,203
5135,3396,3007
5136,5083,1833
5137,5094,2023
5138,4913,1655
5139,5131,2712
5140,4795,3500
5141,5002,1704
5142,4814,3931
5143,5098,190
5144,4890,3256
5145,5134,4958
5146,5056,2750
5147,4921,1950
5148,5128,5025
5149,5118,4933
5150,5139,1445
5151,4900,4868
5152,1916,1116
5153,5143,4973
5154,5016,4920
5155,4819,524
5156,5150,3104
5157,5047,4919
5158,4955,995
5159,3017,444
5160,4951,1323
5161,4914,2476
5162,5156,1167
5163,4739,38
5164,944,800
5165,1516,1365
5166,3896,3062
5167,3663,624
5168,5137,2327
5169,4866,1714
5170,4969,473
5171,1280,1149
5172,5148,2385
5173,2072,772
5174,2785,227
5175,5162,1396
5176,5149,5029
5177,5154,3898
5178,5073,4923
5179,5172,2530
5180,2633,2323
5181,4647,3248
5182,4904,1346
5183,1543,111
5184,5179,5087
5185,5146,4810
5186,5175,4975
5187,5021,2543
5188,5039,4950
5189,5160,2228
5190,5169,4941
5191,5176,5069
5192,4981,3383
5193,4994,2462
5194,5043,5003
5195,4800,4605
5196,5086,5044
5197,1749,411
5198,467,322
5199,4891,348
5200,3989,3591
5201,5141,3509
5202,5145,3536
5203,5184,4796
5204,5085,3227
5205,5024,4830
5206,4789,1
5207,3949,3811
5208,4781,3531
5209,1175,1094
5210,2896,2254
5211,5153,659
5212,5186,990
5213,4893,2570
5214,2961,604
5215,2883,297
5216,5202,3293
5217,5211,5203
5218,3791,2965
5219,5010,4715
5220,5191,3953
5221,5220,1016
5222,5177,751
5223,461,406
5224,717,528
5225,5216,1441
5226,4867,3342
5227,5124,1897
5228,5158,2753
5229,5119,1568
5230,4906,3054
5231,4897,2688
5232,5076,1776
5233,3952,2252
5234,3874,1061
5235,5217,1502
5236,4979,4851
5237,1361,1238
5238,5012,4756
5239,5212,1050
5240,4993,4709
5241,3350,3305
5242,5057,4984
5243,3616,3462
5244,3947,1793
5245,5061,4885
5246,5193,1784
5247,5222,1818
5248,5168,1120
5249,5100,2188
5250,441,341
5251,4828,3442
5252,2486,1563
5253,387,144
5254,5095,4962
5255,5138,5038
5256,5102,4985
5257,5221,5045
5258,3494,1499
5259,3418,1600
5260,3296,1832
5261,2446,2009
5262,2990,1391
5263,5185,5096
5264,4948,605
5265,2411,155
5266,5133,5070
5267,4877,3649
5268,5052,3117
5269,5155,5004
5270,3639,3618
5271,5257,1263
5272,3289,1679
5273,5035,4983
5274,2478,1354
5275,3795,1403
5276,4976,1634
5277,1642,1624
5278,2656,212
5279,5271,5228
5280,5072,109
5281,3058,234
5282,1638,602
5283,3235,7
5284,5201,1665
5285,5239,3801
5286,3201,1312
5287,4839,2213
5288,5225,598
5289,5227,1740
5290,5092,2933
5291,1409,565
5292,5164,5125
5293,4964,52
5294,3336,2810
5295,3224,1054
5296,5015,510
5297,5033,4880
5298,5065,5011
5299,1109,586
5300,5136,197
5301,4835,1515
5302,4823,2952
5303,5279,746
5304,3048,436
5305,2652,1508
5306,5032,3464
5307,5288,1626
5308,5157,3452
5309,2673,55
5310,5151,1351
5311,3433,3154
5312,5303,3594
5313,5231,1472
5314,3710,1763
5315,5195,1128
5316,5189,1066
5317,1721,1183
5318,5187,2720
5319,5285,5040
5320,5127,2625
5321,1008,58
5322,4967,2551
5323,5235,904
5324,5105,1863
5325,5312,5242
5326,5256,1852
5327,4898,2405
5328,5170,333
5329,4773,1072
5330,5307,2116
5331,5289,1146
5332,2856,157
5333,5248,4837
5334,5319,982
5335,5132,1625
5336,5182,5152
5337,5077,5063
5338,5308,5214
5339,3697,1796
5340,5123,2867
5341,3270,2716
5342,3303,142
5343,5323,1461
5344,5166,5144
5345,5343,5284
5346,3121,2510
5347,4824,24
5348,5194,1009
5349,5330,5000
5350,3696,3115
5351,2599,865
5352,5046,2039
5353,2705,655
5354,5161,1250
5355,5316,5142
5356,5088,5060
5357,4916,3668
5358,5345,5078
5359,5188,2266
5360,3611,2269
5361,5117,4784
5362,165,30
5363,5244,3767
5364,4930,377
5365,1191,588
5366,3419,2767
5367,5325,5237
5368,5062,4959
5369,5349,3071
5370,3086,1381
5371,5334,5300
5372,1594,836
5373,5042,3560
5374,2146,2127
5375,5204,5080
5376,2165,1569
5377,3038,2778
5378,5367,909
5379,5246,710
5380,2406,1706
5381,3055,2853
5382,2457,1042
5383,5331,5190
5384,5075,1117
5385,5328,382
5386,4989,4879
5387,1316,325
5388,3575,3126
5389,3756,1802
5390,4697,2463
5391,4666,1244
5392,347,327
5393,5378,2864
5394,5213,3550
5395,5147,139
5396,5338,2707
5397,5130,928
5398,5371,1694
5399,4997,3736
5400,5369,2745
5401,5247,332
5402,5293,5197
5403,2417,1841
5404,3393,2416
5405,4785,2086
5406,5393,1426
5407,5310,2319
5408,2503,1581
5409,3522,213
5410,1493,1189
5411,5406,2247
5412,5341,2771
5413,5348,1159
5414,3974,3063
5415,5400,5273
5416,5358,248
5417,5263,824
5418,5373,5058
5419,4629,1620
5420,1535,1014
5421,5084,779
5422,5140,361
5423,5174,3882
5424,5129,5111
5425,5068,1233
5426,5249,5229
5427,4722,2034
5428,5380,2068
5429,4991,408
5430,5108,3443
5431,3699,2835
5432,5379,5234
5433,5411,5335
5434,3204,2110
5435,1641,672
5436,5416,5306
5437,5232,2863
5438,2657,1728
5439,5183,3635
5440,5298,2033
5441,5292,5121
5442,5181,3011
5443,4947,4792
5444,2167,39
5445,3471,3351
5446,3880,3334
5447,2156,1774
5448,5230,1451
5449,3135,2125
5450,5364,5297
5451,4825,180
5452,3579,1155
5453,2346,2020
5454,5436,562
5455,5433,1786
5456,3750,2042
5457,3851,8
5458,5333,2669
5459,846,685
5460,4748,3151
5461,2364,966
5462,5351,5290
5463,5396,5384
5464,5415,5326
5465,2739,1549
5466,5455,5243
5467,5454,734
5468,5398,1305
5469,4811,691
5470,5467,1152
5471,5466,2094
5472,5361,3480
5473,5196,3917
5474,5245,4978
5475,1431,701
5476,5471,5159
5477,3621,3168
5478,4834,1820
5479,5476,936
5480,5254,5218
5481,924,719
5482,5022,2226
5483,5321,5266
5484,5363,5090
5485,5240,3439
5486,3951,3604
5487,5468,5163
5488,5470,2726
5489,2357,2245
5490,2312,943
5491,3515,1556
5492,5173,2533
5493,1362,692
5494,5356,1995
5495,3992,3277
5496,5372,1862
5497,1780,1118
5498,5114,1942
5499,3881,1658
5500,5426,878
5501,5340,5320
5502,5487,874
5503,5099,92
5504,3130,228
5505,2973,1855
5506,4918,983
5507,2087,1019
5508,2872,1963
5509,5219,4910
5510,3829,336
5511,5210,166
5512,2303,1048
5513,5354,1872
5514,5424,2600
5515,2960,1145
5516,3367,1182
5517,5479,5432
5518,480,201
5519,5375,2629
5520,4953,2046
5521,5401,3747
5522,5280,3050
5523,5418,81
5524,5352,5023
5525,5337,1903
5526,2787,1521
5527,5488,5264
5528,1690,1267
5529,5464,3645
5530,5267,576
5531,5480,1592
5532,3291,3206
5533,5385,4732
5534,5353,977
5535,3102,2496
5536,3014,2045
5537,5322,2858
5538,1957,1459
5539,5527,5360
5540,5517,761
5541,2577,2223
5542,5269,4957
5543,2644,2237
5544,2535,2040
5545,5413,2265
5546,5109,1934
5547,5540,553
5548,5529,5089
5549,2544,448
5550,5224,859
5551,5199,422
5552,5547,669
5553,2459,1199
5554,5407,2409
5555,5448,5355
5556,1628,1151
5557,5539,5456
5558,214,164
5559,5291,1470
5560,5417,5403
5561,5552,5494
5562,5122,5081
5563,5301,3667
5564,5294,3754
5565,5336,856
5566,3475,3150
5567,2979,2802
5568,2050,1966
5569,5388,2941
5570,5387,2561
5571,2682,2429
5572,5238,5031
5573,5537,3774
5574,1783,1442
5575,2095,1756
5576,5067,3230
5577,5459,5296
5578,5206,193
5579,5557,3431
5580,5435,1492
5581,5502,5483
5582,1309,1221
5583,5268,224
5584,5192,1314
5585,5376,5226
5586,5329,1449
5587,5548,3841
5588,5055,1582
5589,3771,2921
5590,3398,3308
5591,3044,3042
5592,4881,126
5593,3190,1136
5594,5520,2093
5595,5318,3233
5596,1160,748
5597,5397,3288
5598,5533,5270
5599,1609,1558
5600,2197,1298
5601,5579,740
5602,5587,5180
5603,5215,955
5604,2636,1922
5605,5601,5530
5606,5018,145
5607,3704,3386
5608,5274,3613
5609,5523,5339
5610,5545,5112
5611,2190,217
5612,1545,1166
5613,5430,2036
5614,5262,2690
5615,2505,1596
5616,3543,1428
5617,5368,5324
5618,5602,78
5619,5463,1671
5620,5561,5441
5621,5605,3776
5622,5621,1945
5623,5506,5276
5624,5315,1983
5625,5474,5250
5626,5622,3839
5627,4817,554
5628,2833,2221
5629,5521,913
5630,3484,2700
5631,5475,2957
5632,342,80
5633,2994,1743
5634,729,656
5635,5626,5439
5636,5618,5200
5637,5525,5473
5638,3080,2280
5639,5382,2404
5640,5554,2206
5641,5560,866
5642,5255,2868
5643,3133,3114
5644,5208,3578
5645,5425,1215
5646,471,211
5647,5519,3458
5648,5205,5165
5649,5492,5365
5650,5516,3662
5651,5282,3037
5652,5581,5178
5653,5275,3923
5654,5638,5481
5655,5573,5428
5656,5635,1468
5657,373,177
5658,5469,3703
5659,5450,2871
5660,1226,850
5661,5383,4960
5662,5620,5503
5663,5636,5167
5664,5565,5484
5665,5198,430
5666,2899,241
5667,5629,5496
5668,2513,1310
5669,5656,814
5670,5662,715
5671,1939,1936
5672,5458,548
5673,5357,3727
5674,5478,5272
5675,2920,2441
5676,5585,5103
5677,3987,2597
5678,464,54
5679,4875,3032
5680,1766,988
5681,5663,5542
5682,5569,5500
5683,5008,335
5684,5261,2187
5685,3924,643
5686,5440,1185
5687,2851,1453
5688,5670,3405
5689,5427,2969
5690,2166,2069
5691,5394,1745
5692,5669,1901
5693,5641,808
5694,5692,1908
5695,5006,249
5696,1371,459
5697,5647,902
5698,5694,5664
5699,5236,3725
5700,3889,745
5701,5472,1059
5702,5619,2925
5703,3890,1599
5704,5531,5462
5705,5688,1964
5706,5287,2394
5707,3264,2651
5708,1669,1249
5709,5673,3941
5710,5697,503
5711,5359,5101
5712,5498,2369
5713,456,32
5714,2155,523
5715,2084,777
5716,5420,1243
5717,5705,3658
5718,5652,5410
5719,4990,2529
5720,3147,2537
5721,1407,1192
5722,5637,1741
5723,5408,5390
5724,5672,1325
5725,5402,2318
5726,2642,2552
5727,3274,1762
5728,5640,5251
5729,5717,5577
5730,5609,5501
5731,5499,2186
5732,5698,5588
5733,1933,428
5734,5233,3752
5735,5718,2555
5736,1672,93
5737,650,544
5738,3316,2131
5739,5171,1420
5740,2263,594
5741,5422,3740
5742,5596,5570
5743,5654,5580
5744,5513,2270
5745,5512,5447
5746,5452,1788
5747,5732,2241
5748,5559,985
5749,5729,5680
5750,5508,5366
5751,5614,877
5752,5395,454
5753,5749,698
5754,5625,1700
5755,5442,3364
5756,5595,5555
5757,5724,5648
5758,3706,1823
5759,5584,622
5760,5591,269
5761,5753,1363
5762,5482,1576
5763,3701,3612
5764,5327,3903
5765,5661,5493
5766,3263,1011
5767,5761,5704
5768,5346,506
5769,5682,240
5770,5551,66
5771,3983,1616
5772,5091,499
5773,5644,1173
5774,5747,812
5775,5534,5017
5776,3850,3335
5777,5598,2515
5778,3617,3585
5779,5754,16
5780,5728,5686
5781,5572,2958
5782,5693,542
5783,5538,5317
5784,5332,886
5785,5299,3976
5786,3656,657
5787,5277,2489
5788,3620,559
5789,3993,1003
5790,5399,3863
5791,5653,1980
5792,5495,5207
5793,5667,5642
5794,3143,2583
5795,2349,1854
5796,2253,1287
5797,3508,3107
5798,5767,5710
5799,2935,2874
5800,5681,5305
5801,2109,1912
5802,5735,136
5803,5712,5702
5804,3646,3129
5805,5617,1785
5806,5725,5451
5807,5775,5386
5808,5590,3446
5809,5645,2439
5810,5774,5258
5811,2162,1575
5812,5514,328
5813,2595,704
5814,3262,2889
5815,5135,3476
5816,5599,5574
5817,5511,3077
5818,1779,114
5819,5802,741
5820,5302,3738
5821,5722,474
5822,614,547
5823,5810,599
5824,1972,1715
5825,5741,5509
5826,2828,1875
5827,5823,5597
5828,5477,2062
5829,5798,839
5830,2090,364
5831,1993,1234
5832,3423,3140
5833,1804,1790
5834,5819,5806
5835,1989,888
5836,5562,5344
5837,5800,2799
5838,1588,208
5839,5421,571
5840,5606,1004
5841,5837,5711
5842,5278,3324
5843,3930,1798
5844,3876,2724
5845,5782,2386
5846,5765,1527
5847,1744,1670
5848,5695,113
5849,2992,2601
5850,5437,1064
5851,5743,5742
5852,5845,5827
5853,3524,1759
5854,3533,708
5855,5419,1328
5856,5829,5209
5857,5593,5313
5858,5803,2539
5859,5623,5563
5860,5633,2345
5861,5701,2501
5862,5757,5568
5863,5856,5582
5864,5524,3787
5865,5863,1816
5866,5759,5639
5867,3788,825
5868,5846,957
5869,1907,1789
5870,5265,2083
5871,5769,942
5872,5865,1546
5873,4892,1540
5874,5684,2080
5875,2422,2298
5876,5872,1477
5877,2184,1163
5878,2102,831
5879,5852,735
5880,2445,2175
5881,3226,3075
5882,5505,2811
5883,5389,1024
5884,5876,1496
5885,5868,1668
5886,5030,2980
5887,5490,3847
5888,5884,5751
5889,5611,763
5890,5674,1488
5891,5888,5550
5892,5576,2431
5893,5780,5405
5894,5260,3271
5895,5616,1097
5896,5526,5522
5897,5736,5660
5898,5885,5528
5899,5549,1318
5900,5687,5423
5901,5817,5404
5902,3436,1971
5903,2807,2022
5904,427,345
5905,5491,3186
5906,5858,5748
5907,5793,1654
5908,5809,5690
5909,3266,95
5910,5882,5615
5911,4593,169
5912,5812,5048
5913,5746,1427
5914,5779,5752
5915,5311,3410
5916,5879,2011
5917,492,110
5918,5867,5449
5919,5567,5281
5920,5841,1716
5921,5839,5715
5922,5497,2483
5923,5541,758
5924,5891,5304
5925,5286,3962
5926,5429,5107
5927,3379,102
5928,1369,352
5929,3716,1997
5930,2106,29
5931,3878,1520
5932,5750,1982
5933,2440,1639
5934,5862,2295
5935,5721,1078
5936,2460,2250
5937,5924,5907
5938,5916,1808
5939,5744,5624
5940,5915,2721
5941,5791,5730
5942,5938,3813
5943,5783,5578
5944,1829,1484
5945,3700,1682
5946,5465,3580
5947,5834,5714
5948,5942,5594
5949,5756,2413
5950,1722,802
5951,5627,567
5952,147,63
5953,123,23
5954,5309,2289
5955,5377,1380
5956,5871,5671
5957,4642,2782
5958,5948,1889
5959,5896,5821
5960,5833,1864
5961,5958,5768
5962,5934,1938
5963,5777,3134
5964,5723,5659
5965,5651,3338
5966,5864,3981
5967,5805,546
5968,5898,2654
5969,5906,5851
5970,2908,1684
5971,5453,1331
5972,5937,5734
5973,5961,5866
5974,5295,1803
5975,1817,1623
5976,2211,1317
5977,5962,5586
5978,5461,1570
5979,3956,3584
5980,5857,76
5981,1479,538
5982,5691,5485
5983,5973,2620
5984,5434,3975
5985,5446,613
5986,5745,3687
5987,3842,3408
5988,5861,5850
5989,3501,1711
5990,5949,5443
5991,5920,5564
5992,5983,2449
5993,5992,2018
5994,5374,1689
5995,5676,5113
5996,1147,1065
5997,2426,1636
5998,5972,1007
5999,5679,293
6000,5507,640
6001,5739,5716
6002,3247,2664
6003,5668,2171
6004,5689,3424
6005,5998,590
6006,432,21
6007,5719,1225
6008,5914,443
6009,5544,3278
6010,3466,3076
6011,2500,141
6012,5600,1685
6013,6005,1752
6014,2805,326
6015,5706,1026
6016,5993,2605
6017,2997,1352
6018,305,162
6019,5252,2224
6020,3327,83
6021,5935,5553
6022,2727,2481
6023,5956,5758
6024,6016,3572
6025,5709,469
6026,5807,952
6027,5968,5696
6028,5855,2569
6029,5811,5655
6030,5910,900
6031,5995,5608
6032,3341,2623
6033,5947,5799
6034,6024,1374
6035,1241,1088
6036,2901,2525
6037,5977,2964
6038,6013,706
6039,6034,5849
6040,2695,2384
6041,6038,5967
6042,6033,5900
6043,3287,1974
6044,5825,2857
6045,5875,2576
6046,2932,1667
6047,5794,2490
6048,479,195
6049,5532,3328
6050,1921,764
6051,5610,518
6052,2882,2616
6053,5362,99
6054,5991,5859
6055,2410,1806
6056,6037,1174
6057,3426,2203
6058,5510,5409
6059,5966,2701
6060,5818,3282
6061,3911,3216
6062,6041,1161
6063,5939,5762
6064,920,700
6065,3109,2021
6066,5988,1232
6067,5631,225
6068,5951,1326
6069,5731,3493
6070,5969,5760
6071,6062,1781
6072,5946,5658
6073,6054,3148
6074,5921,5699
6075,6039,5737
6076,5945,5613
6077,6008,1474
6078,3636,1564
6079,3195,3149
6080,992,680
6081,5893,3415
6082,6071,5840
6083,6051,3834
6084,1750,1637
6085,6026,1268
6086,1850,1578
6087,5895,1782
6088,3118,2342
6089,5957,5412
6090,216,172
6091,1797,494
6092,3467,3239
6093,4954,1069
6094,1058,209
6095,5820,5792
6096,3454,3163
6097,5612,1525
6098,3640,2950
6099,6073,3520
6100,5908,5860
6101,3368,2563
6102,1412,585
6103,5789,2900
6104,6082,1610
6105,2796,2299
6106,3444,1531
6107,3194,2717
6108,6107,289
6109,6104,3582
6110,5980,5901
6111,6075,5986
6112,2210,309
6113,3726,522
6114,4937,898
6115,6109,3593
6116,5381,2177
6117,6042,5878
6118,5874,2124
6119,6099,2967
6120,6111,6021
6121,6115,1264
6122,5899,5575
6123,3434,558
6124,1207,766
6125,6027,1099
6126,5964,2027
6127,2976,1404
6128,6121,2954
6129,5941,5764
6130,4428,1360
6131,6083,2249
6132,6128,783
6133,5515,396
6134,5784,2285
6135,5558,895
6136,5657,1294
6137,3848,1943
6138,5960,5842
6139,5873,581
6140,6056,702
6141,6120,1539
6142,3664,1587
6143,2953,989
6144,6061,5677
6145,198,125
6146,6117,1385
6147,6029,2723
6148,6000,539
6149,6141,5740
6150,5963,5887
6151,5835,868
6152,3489,153
6153,6081,5786
6154,5675,1528
6155,5923,5813
6156,5985,5781
6157,6032,3177
6158,5832,1731
6159,5870,5391
6160,6126,2370
6161,6138,5959
6162,3679,623
6163,532,320
6164,3465,3223
6165,6149,6070
6166,5431,399
6167,994,549
6168,3445,3295
6169,6146,2842
6170,5929,5836
6171,6022,5997
6172,6001,873
6173,6140,5703
6174,5460,908
6175,5955,3521
6176,1303,822
6177,5970,3421
6178,5797,3478
6179,5990,1258
6180,6132,1584
6181,3557,1844
6182,5996,1476
6183,3460,2389
6184,2776,2453
6185,5504,3337
6186,5912,3450
6187,6122,889
6188,5223,49
6189,6180,1736
6190,5014,3843
6191,6119,799
6192,6023,1998
6193,1421,1176
6194,6150,5773
6195,6110,6069
6196,5999,1800
6197,5438,2052
6198,6165,2946
6199,6189,6173
6200,1307,667
6201,5978,3607
6202,5770,1719
6203,5283,3139
6204,5932,2358
6205,3605,3552
6206,5649,5628
6207,6169,5919
6208,6198,660
6209,301,288
6210,2115,724
6211,6028,801
6212,5785,2117
6213,6087,6063
6214,6012,2968
6215,5583,140
6216,5804,3556
6217,6191,1227
6218,5720,1077
6219,5824,2972
6220,6076,1805
6221,6179,6017
6222,5848,2740
6223,5755,3685
6224,5603,2983
6225,3267,2585
6226,5854,3912
6227,5984,896
6228,6208,842
6229,6217,752
6230,6192,3519
6231,5650,1074
6232,5913,5897
6233,6007,830
6234,6147,1633
6235,2421,276
6236,6124,731
6237,5928,1100
6238,6229,3973
6239,5828,5771
6240,2428,1702
6241,5795,1005
6242,6125,2912
6243,5592,1231
6244,5546,445
6245,6199,5933
6246,6129,3647
6247,6131,5976
6248,6207,2322
6249,6077,330
6250,5708,1387
6251,5847,1895
6252,6230,6228
6253,2850,2024
6254,3879,1355
6255,6238,5814
6256,5489,1012
6257,5347,1197
6258,6231,820
6259,6246,6066
6260,6003,2201
6261,6153,918
6262,2290,607
6263,5918,1541
6264,1289,414
6265,2239,1148
6266,6255,6072
6267,6095,3272
6268,1130,841
6269,6135,5954
6270,2736,2663
6271,5890,5457
6272,5707,5414
6273,6049,2588
6274,5883,1663
6275,6245,6213
6276,3637,2915
6277,2744,709
6278,6025,5926
6279,2216,537
6280,2728,1378
6281,6252,1411
6282,6085,5950
6283,6281,804
6284,5444,1106
6285,6266,631
6286,6221,6112
6287,3844,2
6288,5726,1880
6289,6242,1080
6290,6019,5766
6291,1703,818
6292,6275,683
6293,6074,711
6294,2755,811
6295,6186,6144
6296,3240,3181
6297,932,183
6298,1336,1190
6299,282,127
6300,6159,3676
6301,6248,1278
6302,6285,3592
6303,6257,3249
6304,6283,2649
6305,5971,564
6306,6234,5880
6307,6301,6249
6308,6304,6155
6309,5816,2772
6310,6302,2859
6311,5894,1695
6312,6078,1595
6313,3684,819
6314,2820,744
6315,6080,6064
6316,6310,1653
6317,5589,1063
6318,5943,226
6319,2172,315
6320,2589,627
6321,6156,3888
6322,2101,1000
6323,5889,1373
6324,3808,2479
6325,6308,1920
6326,5678,5665
6327,2931,2538
6328,6325,6289
6329,6261,5700
6330,6160,2236
6331,295,69
6332,6247,1644
6333,1981,1718
6334,2658,2578
6335,5350,271
6336,2076,1277
6337,6292,6030
6338,2065,1847
6339,2355,1447
6340,1482,970
6341,6100,561
6342,5922,1801
6343,3355,3059
6344,3026,2660
6345,3883,1799
6346,6316,5634
6347,6227,749
6348,6286,6031
6349,6203,6092
6350,5838,3096
6351,5917,1985
6352,3749,2708
6353,6226,5892
6354,6196,5974
6355,6002,526
6356,3853,3012
6357,6329,2268
6358,159,36
6359,6337,6046
6360,5788,5571
6361,6346,3576
6362,6263,6240
6363,1554,768
6364,6328,5831
6365,6161,2609
6366,6359,5903
6367,3330,2227
6368,6330,1612
6369,3008,2123
6370,6058,6004
6371,6364,2927
6372,6067,3748
6373,5826,85
6374,6366,2433
6375,6371,6341
6376,1500,381
6377,6365,3105
6378,6374,6320
6379,1526,925
6380,6378,5944
6381,1344,845
6382,5982,5979
6383,5853,3551
6384,6307,5952
6385,3325,2831
6386,6384,688
6387,6375,6268
6388,6347,1538
6389,6380,1203
6390,1724,795
6391,5965,1597
6392,6170,5927
6393,6311,3570
6394,3587,3534
6395,6184,5666
6396,6386,6260
6397,6389,6143
6398,5994,2424
6399,5905,128
6400,1142,1055
6401,6212,6060
6402,6211,6011
6403,5940,3145
6404,6397,899
6405,3358,2028
6406,6300,6204
6407,6404,792
6408,6202,6188
6409,6059,2219
6410,6134,5877
6411,6387,6050
6412,6088,1514
6413,6172,5904
6414,2770,1958
6415,6139,1341
6416,5931,5604
6417,6396,775
6418,6361,5738
6419,6133,2773
6420,6197,1092
6421,6222,2612
6422,6332,5925
6423,6411,1822
6424,6423,2579
6425,6407,1364
6426,3157,1760
6427,6312,6306
6428,6123,5733
6429,355,173
6430,6424,2013
6431,6417,851
6432,2304,664
6433,6206,6106
6434,3934,1475
6435,6223,1931
6436,5796,2809
6437,6430,6348
6438,6267,673
6439,6157,5445
6440,6425,730
6441,6418,6392
6442,6440,511
6443,6190,3116
6444,6422,828
6445,6377,1853
6446,6200,619
6447,6215,5683
6448,6413,5556
6449,6269,2904
6450,2055,1169
6451,6357,6314
6452,6276,6052
6453,3891,1962
6454,1038,760
6455,6437,1884
6456,6194,3315
6457,5843,2693
6458,6344,3363
6459,2618,2037
6460,6451,1871
6461,6094,3988
6462,6442,5713
6463,6089,378
6464,6086,3156
6465,2524,372
6466,5787,881
6467,6232,2951
6468,6427,6256
6469,6383,2381
6470,2484,26
6471,6455,857
6472,2893,2655
6473,6295,620
6474,6462,759
6475,2689,2373
6476,6474,6421
6477,1662,482
6478,6195,6171
6479,6321,6136
6480,6351,6044
6481,6219,2016
6482,3482,3349
6483,6284,6137
6484,6471,6187
6485,6388,1200
6486,5989,3861
6487,5776,2779
6488,3845,747
6489,1031,937
6490,6318,1627
6491,6154,2200
6492,2277,1110
6493,6236,767
6494,6362,1723
6495,6079,5241
6496,6201,1680
6497,5685,1664
6498,6476,2235
6499,6402,6148
6500,2003,262
6501,6390,1726
6502,6047,3823
6503,6103,6015
6504,3072,721
6505,6484,1547
6506,6445,6288
6507,6205,5930
6508,5808,5259
6509,6182,6020
6510,6431,969
6511,6498,520
6512,6259,6175
6513,6460,1918
6514,6043,2398
6515,1405,813
6516,1935,1485
6517,5911,250
6518,6505,3513
6519,6278,3979
6520,6519,324
6521,6511,6151
6522,6368,3317
6523,2271,1121
6524,6315,882
6525,6444,1245
6526,2153,637
6527,6093,3138
6528,5886,1205
6529,6512,2763
6530,6441,6438
6531,6521,1899
6532,6282,1738
6533,6456,1196
6534,5981,615
6535,6518,6323
6536,1448,1235
6537,6241,2804
6538,6531,6415
6539,2730,773
6540,6220,2924
6541,6163,1555
6542,6510,1975
6543,1261,630
6544,6542,6449
6545,5106,3857
6546,6535,6485
6547,3422,678
6548,912,595
6549,6409,3414
6550,6270,1440
6551,6271,1178
6552,3980,533
6553,3430,1717
6554,2475,105
6555,6524,6420
6556,6525,1490
6557,6265,3507
6558,6538,3609
6559,6250,603
6560,6254,927
6561,6546,6324
6562,2674,2604
6563,6561,6513
6564,6372,1356
6565,6478,6473
6566,6558,905
6567,6381,6127
6568,6566,6532
6569,6322,6167
6570,2292,699
6571,6326,3344
6572,6530,2100
6573,6218,3420
6574,5801,3867
6575,3320,997
6576,6287,1955
6577,5822,2272
6578,2400,2194
6579,6394,6036
6580,6572,3893
6581,5518,1509
6582,2784,1343
6583,6522,2834
6584,6565,6500
6585,6176,3242
6586,6568,6181
6587,6533,2875
6588,6305,2892
6589,1621,707
6590,6506,6055
6591,6433,6309
6592,6586,670
6593,6580,3677
6594,3040,486
6595,6544,2333
6596,3280,2049
6597,6563,893
6598,6597,1053
6599,6298,1240
6600,6214,6045
6601,6475,6339
6602,6541,926
6603,6342,6290
6604,6113,2830
6605,5778,3253
6606,3451,356
6607,6598,6461
6608,6592,1727
6609,6224,244
6610,6116,1978
6611,6382,3870
6612,6084,1909
6613,6479,6340
6614,5486,3577
6615,6529,6183
6616,2038,560
6617,6373,5607
6618,6495,5630
6619,6354,4790
6620,6608,6595
6621,6607,3302
6622,6053,3176
6623,3106,362
6624,6327,2949
6625,6457,6419
6626,6443,1956
6627,6432,2154
6628,6615,960
6629,6593,6210
6630,6621,3564
6631,6237,1271
6632,2288,645
6633,3603,340
6634,6274,3758
6635,6630,6333
6636,2764,574
6637,6549,5909
6638,6262,6130
6639,2704,867
6640,6293,2293
6641,2113,1699
6642,6599,6406
6643,6068,5253
6644,2053,1954
6645,6400,2956
6646,3381,1248
6647,6629,1300
6648,2173,1089
6649,6273,1047
6650,6277,3142
6651,6620,6174
6652,1001,514
6653,3245,3028
6654,5370,3713
6655,6480,6352
6656,6635,6590
6657,2334,671
6658,6353,6253
6659,6587,2212
6660,6272,3486
6661,6467,2813
6662,6391,2715
6663,6258,648
6664,405,338
6665,3939,3583
6666,6647,6379
6667,2855,608
6668,6097,45
6669,6528,90
6670,6459,6009
6671,6628,6338
6672,6502,6436
6673,5902,1255
6674,5543,417
6675,6468,2614
6676,6611,2734
6677,6393,6349
6678,6583,6556
6679,6509,2442
6680,6450,2435
6681,6367,6317
6682,6617,6507
6683,6651,2198
6684,6334,2684
6685,6291,1512
6686,6666,914
6687,6656,6570
6688,6014,5064
6689,6355,2984
6690,2427,2001
6691,6551,6216
6692,6090,3
6693,6193,2987
6694,6540,2447
6695,6466,2208
6696,6686,6499
6697,1339,40
6698,5830,3188
6699,6671,6158
6700,2261,1882
6701,3916,100
6702,6395,6105
6703,6360,3528
6704,6399,1071
6705,6675,6601
6706,6687,3933
6707,6638,1915
6708,2012,1462
6709,6706,634
6710,6490,6244
6711,6527,3512
6712,6709,2630
6713,6683,6493
6714,6676,6335
6715,3498,2347
6716,6463,844
6717,3352,684
6718,6494,2491
6719,3463,1688
6720,6640,6537
6721,6712,1469
6722,4999,265
6723,6721,965
6724,6696,3503
6725,6713,6446
6726,6723,6492
6727,1260,618
6728,6319,2014
6729,6426,264
6730,2653,1465
6731,6726,6414
6732,6613,384
6733,6667,6401
6734,2696,1807
6735,6727,6555
6736,1879,374
6737,6731,6501
6738,6725,6398
6739,6737,6235
6740,3388,2283
6741,3371,823
6742,5646,485
6743,1999,946
6744,6657,6642
6745,6738,1015
6746,6739,2791
6747,1036,375
6748,6603,6571
6749,3207,3144
6750,6464,2801
6751,2397,2002
6752,6746,1770
6753,6678,2553
6754,6655,6447
6755,5936,1043
6756,6403,3693
6757,6693,2814
6758,6336,2402
6759,6724,6646
6760,6752,6526
6761,6496,6488
6762,6659,5975
6763,5536,3477
6764,6760,769
6765,6753,2545
6766,1902,5
6767,6162,723
6768,6625,6376
6769,6612,1629
6770,6517,484
6771,2325,2225
6772,6744,6539
6773,6550,2540
6774,6732,6605
6775,6764,6626
6776,2873,2128
6777,6503,1139
6778,6350,2703
6779,6759,2179
6780,6775,974
6781,6780,551
6782,5314,934
6783,6233,6114
6784,6534,2762
6785,6663,666
6786,2959,2940
6787,6567,1593
6788,2257,1640
6789,6680,431
6790,5392,27
6791,472,206
6792,2591,394
6793,3092,727
6794,6781,6652
6795,6672,6152
6796,6699,6410
6797,6581,6564
6798,6779,703
6799,6794,6631
6800,3690,2808
6801,6591,6584
6802,6516,6345
6803,5987,1550
6804,6177,1284
6805,6798,1765
6806,6799,6602
6807,6091,649
6808,6600,2624
6809,6619,3627
6810,3065,2359
6811,6806,2119
6812,6627,1996
6813,6805,1273
6814,2617,1143
6815,2870,1751
6816,2451,1773
6817,2448,999
6818,2161,829
6819,6811,2981
6820,6813,6658
6821,2159,855
6822,6735,6481
6823,6765,6585
6824,6508,3060
6825,6819,580
6826,6705,536
6827,6702,6588
6828,6514,1495
6829,2196,1687
6830,3425,3250
6831,6573,2948
6832,6718,6465
6833,6820,2735
6834,6761,6745
6835,6209,19
6836,6369,3411
6837,6454,679
6838,6694,2627
6839,6303,1506
6840,3569,2077
6841,3968,1081
6842,6497,6469
6843,2586,2498
6844,6637,188
6845,6822,1270
6846,6279,2571
6847,6833,2999
6848,863,675
6849,6825,6483
6850,6826,6772
6851,6562,6416
6852,1491,1486
6853,2865,2562
6854,2790,827
6855,2122,1228
6856,3089,737
6857,6691,1056
6858,6251,1849
6859,6849,1960
6860,6164,1366
6861,2838,2132
6862,6859,6812
6863,3281,3237
6864,6717,6243
6865,2884,738
6866,6862,3793
6867,6643,1929
6868,2939,1246
6869,3362,1725
6870,6754,6142
6871,6866,6802
6872,6834,6662
6873,6809,6703
6874,6844,6755
6875,6239,887
6876,6847,653
6877,6823,1458
6878,6435,5643
6879,6624,3737
6880,6610,1153
6881,6545,5763
6882,6871,6552
6883,6882,3565
6884,6661,1112
6885,6679,6670
6886,2840,2305
6887,6685,6634
6888,6883,810
6889,6668,6098
6890,6408,2697
6891,3807,1683
6892,2817,1483
6893,2067,1524
6894,3326,2399
6895,6876,6714
6896,6101,2765
6897,2048,958
6898,2229,1988
6899,6716,6166
6900,2824,2769
6901,6102,2482
6902,6872,6448
6903,6902,6297
6904,6797,6491
6905,6477,1874
6906,6796,6785
6907,6789,2267
6908,6888,1124
6909,1970,1618
6910,2622,35
6911,907,884
6912,3343,1617
6913,6695,2242
6914,6877,552
6915,6837,1887
6916,6405,2205
6917,6903,557
6918,3997,1553
6919,6908,3757
6920,6919,713
6921,6850,6428
6922,6748,1843
6923,894,531
6924,391,323
6925,6589,6559
6926,6569,3333
6927,6920,1057
6928,2262,2209
6929,6927,931
6930,6881,5790
6931,5342,487
6932,2741,573
6933,6917,1135
6934,6740,919
6935,6933,809
6936,3553,3124
6937,6800,6690
6938,6929,1861
6939,6935,509
6940,6887,2966
6941,771,284
6942,6817,806
6943,6808,6489
6944,6939,6719
6945,6895,2862
6946,6875,6762
6947,6681,1583
6948,6938,2548
6949,1896,1713
6950,6944,6650
6951,6950,2839
6952,6921,6523
6953,6948,1138
6954,2963,1335
6955,6824,6711
6956,6953,6639
6957,6857,6370
6958,6648,3491
6959,6622,2869
6960,6867,948
6961,6118,2650
6962,6956,6886
6963,6951,478
6964,6878,3175
6965,3301,1846
6966,6774,5953
6967,6962,1650
6968,5772,3453
6969,6720,617
6970,6914,6557
6971,6649,1732
6972,6967,6818
6973,6487,6018
6974,6906,6582
6975,6972,6885
6976,6609,6434
6977,6791,230
6978,6945,6225
6979,6768,6689
6980,2396,971
6981,6795,3545
6982,6548,6185
6983,5727,3688
6984,6692,366
6985,6978,3027
6986,6851,2977
6987,6804,5844
6988,6963,521
6989,6832,6751
6990,1977,1392
6991,6988,875
6992,6991,786
6993,6836,6831
6994,6992,6923
6995,6873,6733
6996,6975,1259
6997,6996,6985
6998,6994,2971
6999,6952,6641
7000,6358,6048
7001,6969,6856
7002,6955,6313
7003,6730,2377
7004,6520,2902
7005,6974,6756
7006,6946,6577
7007,3200,2631
7008,6769,1632
7009,1010,638
7010,6807,6777
7011,6006,1992
7012,6645,6264
7013,6788,6482
7014,6970,6937
7015,6801,1873
7016,689,131
7017,6839,757
7018,3714,3390
7019,6998,951
7020,6145,488
7021,6579,1910
7022,6618,6594
7023,3166,3005
7024,2748,2603
7025,7005,2195
7026,7015,3938
7027,6884,6758
7028,2766,1836
7029,6776,1775
7030,6553,2437
7031,7019,6925
7032,6943,2316
7033,3804,3608
7034,2330,2217
7035,7014,6904
7036,7031,2556
7037,6960,1171
7038,6787,6669
7039,6614,834
7040,6280,2930
7041,7035,6845
7042,7026,6504
7043,6835,163
7044,3199,3000
7045,6913,2914
7046,6665,1254
7047,6773,2506
7048,6547,1767
7049,6786,6096
7050,2982,1937
7051,6704,1406
7052,1987,853
7053,3840,404
7054,6868,2648
7055,7042,939
7056,6880,2913
7057,2887,1753
7058,483,98
7059,6653,5535
7060,7004,2725
7061,6757,6543
7062,6472,385
7063,6574,826
7064,6654,2575
7065,6997,6989
7066,6767,2975
7067,2336,2121
7068,6928,6838
7069,359,235
7070,6728,2783
7071,6863,6343
7072,6986,6870
7073,7055,6999
7074,6636,1162
7075,7036,6827
7076,7075,642
7077,7025,1812
7078,6660,6515
7079,3490,2004
7080,903,891
7081,6682,2659
7082,6865,2066
7083,7065,964
7084,1049,693
7085,2598,945
7086,2000,625
7087,3732,575
7088,6979,6736
7089,6700,2043
7090,7076,7037
7091,7001,2777
7092,6846,6734
7093,6486,3816
7094,6057,5815
7095,7077,6971
7096,6412,2916
7097,1157,976
7098,6987,3053
7099,6821,720
7100,7090,652
7101,7032,7008
7102,7017,6040
7103,6560,3864
7104,885,597
7105,6385,2468
7106,959,956
7107,6554,2566
7108,6778,1413
7109,6890,6722
7110,2937,2519
7111,7100,1208
7112,3473,349
7113,6931,6911
7114,816,174
7115,6750,3957
7116,1332,967
7117,6966,3906
7118,7068,6363
7119,7111,6829
7120,7119,6784
7121,7120,535
7122,6674,2718
7123,1733,616
7124,6912,2919
7125,6901,6452
7126,6710,5632
7127,7041,1397
7128,7051,6843
7129,7083,1900
7130,3097,1172
7131,6961,463
7132,2531,1949
7133,2307,2275
7134,7121,591
7135,3284,2246
7136,6852,6743
7137,6616,981
7138,6995,6949
7139,7129,7021
7140,1045,455
7141,6926,696
7142,3969,646
7143,221,82
7144,7134,3001
7145,3370,3091
7146,6947,6828
7147,7095,7048
7148,2558,2063
7149,6874,6810
7150,3518,2026
7151,6915,2521
7152,7144,2230
7153,2341,2151
7154,6701,6664
7155,6981,1712
7156,7147,2005
7157,7141,7027
7158,7152,6841
7159,3573,1432
7160,7072,6879
7161,7047,6907
7162,7117,7058
7163,2158,515
7164,3461,2499
7165,6010,1276
7166,3120,2675
7167,7012,6922
7168,6982,3152
7169,7078,6673
7170,6770,1848
7171,7118,2025
7172,7139,7013
7173,7172,7092
7174,6858,6065
7175,7156,7116
7176,7127,2754
7177,6976,6178
7178,6688,6035
7179,3623,3595
7180,7096,6958
7181,7176,7101
7182,7175,7104
7183,7106,6940
7184,6893,6470
7185,2793,1517
7186,6742,14
7187,7000,222
7188,7006,6453
7189,6698,1659
7190,7091,5566
7191,7171,6782
7192,7060,3733
7193,7190,6855
7194,6677,48
7195,7194,5881
7196,7173,2667
7197,7196,7043
7198,6899,2797
7199,7158,3798
7200,7199,7161
7201,968,681
7202,1501,242
7203,6623,922
7204,7200,1673
7205,2471,998
7206,6633,181
7207,6965,3915
7208,7002,6968
7209,7197,2795
7210,7204,7052
7211,7018,6439
7212,6900,1867
7213,7182,7103
7214,7209,633
7215,7155,780
7216,7138,7039
7217,7214,7213
7218,7210,6973
7219,6108,1948
7220,6957,1893
7221,7066,6604
7222,7218,697
7223,7222,7084
7224,6964,3589
7225,7074,2320
7226,6697,1444
7227,6793,1608
7228,182,11
7229,7028,6892
7230,7160,2794
7231,7181,6910
7232,7149,2382
7233,1418,921
7234,6707,447
7235,7102,329
7236,3789,2698
7237,2639,2182
7238,7231,7223
7239,6294,1851
7240,7070,2029
7241,7192,3723
7242,6840,2568
7243,6916,6897
7244,7108,7094
7245,7131,7088
7246,7205,1905
7247,1865,1102
7248,6860,6783
7249,6993,1105
7250,7126,5869
7251,7109,7081
7252,7162,636
7253,7167,6644
7254,7093,1330
7255,3241,1630
7256,6942,3766
7257,7217,530
7258,2532,2526
7259,6891,3660
7260,7257,519
7261,7260,7045
7262,6864,3990
7263,7241,3535
7264,6790,158
7265,7215,7207
7266,7238,6458
7267,7261,2452
7268,6896,3112
7269,2291,911
7270,7136,1791
7271,6932,3406
7272,7208,7188
7273,2092,609
7274,7007,6848
7275,3641,1399
7276,7122,2204
7277,7061,1940
7278,2611,2560
7279,7267,854
7280,7157,1443
7281,7022,6763
7282,7279,7252
7283,7266,3558
7284,7283,1947
7285,7284,807
7286,7285,1792
7287,7234,2392
7288,7250,7202
7289,7038,3541
7290,6747,654
7291,7198,6715
7292,7142,6578
7293,3034,2786
7294,6356,3537
7295,6909,6842
7296,7286,7183
7297,7282,6918
7298,7080,6853
7299,7097,7029
7300,7185,7099
7301,7297,1212
7302,7301,2610
7303,7216,6815
7304,6934,3485
7305,7125,6803
7306,2822,65
7307,7296,7201
7308,7191,6936
7309,7010,2694
7310,7177,311
7311,7265,2401
7312,6854,2692
7313,7307,663
7314,7302,7232
7315,7314,2114
7316,3680,3546
7317,1911,1290
7318,7123,774
7319,7313,1604
7320,6606,2672
7321,6576,2520
7322,2775,1755
7323,7319,2803
7324,7315,817
7325,7024,1930
7326,7221,755
7327,7193,7098
7328,7059,869
7329,7110,1252
7330,7272,7046
7331,7242,996
7332,7323,3830
7333,7146,7073
7334,3644,1383
7335,7324,7303
7336,7332,7270
7337,7064,1635
7338,7289,3784
7339,7336,961
7340,1419,568
7341,7339,570
7342,6830,2350
7343,7016,6889
7344,1573,1533
7345,7211,1401
7346,725,641
7347,7166,2894
7348,2647,2527
7349,7189,3786
7350,7341,3815
7351,7281,7195
7352,7335,1416
7353,7230,6959
7354,7163,7105
7355,7350,3525
7356,7311,7253
7357,7280,7271
7358,7246,7137
7359,7206,7203
7360,7352,2419
7361,7124,3833
7362,7057,2469
7363,7360,7186
7364,7244,1990
7365,7053,458
7366,2918,1025
7367,7355,2554
7368,7357,7298
7369,7219,7049
7370,7369,7174
7371,7310,6684
7372,7363,2574
7373,7372,1202
7374,7169,6792
7375,7128,661
7376,7367,2474
7377,7135,3304
7378,7086,6771
7379,7287,7220
7380,1730,245
7381,7373,682
7382,6980,3866
7383,7345,7168
7384,7376,583
7385,7384,369
7386,7291,7003
7387,7224,7063
7388,7305,7054
7389,7317,7151
7390,7381,883
7391,7390,7180
7392,7385,7368
7393,7056,785
7394,7020,116
7395,7178,1213
7396,3401,2274
7397,7277,6296
7398,7391,1837
7399,6983,6905
7400,7113,794
7401,7130,2903
7402,7398,1467
7403,7358,7159
7404,7288,7245
7405,7233,376
7406,7392,7278
7407,7406,3946
7408,3965,3219
7409,3045,2528
7410,7326,294
7411,6861,1720
7412,6766,6729
7413,7407,7229
7414,7115,6898
7415,2089,1103
7416,7011,2846
7417,2549,2178
7418,7321,3455
7419,7413,2425
7420,7419,2747
7421,3113,1944
7422,7402,835
7423,7262,7237
7424,7422,832
7425,7420,7346
7426,7424,7243
7427,7333,7085
7428,7071,3214
7429,7308,6536
7430,7425,674
7431,7132,3516
7432,7427,2315
7433,7248,2031
7434,7430,7269
7435,7426,1090
7436,7435,7331
7437,6741,647
7438,7362,7240
7439,7436,7294
7440,7184,582
7441,7330,3790
7442,7439,7325
7443,7375,7009
7444,7062,6869
7445,7300,7150
7446,7442,7318
7447,7446,1293
7448,7082,2356
7449,2774,421
7450,7434,910
7451,7170,18
7452,7148,2281
7453,7338,7292
7454,7432,566
7455,2719,489
7456,7447,2502
7457,7259,1286
7458,7258,600
7459,7410,861
7460,6990,239
7461,7456,2238
7462,7461,7364
7463,7457,890
7464,7450,7400
7465,7464,7404
7466,7393,7040
7467,3167,1771
7468,3739,2365
7469,7383,556
7470,1223,1165
7471,3760,3416
7472,3567,611
7473,7379,6954
7474,7462,7356
7475,7187,6299
7476,7454,7377
7477,7089,797
7478,7239,7212
7479,7465,7328
7480,7388,3901
7481,6814,1828
7482,7459,756
7483,437,50
7484,7460,2054
7485,7327,2592
7486,6168,3673
7487,7479,7247
7488,3159,2135
7489,7487,2418
7490,7474,569
7491,7490,6749
7492,7489,7235
7493,7273,7254
7494,7491,7374
7495,7386,7256
7496,7411,7351
7497,3800,2974
7498,7492,7371
7499,7114,753
7500,6816,2581
7501,2944,897
7502,7304,3772
7503,2444,516
7504,7429,1794
7505,676,505
7506,2843,2666
7507,7498,695
7508,7227,2640
7509,7448,2434
7510,7507,1140
7511,7469,7145
7512,7030,2936
7513,7453,7274
7514,7494,7405
7515,7370,7251
7516,7428,3066
7517,7480,388
7518,7510,2619
7519,6894,947
7520,7359,2517
7521,7417,7309
7522,7514,7347
7523,7395,1158
7524,3783,1534
7525,7518,733
7526,7525,7389
7527,7226,2731
7528,7522,7440
7529,7476,770
7530,7529,7349
7531,7530,7504
7532,7528,7517
7533,7485,7087
7534,7353,1961
7535,7511,3412
7536,7482,628
7537,577,507
7538,7526,1027
7539,7538,7354
7540,7539,2756
7541,7495,7403
7542,7412,7343
7543,7299,665
7544,2876,1480
7545,7532,7505
7546,7545,732
7547,2768,2214
7548,3759,1518
7549,2415,1830
7550,7497,2645
7551,7546,7496
7552,7540,2986
7553,7552,2362
7554,2998,2607
7555,7534,2670
7556,7451,7143
7557,7553,7034
7558,7535,7249
7559,7433,7276
7560,7394,7140
7561,7557,543
7562,2492,852
7563,7337,1869
7564,6632,1296
7565,7164,3678
7566,7551,1754
7567,7533,3497
7568,950,612
7569,7561,2058
7570,2815,2518
7571,7531,1565
7572,7555,7348
7573,7566,2732
7574,7573,798
7575,7574,7458
7576,7575,7473
7577,7443,2516
7578,7516,3031
7579,7569,1696
7580,7576,0
7581,3125,120
7582,7275,2073
7583,7580,3886
7584,7579,7366
7585,7543,7506
7586,7416,3724
7587,2888,57
7588,7452,7320
7589,7584,6924
7590,7467,726
7591,7437,7382
7592,7418,7079
7593,7583,644
7594,7593,7481
7595,1858,1377
7596,7594,3566
7597,7329,2699
7598,3563,3559
7599,7520,7295
7600,3935,550
7601,3614,3523
7602,1888,525
7603,2898,2722
7604,7589,833
7605,7604,7468
7606,7605,7445
7607,7572,7444
7608,7606,1070
7609,3586,2922
7610,7596,632
7611,512,154
7612,7488,3999
7613,7608,7536
7614,7610,3252
7615,7614,7340
7616,7512,840
7617,2473,2180
7618,3468,1256
7619,7613,687
7620,7607,986
7621,7571,6984
7622,7567,1511
7623,7619,7500
7624,7408,3119
7625,7441,3809
7626,7625,7263
7627,2059,502
7628,7623,1764
7629,7628,7470
7630,2818,1652
7631,7615,7397
7632,2668,64
7633,7631,787
7634,7633,7513
7635,7629,1574
7636,7635,7423
7637,7621,2351
7638,3838,821
7639,7636,7112
7640,7634,3568
7641,7640,7509
7642,7586,3013
7643,7639,7455
7644,7643,7515
7645,7523,2713
7646,7637,7560
7647,7290,941
7648,3779,1301
7649,7646,7438
7650,7548,7387
7651,2906,2710
7652,7641,7508
7653,7652,555
7654,7653,7344
7655,7654,1179
7656,7649,2041
7657,7644,7622
7658,7591,788
7659,7655,2284
7660,2407,1262
7661,7477,7322
7662,7549,7293
7663,7541,7401
7664,7659,7647
7665,7664,7361
7666,7665,7656
7667,7486,6575
7668,3474,3025
7669,7312,450
7670,7521,962
7671,7592,7044
7672,6941,3828
7673,7484,3598
7674,7399,3099
7675,7228,6977
7676,7499,2137
7677,7255,3093
7678,1946,1487
7679,7033,3562
7680,7657,321
7681,7669,7577
7682,7559,7268
7683,7616,7519
7684,7421,7165
7685,4909,60
7686,7570,7306
7687,7620,44
7688,7680,2628
7689,7676,3321
7690,7225,858
7691,7666,2845
7692,7663,7478
7693,7688,2758
7694,7563,3597
7695,7691,3357
7696,7695,7585
7697,1866,1813
7698,7693,677
7699,7696,1288
7700,7681,7471
7701,7699,7599
7702,7686,3179
7703,7670,7342
7704,7588,7449
7705,7050,2596
7706,2934,2709
7707,7698,1698
7708,7475,121
7709,7708,7544
7710,7365,1809
7711,7236,2991
7712,7378,978
7713,7707,1060
7714,7713,7527
7715,7701,1222
7716,7715,7595
7717,7716,621
7718,7717,7692
7719,7501,7493
7720,7578,3070
7721,7503,2852
7722,7687,7154
7723,7650,2879
7724,7597,3872
7725,7718,1115
7726,7409,864
7727,7683,2780
7728,7565,7396
7729,7723,3955
7730,7714,7702
7731,7730,584
7732,7731,690
7733,2191,1898
7734,7725,7612
7735,7734,7673
7736,6429,1123
7737,7502,7431
7738,7732,7568
7739,7738,7705
7740,3659,1229
7741,6930,3720
7742,7067,2163
7743,7739,7706
7744,1705,1198
7745,7735,7334
7746,7745,7542
7747,7746,7690
7748,7662,7598
7749,7674,7671
7750,7747,2321
7751,1519,980
7752,7133,578
7753,7750,3718
7754,7753,7564
7755,7754,7712
7756,7755,2488
7757,7756,2126
7758,7757,7550
7759,7547,2789
7760,7758,1735
7761,7760,7630
7762,7743,7524
7763,7762,2923
7764,7763,7603
7765,7107,462
7766,7764,1086
7767,7766,953
7768,7767,782
7769,7768,7611
7770,7769,7761
7771,7562,7466
7772,7737,7609
7773,7590,6331
7774,7719,7179
7775,7667,3196
7776,6708,2806
7777,2613,589
7778,7777,7558
7779,7700,668
7780,7779,2890
7781,7722,156
7782,7781,1607
7783,847,596
7784,7740,7711
7785,2142,132
7786,7720,2606
7787,7582,7463
7788,7661,3862
7789,6596,3731
7790,7782,7600
7791,7778,7729
7792,7617,1302
7793,7602,7601
7794,7790,7770
7795,7710,7682
7796,2702,2231
7797,7724,1438
7798,7733,7703
7799,7749,7694
7800,7658,3897
7801,7727,7638
7802,7794,7772
7803,2942,2140
7804,7799,7626
7805,3741,991
7806,3796,973
7807,7704,2749
7808,7651,7642
7809,7556,3942
7810,2541,22
7811,7802,2044
7812,7811,7801
7813,7645,2905
7814,7736,7627
7815,1769,1389
7816,7648,2985
7817,7807,7759
7818,7414,2144
7819,7780,7472
7820,7798,2017
7821,7153,1969
7822,3794,3067
7823,7726,290
7824,954,870
7825,7812,3963
7826,7825,7689
7827,7808,7684
7828,7800,3268
7829,7820,7678
7830,7765,3111
7831,7786,2504
7832,7795,7581
7833,3936,2032
7834,7709,386
7835,7831,2681
7836,7483,379
7837,7826,3994
7838,7837,7787
7839,7838,3810
7840,2737,2706
7841,7828,7791
7842,7818,7771
7843,7805,7804
7844,7830,277
7845,7806,7785
7846,7797,7069
7847,7618,3353
7848,7839,7835
7849,7848,7834
7850,7849,7816
7851,7624,3361
7852,7850,7783
7853,7852,938
7854,7841,7537
7855,7817,7721
7856,7855,7819
7857,7853,7792
7858,7857,7744
7859,7858,7788
7860,7843,2733
7861,7748,7742
7862,3937,267
7863,7728,1236
7864,7832,7810
7865,7859,7776
7866,7865,3542
7867,7866,402
7868,7867,7856
7869,2752,1678
7870,7854,3217
7871,7751,308
7872,1522,718
7873,7685,7632
7874,7868,1455
7875,7874,3654
7876,7864,7863
7877,7784,7774
7878,7829,7796
7879,7789,247
7880,7823,2626
7881,2909,754
7882,7869,1436
7883,7875,1023
7884,7883,7846
7885,7884,3548
7886,7885,2800
7887,7886,3652
7888,7887,871
7889,7888,7836
7890,7889,7878
7891,7851,728
7892,7890,7803
7893,7827,1845
7894,7892,7813
7895,7809,7679
7896,7893,7877
7897,7894,3692
7898,7897,563
7899,7872,7842
7900,7793,2841
7901,3511,2587
7902,7741,380
7903,7870,7860
7904,7677,1464
7905,7898,7862
7906,7905,7847
7907,7822,3765
7908,7906,1542
7909,7824,3174
7910,7840,930
7911,7833,2989
7912,7775,592
7913,7876,7668
7914,7861,2061
7915,2823,2819
7916,7908,7587
7917,7916,7814
7918,7917,3780
7919,3323,3180
7920,7918,2826
7921,7920,513
7922,7844,3655
7923,3782,3746
7924,7752,7672
7925,7921,7910
7926,7925,7815
7927,7911,7891
7928,7675,393
7929,7928,7926
7930,7899,7264
7931,7929,7900
7932,7913,7904
7933,7903,101
7934,7933,7380
7935,7931,7880
7936,7934,7912
7937,7935,7882
7938,7879,2363
7939,7937,3926
7940,3030,1842
7941,3141,160
7942,7919,3719
7943,7936,7914
7944,7943,7907
7945,7896,2512
7946,7945,7415
7947,7915,7773
7948,7932,7909
7949,7948,7660
7950,7944,917
7951,7950,7930
7952,7949,7845
7953,7939,7871
7954,7953,7942
7955,7954,1906
7956,7955,1953
7957,7956,7873
7958,7957,2821
7959,7958,7952
7960,7946,7922
7961,7697,3502
7962,7947,2147
7963,7554,3599
7964,7959,7901
7965,7964,7881
7966,7965,7821
7967,7966,7962
7968,7938,3191
7969,71,34
7970,7960,2573
7971,7967,7924
7972,7961,7902
7973,7971,7968
7974,7973,1046
7975,7895,3777
7976,7951,3628
7977,7974,2683
7978,7970,534
7979,7977,7927
7980,7979,7978
7981,7980,7941
7982,7981,7963
7983,7972,3894
7984,7983,7982
7985,7976,3927
7986,7985,2111
7987,7986,3538
7988,7987,7969
7989,7988,3745
7990,7984,7975
7991,7990,7989
7992,7991,7316
7993,7923,7023
7994,3715,651
7995,7994,7940
7996,7992,3010
7997,7996,7993
7998,7997,7995
