2000,1598,1013
2001,1242,433
2002,1281,33
2003,1315,1201
2004,1951,96
2005,1926,1857
2006,1096,390
2007,2001,1098
2008,2004,94
2009,2003,2000
2010,2007,53
2011,2002,1177
2012,409,207
2013,1219,1073
2014,2008,150
2015,2009,1357
2016,2005,41
2017,2010,2006
2018,477,117
2019,490,220
2020,389,20
2021,2013,1742
2022,1131,815
2023,2018,1084
2024,398,367
2025,1838,1544
2026,2017,215
2027,2026,77
2028,2011,1039
2029,2015,2014
2030,1567,47
2031,2021,1188
2032,2028,135
2033,2023,2019
2034,2022,1137
2035,1446,1018
2036,1649,1093
2037,1892,1154
2038,2031,1107
2039,1778,1133
2040,1220,79
2041,253,112
2042,1746,74
2043,1984,1349
2044,2029,124
2045,410,138
2046,151,86
2047,2025,1347
2048,285,75
2049,401,368
2050,2034,714
2051,1834,251
2052,1747,43
2053,2032,2016
2054,2044,204
2055,2050,2027
2056,1489,1478
2057,2054,1881
2058,1968,1777
2059,1481,353
2060,1150,1052
2061,2024,72
2062,2055,1195
2063,2035,1321
2064,2053,1676
2065,449,152
2066,1566,1265
2067,2043,2039
2068,237,89
2069,2012,1536
2070,231,107
2071,1734,1657
2072,2036,1840
2073,1661,501
2074,62,12
2075,2030,1675
2076,2040,1647
2077,453,261
2078,1275,1082
2079,2047,2038
2080,1513,880
2081,2049,392
2082,1825,1631
2083,2057,1425
2084,1051,465
2085,2033,170
2086,281,246
2087,1890,1523
2088,2045,354
2089,1342,963
2090,1772,1589
2091,2062,1423
2092,257,59
2093,2064,1504
2094,2056,1815
2095,1334,1272
2096,1433,357
2097,2037,742
2098,1424,413
2099,146,37
2100,2074,171
2101,2081,119
2102,2093,762
2103,2090,2083
2104,2102,901
2105,1959,168
2106,2091,1497
2107,429,403
2108,2094,2068
2109,1577,1035
2110,2073,722
2111,1979,73
2112,1928,115
2113,2097,2085
2114,1180,527
2115,1292,343
2116,2051,1430
2117,1283,1020
2118,2104,1400
2119,2103,2071
2120,2100,1329
2121,440,218
2122,371,243
2123,2110,2060
2124,1068,793
2125,2061,2020
2126,2088,2069
2127,1835,1605
2128,1924,1126
2129,2118,2072
2130,2080,1087
2131,2052,1821
2132,2095,1311
2133,1457,1132
2134,2111,2106
2135,2117,1708
2136,260,255
2137,1758,97
2138,2113,658
2139,2042,1338
2140,2079,2076
2141,2119,103
2142,2089,1814
2143,2123,2082
2144,1877,1320
2145,1193,1006
2146,1886,259
2147,2078,1141
2148,2138,987
2149,2121,2115
2150,1692,1537
2151,2129,1037
2152,2087,1266
2153,200,167
2154,1967,1856
2155,2134,2108
2156,1299,1282
2157,1757,460
2158,2107,2092
2159,2151,2112
2160,2139,1239
2161,2142,508
2162,1994,1615
2163,2058,1868
2164,2148,1991
2165,2075,2067
2166,2141,1306
2167,2086,442
2168,1125,626
2169,2166,1498
2170,219,15
2171,2063,1463
2172,439,108
2173,291,4
2174,2155,1737
2175,2159,1337
2176,2127,339
2177,2169,2150
2178,2120,310
2179,2149,2114
2180,1603,1548
2181,2130,1503
2182,1375,298
2183,1415,1251
2184,2122,270
2185,655,184
2186,2174,1114
2187,2140,1230
2188,2158,423
2189,2152,1885
2190,2177,1883
2191,2164,2046
2192,2175,344
2193,1646,1295
2194,2132,1368
2195,2187,1308
2196,470,51
2197,2126,88
2198,2170,906
2199,2190,2096
2200,2168,2116
2201,587,118
2202,2160,1505
2203,2066,1218
2204,2192,935
2205,2186,2124
2206,2165,1941
2207,2195,1386
2208,1557,192
2209,1471,1439
2210,2208,2179
2211,2204,1398
2212,2135,2059
2213,2143,1552
2214,2144,1017
2215,292,238
2216,307,252
2217,425,337
2218,1224,1168
2219,1876,360
2220,2098,199
2221,2211,1606
2222,2128,46
2223,2199,1434
2224,498,275
2225,2131,1590
2226,2205,2048
2227,370,304
2228,1382,1367
2229,2213,2202
2230,2194,1579
2231,2191,1291
2232,2207,1914
2233,2105,1917
2234,1530,1379
2235,1613,1529
2236,2200,2154
2237,236,202
2238,2099,1601
2239,2156,1333
2240,2161,1586
2241,420,318
2242,2163,1101
2243,106,42
2244,1860,1643
2245,2184,876
2246,2223,2218
2247,2197,1156
2248,2226,1422
2249,2239,1297
2250,1710,1216
2251,495,52
2252,2215,2101
2253,1040,287
2254,179,61
2255,2229,2221
2256,2181,1041
2257,2220,1894
2258,805,635
2259,2196,2188
2260,299,186
2261,334,258
2262,2147,1417
2263,2210,2153
2264,2232,1253
2265,1560,286
2266,1787,1591
2267,2248,1186
2268,1923,1648
2269,2267,838
2270,2146,1660
2271,2249,2198
2272,2193,1651
2273,2236,2230
2274,2182,2178
2275,2256,2246
2276,2255,1187
2277,2084,278
2278,2231,137
2279,2269,916
2280,1435,1028
2281,2125,1144
2282,1127,300
2283,2275,1034
2284,1473,1083
2285,1348,350
2286,1693,400
2287,1350,17
2288,2242,1585
2289,2219,1707
2290,2228,1602
2291,1206,196
2292,2212,892
2293,2233,1450
2294,2279,2278
2295,2241,272
2296,796,739
2297,1384,229
2298,860,776
2299,2250,1761
2300,2276,2273
2301,2225,2173
2302,2137,312
2303,2264,2245
2304,2171,2133
2305,2290,1164
2306,2070,2065
2307,2183,1370
2308,2283,778
2309,2206,1304
2310,2189,1429
2311,1913,1645
2312,2167,415
2313,2145,1091
2314,2266,1257
2315,2176,2109
2316,473,189
2317,879,28
2318,1274,1067
2319,545,500
2320,1376,923
2321,2298,2234
2322,1204,296
2323,2308,2262
2324,1095,476
2325,1919,1826
2326,2303,2222
2327,279,129
2328,984,70
2329,2041,143
2330,2077,223
2331,2209,1076
2332,2247,122
2333,1925,1810
2334,1079,610
2335,2172,6
2336,497,469
2337,1739,1580
2338,2271,1965
2339,1827,314
2340,407,317
2341,2281,263
2342,2294,1214
2343,1551,1002
2344,2162,1108
2345,2323,2270
2346,2305,2263
2347,2310,784
2348,1904,1393
2349,979,9
2350,2342,1390
2351,2261,346
2352,2299,2157
2353,1870,1562
2354,1543,416
2355,2300,2292
2356,2240,1111
2357,2272,2180
2358,397,104
2359,1237,765
2360,2214,1104
2361,491,313
2362,2338,1044
2363,2347,2288
2364,2302,91
2365,2295,161
2366,2350,1345
2367,2277,395
2368,1729,191
2369,1402,365
2370,1681,175
2371,249,210
2372,1572,424
2373,2216,280
2374,2314,2311
2375,1510,629
2376,2345,662
2377,2356,2257
2378,149,10
2379,2265,1211
2380,1614,1269
2381,1619,1516
2382,2309,975
2383,2244,915
2384,2253,493
2385,2376,2307
2386,2366,789
2387,2346,2282
2388,316,306
2389,1279,1085
2390,2355,2348
2391,2252,273
2392,2312,639
2393,2334,2326
2394,1976,1395
2395,972,736
2396,1686,363
2397,2260,351
2398,2385,1859
2399,2315,1507
2400,2332,412
2401,2317,1062
2402,2386,2328
2403,2301,1532
2404,2393,933
2405,2235,1167
2406,1247,790
2407,2398,1322
2408,2400,2390
2409,1394,434
2410,2387,2362
2411,1359,843
2412,2217,133
2413,2402,2274
2414,2344,1029
2415,1795,1358
2416,1748,1674
2417,1437,1210
2418,2203,1075
2419,2324,872
2420,2322,1319
2421,452,254
2422,2407,2353
2423,2403,2363
2424,2351,2254
2425,185,67
2426,2304,1312
2427,2238,1466
2428,2368,1839
2429,2422,1666
2430,2349,2289
2431,2340,438
2432,2389,1932
2433,2429,2419
2434,2404,1441
2435,2420,1768
2436,2293,949
2437,176,31
2438,1209,68
2439,2296,541
2440,2259,1032
2441,274,205
2442,1811,496
2443,2413,2379
2444,2377,1117
2445,457,56
2446,2373,256
2447,134,81
2448,1408,529
2449,1033,862
2450,2401,791
2451,1372,1353
2452,2433,1022
2453,2434,1611
2454,2436,358
2455,2408,2321
2456,2375,849
2457,2359,2331
2458,2313,750
2459,2443,517
2460,2399,686
2461,2319,712
2462,2450,940
2463,1410,1340
2464,1622,1456
2465,2280,1285
2466,2341,109
2467,2360,1129
2468,2432,2374
2469,1327,694
2470,1824,1803
2471,2423,194
2472,2396,2392
2473,2460,2201
2474,2286,1313
2475,2455,1217
2476,2452,1122
2477,2462,2459
2478,2405,1445
2479,426,187
2480,1691,1452
2481,2440,2320
2482,178,84
2483,2406,781
2484,2327,1549
2485,2391,232
2486,1697,1324
2487,2431,266
2488,2354,1502
2489,2333,283
2490,481,87
2491,451,130
2492,504,319
2493,2439,579
2494,2430,1927
2495,2453,2284
2496,2444,2394
2497,2476,2418
2498,1973,1119
2499,468,111
2500,1820,435
2501,2467,1677
2502,2475,1818
2503,2285,1181
2504,2409,475
2505,2494,1950
2506,2382,13
2507,1170,572
2508,2426,1009
2509,2337,1351
2510,2477,540
2511,2502,1184
2512,2251,63
2513,1863,1030
2514,1952,1625
2515,2478,2384
2516,2497,2361
2517,1916,1116
2518,2427,1323
2519,2372,2365
2520,2511,2383
2521,944,800
2522,2352,1714
2523,2493,2473
2524,2456,710
2525,1280,1149
2526,2516,1704
2527,2520,2370
2528,480,233
2529,2485,1655
2530,2243,341
2531,2227,1776
2532,2495,2357
2533,2447,203
2534,2316,333
2535,2481,1113
2536,2395,1414
2537,2466,2297
2538,1833,993
2539,2381,1365
2540,2527,746
2541,2471,659
2542,1749,411
2543,467,322
2544,2378,348
2545,2454,1521
2546,2449,2410
2547,2480,2415
2548,1819,772
2549,2329,1
2550,2532,803
2551,1175,1094
2552,2510,2435
2553,2515,2417
2554,2451,2367
2555,2472,148
2556,461,406
2557,2526,1461
2558,1709,1599
2559,717,528
2560,2457,705
2561,2552,1396
2562,2496,419
2563,2557,2541
2564,1361,1238
2565,1903,1571
2566,2518,1451
2567,1515,383
2568,2524,1784
2569,2540,846
2570,2224,24
2571,2464,2428
2572,2508,1159
2573,2569,2546
2574,387,144
2575,1243,995
2576,2325,2136
2577,2364,1134
2578,2561,2424
2579,2512,418
2580,1642,1624
2581,2484,1346
2582,1388,157
2583,1638,602
2584,1011,268
2585,1409,565
2586,2458,902
2587,604,436
2588,909,444
2589,2568,1061
2590,2573,2505
2591,1109,586
2592,2550,2461
2593,2554,2358
2594,1679,524
2595,2469,751
2596,1354,190
2597,2535,2185
2598,2339,1942
2599,2578,2553
2600,1831,1616
2601,2539,2501
2602,1980,1454
2603,1721,1183
2604,1780,1563
2605,1008,58
2606,2468,2318
2607,2414,1069
2608,2523,1016
2609,2590,2335
2610,2562,2504
2611,1569,1194
2612,2522,1740
2613,2537,1936
2614,2592,1626
2615,2503,1852
2616,2563,2488
2617,990,606
2618,2421,361
2619,2572,325
2620,2438,1064
2621,165,30
2622,1191,588
2623,2589,2474
2624,2599,1050
2625,2616,904
2626,1594,836
2627,1066,166
2628,1983,1250
2629,982,741
2630,1484,441
2631,1878,716
2632,2397,139
2633,2483,865
2634,1670,1561
2635,2624,2617
2636,2506,598
2637,2609,1263
2638,2268,1244
2639,347,327
2640,2637,1426
2641,2507,928
2642,2640,2608
2643,1665,1215
2644,2560,38
2645,1493,1189
2646,2517,2369
2647,1986,929
2648,1472,1136
2649,2635,874
2650,1535,1014
2651,2625,2566
2652,2620,1403
2653,2597,2521
2654,1897,1527
2655,2595,1862
2656,2636,2545
2657,2529,2487
2658,2559,1391
2659,2614,2596
2660,1641,672
2661,2463,510
2662,297,201
2663,2258,1832
2664,2610,1146
2665,2651,856
2666,2619,924
2667,1568,1499
2668,2564,622
2669,2587,748
2670,2536,1634
2671,2558,1221
2672,1850,331
2673,2291,1197
2674,2343,691
2675,2482,499
2676,1431,701
2677,2665,1793
2678,2565,248
2679,2499,211
2680,2448,1872
2681,2649,1305
2682,2677,562
2683,2642,2571
2684,2446,2442
2685,1058,848
2686,2519,454
2687,1362,692
2688,2577,2531
2689,2681,1694
2690,2612,2416
2691,1559,1371
2692,2683,2588
2693,2682,734
2694,2659,1701
2695,2486,878
2696,2598,1934
2697,2586,503
2698,2425,1700
2699,1690,1267
2700,2530,147
2701,2694,1716
2702,2644,2538
2703,2693,1945
2704,2513,601
2705,1639,1155
2706,2606,1072
2707,2703,740
2708,2655,2555
2709,2692,936
2710,2709,1786
2711,1957,1459
2712,2702,743
2713,2465,1508
2714,685,214
2715,2600,1891
2716,446,408
2717,2544,422
2718,2664,1470
2719,2710,1995
2720,2547,1592
2721,2708,332
2722,2707,2582
2723,2701,605
2724,2719,2661
2725,1628,1151
2726,1972,576
2727,1783,1442
2728,2724,553
2729,988,977
2730,2549,193
2731,2660,1492
2732,2722,1706
2733,2594,25
2734,2628,1128
2735,2728,669
2736,1120,593
2737,2633,234
2738,2689,2542
2739,2732,2581
2740,2626,2380
2741,2718,2585
2742,2509,657
2743,2498,428
2744,2723,624
2745,2336,2306
2746,1609,1558
2747,2548,866
2748,2653,802
2749,1142,837
2750,2739,2330
2751,2735,761
2752,2514,719
2753,2657,2479
2754,1741,824
2755,1316,1160
2756,2411,1908
2757,2670,983
2758,2658,859
2759,2738,2712
2760,1545,1166
2761,2492,303
2762,2720,2686
2763,2666,269
2764,342,80
2765,729,656
2766,966,698
2767,1494,1317
2768,2601,1325
2769,2748,1669
2770,2750,1152
2771,1233,745
2772,2706,2371
2773,1596,32
2774,2656,78
2775,2646,1024
2776,2770,2643
2777,2741,2669
2778,2613,212
2779,2668,2623
2780,2691,459
2781,373,177
2782,1226,850
2783,1004,145
2784,2776,1901
2785,2679,1314
2786,1841,1658
2787,2528,225
2788,2543,430
2789,2751,715
2790,2784,1963
2791,2744,2652
2792,464,54
2793,2759,2605
2794,2534,382
2795,2690,2654
2796,2713,1796
2797,2441,335
2798,2790,2731
2799,1774,594
2800,2695,532
2801,2789,2772
2802,2769,1021
2803,2777,2489
2804,2762,2737
2805,2779,2752
2806,1889,1468
2807,2798,808
2808,2801,1966
2809,2793,2645
2810,471,448
2811,2556,164
2812,1407,1192
2813,2753,240
2814,2650,2575
2815,2807,814
2816,1939,650
2817,1460,1309
2818,2809,2629
2819,1672,93
2820,2525,1420
2821,2721,913
2822,2607,1600
2823,2754,1790
2824,2791,825
2825,2671,443
2826,2729,1766
2827,2768,2647
2828,2717,66
2829,2808,2551
2830,1182,1047
2831,2697,2680
2832,1449,381
2833,2641,1800
2834,2733,2615
2835,2774,2757
2836,2711,2603
2837,2815,2799
2838,1453,197
2839,2824,1328
2840,1854,1145
2841,2829,1964
2842,2678,1804
2843,1823,1118
2844,2839,2837
2845,1428,1097
2846,777,55
2847,1982,1185
2848,2632,2491
2849,2803,2755
2850,2821,957
2851,2688,2533
2852,2841,2826
2853,955,567
2854,336,213
2855,2746,2727
2856,1779,114
2857,1048,217
2858,2802,1785
2859,559,558
2860,1581,92
2861,2819,1788
2862,1993,1234
2863,1576,896
2864,1989,888
2865,2780,1671
2866,2835,2567
2867,2852,1496
2868,614,547
2869,1588,208
2870,2847,2742
2871,2630,2583
2872,2763,377
2873,1196,943
2874,2833,1582
2875,2631,571
2876,2795,2699
2877,2704,546
2878,2867,2858
2879,2850,2813
2880,2576,2
2881,2715,1745
2882,2818,2287
2883,1907,1789
2884,2673,2570
2885,2602,1287
2886,768,328
2887,224,140
2888,2758,877
2889,2700,126
2890,2878,2831
2891,2611,2593
2892,1743,1715
2893,2804,1752
2894,2786,1636
2895,142,29
2896,2882,523
2897,2825,2698
2898,2500,1488
2899,2842,2756
2900,1352,599
2901,1668,1427
2902,427,345
2903,2773,1938
2904,2890,2888
2905,2844,812
2906,1019,539
2907,2896,136
2908,2849,985
2909,2237,169
2910,2696,1627
2911,2817,99
2912,2805,2771
2913,1258,506
2914,492,110
2915,2905,2806
2916,2816,544
2917,2827,1174
2918,2876,1038
2919,2634,180
2920,1163,927
2921,1684,548
2922,1369,352
2923,2854,1656
2924,2684,2618
2925,2908,2865
2926,2685,758
2927,2860,2676
2928,2872,822
2929,2775,1575
2930,1620,7
2931,2904,1363
2932,2912,2870
2933,141,102
2934,2812,1078
2935,958,302
2936,2931,1816
2937,2907,2714
2938,2936,2877
2939,2938,839
2940,2836,2730
2941,1685,1298
2942,2843,764
2943,2879,1654
2944,1875,85
2945,2674,2470
2946,1474,16
2947,2785,1232
2948,2584,1909
2949,2893,1310
2950,123,23
2951,2937,2846
2952,2918,2687
2953,2939,1477
2954,2743,155
2955,1808,1476
2956,305,162
2957,2861,2782
2958,1817,1623
2959,2823,2747
2960,1360,886
2961,1479,538
2962,2814,1802
2963,2778,1864
2964,2953,1546
2965,2928,1722
2966,2766,1540
2967,2800,942
2968,2917,1005
2969,2726,795
2970,1147,1065
2971,2445,952
2972,2921,2875
2973,2915,2874
2974,2964,1007
2975,2834,1054
2976,432,21
2977,2951,831
2978,2977,2579
2979,2591,640
2980,2974,1161
2981,2736,898
2982,2926,209
2983,1326,554
2984,2916,542
2985,2980,590
2986,2973,2627
2987,1711,1071
2988,1241,1088
2989,2925,918
2990,2986,735
2991,2985,2845
2992,479,195
2993,1587,1199
2994,2885,970
2995,2787,2662
2996,2978,1385
2997,2962,2820
2998,549,518
2999,2990,2899
3000,920,700
3001,2991,1667
3002,2856,1805
3003,992,680
3004,1570,900
3005,2968,2725
3006,2648,1974
3007,2740,1855
3008,3001,1610
3009,1750,1637
3010,2949,2946
3011,2866,1806
3012,2796,1074
3013,2932,2864
3014,216,172
3015,1797,494
3016,1373,763
3017,2760,1525
3018,3008,1264
3019,1412,1318
3020,3018,1781
3021,2734,125
3022,293,262
3023,1556,623
3024,1759,643
3025,2929,2862
3026,1695,1682
3027,2716,2490
3028,1829,709
3029,2783,330
3030,3010,2848
3031,1207,766
3032,2967,2943
3033,2972,711
3034,3020,2903
3035,1763,934
3036,2788,2621
3037,2975,752
3038,2781,1294
3039,1130,1099
3040,3034,706
3041,2857,1055
3042,2910,1528
3043,2745,324
3044,3040,783
3045,2667,1724
3046,2989,660
3047,3007,989
3048,2999,1374
3049,2957,2705
3050,3044,3013
3051,2822,912
3052,2963,631
3053,2894,1531
3054,3048,3046
3055,2900,1564
3056,3011,2933
3057,2965,2767
3058,721,76
3059,3005,2897
3060,2930,806
3061,1421,1176
3062,2838,227
3063,2966,1341
3064,2811,49
3065,1307,667
3066,2947,1541
3067,2828,1719
3068,3050,683
3069,301,288
3070,2971,1268
3071,1331,564
3072,2672,1578
3073,326,128
3074,2891,466
3075,1999,1998
3076,3062,2996
3077,2934,1411
3078,2997,873
3079,1921,1053
3080,1387,1249
3081,3025,841
3082,3031,731
3083,3068,1782
3084,2761,83
3085,3032,1844
3086,2922,1100
3087,3077,3054
3088,1026,153
3089,2994,2942
3090,3083,2901
3091,1702,372
3092,3056,1997
3093,1042,704
3094,3055,1595
3095,2954,396
3096,3076,1278
3097,3090,1584
3098,2869,320
3099,1289,414
3100,3002,2979
3101,1775,241
3102,1200,820
3103,3097,1736
3104,3087,2955
3105,3041,2604
3106,463,113
3107,2945,1404
3108,3030,1798
3109,2851,1380
3110,3057,744
3111,3037,607
3112,1703,818
3113,2959,2855
3114,3103,1644
3115,3114,627
3116,3096,775
3117,932,183
3118,1336,1190
3119,282,127
3120,3081,759
3121,2920,1355
3122,3116,1689
3123,3115,2927
3124,3052,1760
3125,3122,2895
3126,3123,2871
3127,3003,3000
3128,1343,1059
3129,2940,226
3130,1539,455
3131,3104,842
3132,2914,474
3133,2998,994
3134,3047,3004
3135,1335,801
3136,3085,1364
3137,295,69
3138,2880,819
3139,1981,1718
3140,3026,271
3141,3131,3093
3142,2832,1500
3143,1943,1106
3144,3107,845
3145,3042,1356
3146,3125,688
3147,3092,1653
3148,1633,1012
3149,3141,3066
3150,3132,1985
3151,1756,889
3152,159,36
3153,3149,749
3154,3038,613
3155,3012,708
3156,3033,779
3157,3045,2969
3158,1971,1255
3159,3126,895
3160,3110,828
3161,3009,2948
3162,3146,851
3163,3120,2984
3164,1248,1173
3165,3159,899
3166,1225,830
3167,3051,2765
3168,3016,2913
3169,3105,1612
3170,2981,1169
3171,3153,3094
3172,1526,925
3173,1728,1509
3174,3162,2889
3175,3165,3108
3176,3006,620
3177,3171,1538
3178,3136,679
3179,3157,2982
3180,3113,3053
3181,2911,2892
3182,3177,1822
3183,3160,603
3184,3175,3029
3185,3182,804
3186,3059,702
3187,2924,2797
3188,3124,1853
3189,2863,1260
3190,375,309
3191,3178,3163
3192,3186,3028
3193,3049,39
3194,3134,581
3195,3185,3151
3196,2952,760
3197,3147,2906
3198,3067,3064
3199,2749,948
3200,355,173
3201,1440,456
3202,3184,1203
3203,3195,1884
3204,3065,619
3205,2859,673
3206,3078,2902
3207,3192,3174
3208,2983,2853
3209,3197,1300
3210,3111,887
3211,2958,2881
3212,1895,1744
3213,3203,1920
3214,3202,792
3215,2580,881
3216,2675,2412
3217,1662,482
3218,3155,3109
3219,3089,893
3220,3043,2794
3221,3213,3179
3222,3188,3017
3223,3191,3075
3224,3082,767
3225,2944,2919
3226,3019,585
3227,3221,1547
3228,3167,3138
3229,3214,3063
3230,3229,3194
3231,3196,1080
3232,3183,1871
3233,3133,1245
3234,1405,813
3235,2887,1555
3236,1935,1485
3237,2909,250
3238,3084,2970
3239,1231,509
3240,3207,969
3241,3227,561
3242,3127,882
3243,3222,1958
3244,1912,1762
3245,3209,3140
3246,3176,3021
3247,3143,844
3248,2961,615
3249,3205,3118
3250,3180,2622
3251,1448,1235
3252,3230,730
3253,2941,1733
3254,3241,3168
3255,3232,670
3256,3252,511
3257,2898,8
3258,1261,630
3259,1765,1726
3260,3022,1618
3261,3242,1092
3262,3098,2993
3263,1514,276
3264,3254,3219
3265,1922,1520
3266,2840,526
3267,3264,3079
3268,3238,1640
3269,3240,3225
3270,1003,649
3271,3036,2792
3272,3261,3189
3273,3256,520
3274,3267,857
3275,3273,3233
3276,3243,1880
3277,3145,3101
3278,1996,678
3279,3274,3223
3280,3275,3255
3281,3218,1847
3282,1344,90
3283,2663,399
3284,3245,1227
3285,1621,707
3286,3023,723
3287,3095,364
3288,3201,1240
3289,3144,724
3290,3210,2960
3291,3280,1899
3292,1031,937
3293,3291,2995
3294,3086,1271
3295,3100,608
3296,3284,799
3297,3070,1738
3298,3181,3139
3299,3276,1482
3300,2810,1918
3301,3231,3039
3302,3170,431
3303,3293,829
3304,1001,514
3305,3074,188
3306,3303,3071
3307,3289,646
3308,3206,3142
3309,3306,905
3310,405,338
3311,3309,3224
3312,3269,1597
3313,3311,1727
3314,3091,1723
3315,2638,1121
3316,3035,2886
3317,3299,45
3318,3313,894
3319,3298,699
3320,1475,222
3321,3279,926
3322,3112,1512
3323,3169,3161
3324,3296,637
3325,3156,747
3326,2884,757
3327,3228,595
3328,3014,3
3329,1339,40
3330,1077,228
3331,3215,1178
3332,3220,3027
3333,3253,1124
3334,3058,981
3335,3102,867
3336,1593,1205
3337,3271,19
3338,1699,965
3339,3290,960
3340,356,35
3341,2437,265
3342,2987,1731
3343,3318,3308
3344,340,181
3345,3321,1469
3346,3345,3319
3347,3257,105
3348,3324,3295
3349,3312,3204
3350,3349,1975
3351,3339,3281
3352,1879,374
3353,3326,868
3354,3199,1929
3355,3258,3061
3356,1807,703
3357,3302,3246
3358,1978,1153
3359,3088,485
3360,3297,552
3361,3249,773
3362,3361,671
3363,3294,3250
3364,3211,264
3365,3343,875
3366,1902,5
3367,3325,737
3368,3237,484
3369,3277,3129
3370,2830,648
3371,3346,634
3372,3365,3350
3373,3307,914
3374,3272,618
3375,3371,3338
3376,472,206
3377,1049,1015
3378,1688,907
3379,3166,617
3380,3375,3304
3381,3024,1664
3382,3323,1801
3383,3380,1770
3384,1882,797
3385,3383,551
3386,1866,1284
3387,3173,1270
3388,3130,1045
3389,3385,769
3390,3389,974
3391,3212,1849
3392,3327,2873
3393,3292,1680
3394,3390,3335
3395,483,26
3396,1043,515
3397,3301,1629
3398,3158,1303
3399,1955,1381
3400,3268,3190
3401,1110,664
3402,3148,945
3403,3154,384
3404,537,536
3405,863,675
3406,3397,3394
3407,1491,1486
3408,311,244
3409,3305,95
3410,3315,939
3411,3080,1148
3412,120,100
3413,3015,684
3414,3106,855
3415,2574,329
3416,3378,1081
3417,3356,3348
3418,3234,1915
3419,3337,1843
3420,3193,1112
3421,3072,1988
3422,3300,1458
3423,158,27
3424,1277,645
3425,3404,580
3426,488,198
3427,3406,1960
3428,3373,3259
3429,3217,1874
3430,3392,3164
3431,3427,3317
3432,3372,3360
3433,3283,378
3434,3060,999
3435,3121,922
3436,391,323
3437,3400,3382
3438,3363,1896
3439,771,284
3440,3236,1799
3441,3239,1673
3442,3248,3117
3443,2935,921
3444,3370,885
3445,3431,810
3446,3445,3262
3447,1089,1000
3448,861,522
3449,3347,447
3450,2868,1254
3451,3432,908
3452,3351,3172
3453,3198,2883
3454,1501,445
3455,3367,3266
3456,3443,666
3457,3403,2976
3458,3352,1663
3459,3336,3282
3460,3364,1962
3461,3451,557
3462,3428,3260
3463,3235,1725
3464,3270,1139
3465,3376,230
3466,1490,681
3467,3342,3226
3468,3247,1905
3469,3446,163
3470,3410,3362
3471,3328,366
3472,3469,533
3473,3461,1135
3474,3353,1171
3475,1977,1392
3476,3434,1956
3477,3438,1873
3478,3473,809
3479,3472,1057
3480,1836,1483
3481,3152,2992
3482,3478,3285
3483,3479,3374
3484,3417,1900
3485,3135,1273
3486,3482,3416
3487,1010,638
3488,919,315
3489,3286,3263
3490,689,131
3491,3314,1332
3492,3320,3073
3493,3483,3333
3494,1583,1063
3495,976,727
3496,3265,3187
3497,3493,1138
3498,3497,713
3499,3401,720
3500,3287,1933
3501,1771,1687
3502,3498,1861
3503,3316,1554
3504,3420,573
3505,3486,478
3506,3477,3470
3507,3502,1650
3508,3507,931
3509,3505,786
3510,3508,3440
3511,971,823
3512,3510,1259
3513,3466,3393
3514,3409,3396
3515,3457,3452
3516,2923,653
3517,3509,3377
3518,3517,531
3519,1987,853
3520,3395,3069
3521,3455,1228
3522,3512,3468
3523,3357,3288
3524,359,235
3525,3518,951
3526,3525,521
3527,3522,780
3528,3526,3442
3529,3484,964
3530,903,891
3531,3430,625
3532,3411,3208
3533,3369,652
3534,3527,1712
3535,3534,3422
3536,2956,458
3537,3278,1767
3538,3099,967
3539,3381,1970
3540,3496,3150
3541,959,956
3542,3449,1056
3543,3368,1848
3544,3529,1419
3545,3528,3513
3546,3545,642
3547,816,174
3548,3456,3359
3549,3444,597
3550,3535,1517
3551,3550,3520
3552,3532,1397
3553,3546,535
3554,3504,1465
3555,3500,3402
3556,3551,3437
3557,1887,1846
3558,794,487
3559,3462,1713
3560,1432,560
3561,221,82
3562,3331,1812
3563,3423,2639
3564,3506,3425
3565,3354,1954
3566,3553,591
3567,3566,1208
3568,3523,3494
3569,1495,1301
3570,3567,884
3571,3570,3441
3572,3464,3413
3573,3544,3531
3574,3542,3516
3575,1162,574
3576,3556,1632
3577,3564,3559
3578,3453,3137
3579,3458,116
3580,3533,3414
3581,3407,946
3582,3548,376
3583,3474,1524
3584,1751,798
3585,1550,811
3586,3580,3571
3587,3549,3515
3588,3387,674
3589,3514,3491
3590,3565,3415
3591,3576,3447
3592,3591,3489
3593,3433,1851
3594,3488,417
3595,3435,3344
3596,3583,1506
3597,3322,911
3598,3554,3334
3599,3592,854
3600,3599,3499
3601,3573,1416
3602,3600,1157
3603,3329,1444
3604,3454,242
3605,182,11
3606,2764,385
3607,3460,3216
3608,3503,3358
3609,3602,696
3610,1630,362
3611,3598,3568
3612,3467,1732
3613,3463,1198
3614,3521,3379
3615,3609,641
3616,3555,1659
3617,3391,1948
3618,3586,693
3619,3615,3562
3620,1931,826
3621,1865,1102
3622,486,379
3623,3618,697
3624,1683,890
3625,3619,3537
3626,3623,3541
3627,1212,633
3628,3625,3577
3629,3355,98
3630,3582,1418
3631,2950,388
3632,3538,3128
3633,3557,1911
3634,3530,575
3635,3398,725
3636,3581,1791
3637,3626,3519
3638,3511,996
3639,3424,1296
3640,3419,1867
3641,3448,755
3642,3589,530
3643,3597,1930
3644,3637,807
3645,3644,1792
3646,3628,3560
3647,3587,1401
3648,3645,663
3649,3648,3588
3650,3642,519
3651,1025,14
3652,3646,3405
3653,3649,3596
3654,1447,1036
3655,3652,1090
3656,3655,3650
3657,3579,57
3658,3653,1947
3659,3656,3627
3660,3658,570
3661,3388,1286
3662,1366,1262
3663,3495,1608
3664,3366,1893
3665,3616,1753
3666,3660,1443
3667,3647,3612
3668,1553,774
3669,3604,3481
3670,1717,154
3671,1252,654
3672,3585,3476
3673,3666,961
3674,1573,1533
3675,3673,3552
3676,3659,616
3677,1944,1276
3678,3654,3480
3679,3675,3636
3680,3676,1202
3681,3487,827
3682,3680,1837
3683,3679,3590
3684,3459,1378
3685,3682,3668
3686,1730,245
3687,3485,3418
3688,3683,1604
3689,3688,583
3690,3611,1937
3691,3685,3643
3692,3635,1406
3693,3691,817
3694,3689,369
3695,3601,834
3696,3695,3620
3697,3633,1290
3698,3340,3119
3699,3693,505
3700,3578,3341
3701,3694,968
3702,3699,1910
3703,3547,869
3704,3501,726
3705,3593,569
3706,3702,3630
3707,3701,910
3708,3641,611
3709,3667,556
3710,3707,3634
3711,832,568
3712,1990,489
3713,3710,3621
3714,3709,682
3715,3706,1413
3716,3715,3697
3717,3412,3310
3718,3716,600
3719,3718,3640
3720,3629,1940
3721,3696,883
3722,3714,636
3723,3613,3606
3724,3690,3665
3725,3719,1754
3726,3725,3651
3727,3726,676
3728,3475,239
3729,3721,3244
3730,3330,1105
3731,512,65
3732,3657,3536
3733,3727,3712
3734,3733,835
3735,1223,1165
3736,3624,1652
3737,3713,1140
3738,3737,3678
3739,3251,60
3740,3608,1794
3741,3734,1293
3742,3681,3492
3743,3386,1813
3744,437,50
3745,3741,756
3746,3745,1467
3747,3738,695
3748,3692,1828
3749,3672,998
3750,3632,1246
3751,3429,3399
3752,3684,3610
3753,3722,3638
3754,3746,3661
3755,3703,753
3756,3384,1755
3757,3687,1172
3758,3754,3720
3759,3723,3540
3760,3747,582
3761,3760,733
3762,3761,3558
3763,3758,3748
3764,3607,3332
3765,1103,661
3766,3749,3705
3767,3762,543
3768,2988,1213
3769,3753,3584
3770,1992,1143
3771,3708,294
3772,3769,3763
3773,3729,0
3774,1869,1635
3775,3767,3724
3776,1229,897
3777,1949,770
3778,3757,394
3779,3662,1773
3780,577,507
3781,3773,3711
3782,3664,3631
3783,3561,3543
3784,3783,18
3785,3700,3617
3786,3775,3614
3787,947,687
3788,3740,3728
3789,1809,404
3790,3752,3539
3791,950,612
3792,1720,1565
3793,3764,3450
3794,3781,3772
3795,1617,589
3796,3786,1696
3797,3796,1027
3798,3797,3731
3799,3574,609
3800,3778,3421
3801,3575,628
3802,3777,986
3803,3768,1158
3804,1858,1377
3805,3794,732
3806,3639,647
3807,3798,1534
3808,1888,525
3809,3490,632
3810,3807,349
3811,3810,3785
3812,3811,3436
3813,3805,3663
3814,3594,870
3815,3471,3465
3816,3812,833
3817,1946,1487
3818,3766,48
3819,3813,3595
3820,3736,1399
3821,3816,1764
3822,3821,3735
3823,3822,1070
3824,3819,3802
3825,3759,1961
3826,3792,1222
3827,3787,840
3828,3814,3426
3829,3823,321
3830,3824,787
3831,3830,644
3832,3831,555
3833,3825,3732
3834,1389,738
3835,3832,3818
3836,3795,3730
3837,3827,3791
3838,3835,1179
3839,1574,1480
3840,3839,3829
3841,3669,121
3842,3838,621
3843,3842,3804
3844,3840,677
3845,3844,3704
3846,3799,3782
3847,3843,3826
3848,3845,1698
3849,3847,3674
3850,3776,3750
3851,550,290
3852,973,566
3853,3848,665
3854,3853,3841
3855,3849,3801
3856,3855,3809
3857,3854,1060
3858,668,450
3859,3788,785
3860,3857,3569
3861,3860,690
3862,3739,2388
3863,3846,277
3864,3856,1288
3865,3864,1115
3866,3865,516
3867,821,584
3868,3861,3603
3869,3866,941
3870,991,592
3871,3572,962
3872,3200,1123
3873,852,788
3874,3868,1086
3875,1519,980
3876,3806,3800
3877,3876,3869
3878,3874,953
3879,3756,782
3880,3878,3867
3881,3877,1735
3882,3833,44
3883,3770,1383
3884,3881,3820
3885,3884,847
3886,3858,3742
3887,3880,3837
3888,3698,421
3889,3887,3670
3890,3889,3882
3891,3850,3765
3892,3859,3852
3893,3885,3771
3894,3815,3622
3895,3890,3755
3896,3893,871
3897,3896,858
3898,3897,3879
3899,3895,3408
3900,3898,3834
3901,3828,954
3902,3774,1518
3903,3863,864
3904,3900,3808
3905,3904,3899
3906,3892,3717
3907,3851,1542
3908,3906,3790
3909,3905,386
3910,3891,3883
3911,3871,1898
3912,3793,3751
3913,3888,3524
3914,3872,502
3915,3909,1607
3916,3903,978
3917,3671,1969
3918,3894,3744
3919,1705,156
3920,3836,3439
3921,3803,1302
3922,3916,3780
3923,3915,1438
3924,3911,3817
3925,3923,3918
3926,3743,1511
3927,3605,393
3928,3789,1436
3929,3925,3886
3930,3910,1845
3931,3929,938
3932,3931,3917
3933,3930,3922
3934,3677,1330
3935,3920,578
3936,3932,3913
3937,3912,101
3938,3914,3779
3939,1455,1256
3940,1522,718
3941,3939,3936
3942,3941,1023
3943,3942,563
3944,3943,3901
3945,3928,3908
3946,3944,3924
3947,728,22
3948,3935,3873
3949,3937,3686
3950,3949,3870
3951,3875,308
3952,3946,596
3953,3952,3907
3954,930,754
3955,3953,402
3956,3955,1678
3957,3956,1462
3958,3957,513
3959,3950,3902
3960,3958,267
3961,3862,3784
3962,247,64
3963,3960,1236
3964,3963,3945
3965,3964,3921
3966,3965,3962
3967,3966,3919
3968,3934,3933
3969,3967,132
3970,3969,3938
3971,1953,1464
3972,1830,71
3973,3970,1769
3974,3959,997
3975,3973,1906
3976,3975,3951
3977,3976,3927
3978,3974,34
3979,3968,462
3980,380,289
3981,3977,3954
3982,3981,3971
3983,3982,3979
3984,3983,3948
3985,3978,917
3986,3985,3563
3987,3947,3940
3988,3984,1046
3989,3988,3926
3990,3989,3987
3991,3990,3961
3992,3986,160
3993,3992,3972
3994,3991,3980
3995,3994,534
3996,3993,651
3997,3996,3995
3998,3997,1842
