2000,1598,1013
2001,1242,433
2002,1281,33
2003,1315,1201
2004,1951,96
2005,1926,1857
2006,1096,390
2007,2001,1098
2008,2004,94
2009,2003,2000
2010,2007,53
2011,2002,1177
2012,409,207
2013,1219,1073
2014,2008,150
2015,2009,1357
2016,2005,41
2017,2010,2006
2018,477,117
2019,490,220
2020,389,20
2021,2013,1742
2022,1131,815
2023,2018,1084
2024,398,367
2025,1838,1544
2026,2017,215
2027,2026,77
2028,2011,1039
2029,2015,2014
2030,1567,47
2031,2021,1188
2032,2028,135
2033,2023,2019
2034,2022,1137
2035,1446,1018
2036,1649,1093
2037,1892,1154
2038,2031,1107
2039,1778,1133
2040,1220,79
2041,253,112
2042,1746,74
2043,1984,1349
2044,2029,124
2045,410,138
2046,151,86
2047,2025,1347
2048,285,75
2049,401,368
2050,2034,714
2051,1834,251
2052,1747,43
2053,2032,2016
2054,2044,204
2055,2050,2027
2056,1489,1478
2057,2054,1881
2058,1968,1777
2059,1481,353
2060,1150,1052
2061,2024,72
2062,2055,1195
2063,2035,1321
2064,2053,1676
2065,449,152
2066,1566,1265
2067,2043,2039
2068,237,89
2069,2012,1536
2070,231,107
2071,1734,1657
2072,2036,1840
2073,1661,501
2074,62,12
2075,2030,1675
2076,2040,1647
2077,453,261
2078,1275,1082
2079,2047,2038
2080,1513,880
2081,2049,392
2082,1825,1631
2083,2057,1425
2084,1051,465
2085,2033,170
2086,281,246
2087,1890,1523
2088,2045,354
2089,1342,963
2090,1772,1589
2091,2062,1423
2092,257,59
2093,2064,1504
2094,2056,1815
2095,1334,1272
2096,1433,357
2097,2037,742
2098,1424,413
2099,146,37
2100,2074,171
2101,2081,119
2102,2093,762
2103,2090,2083
2104,2102,901
2105,1959,168
2106,2091,1497
2107,429,403
2108,2094,2068
2109,1577,1035
2110,2073,722
2111,1979,73
2112,1928,115
2113,2097,2085
2114,1180,527
2115,1292,343
2116,2051,1430
2117,1283,1020
2118,2104,1400
2119,2103,2071
2120,2100,1329
2121,440,218
2122,371,243
2123,2110,2060
2124,1068,793
2125,2061,2020
2126,2088,2069
2127,1835,1605
2128,1924,1126
2129,2118,2072
2130,2080,1087
2131,2052,1821
2132,2095,1311
2133,1457,1132
2134,2111,2106
2135,2117,1708
2136,260,255
2137,1758,97
2138,2113,658
2139,2042,1338
2140,2079,2076
2141,2119,103
2142,2089,1814
2143,2123,2082
2144,1877,1320
2145,1193,1006
2146,1886,259
2147,2078,1141
2148,2138,987
2149,2121,2115
2150,1692,1537
2151,2129,1037
2152,2087,1266
2153,200,167
2154,1967,1856
2155,2134,2108
2156,1299,1282
2157,1757,460
2158,2107,2092
2159,2151,2112
2160,2139,1239
2161,2142,508
2162,1994,1615
2163,2058,1868
2164,2148,1991
2165,2075,2067
2166,2141,1306
2167,2086,442
2168,1125,626
2169,2166,1498
2170,219,15
2171,2063,1463
2172,439,108
2173,291,4
2174,2155,1737
2175,2159,1337
2176,2127,339
2177,2169,2150
2178,2120,310
2179,2149,2114
2180,1603,1548
2181,2130,1503
2182,1375,298
2183,1415,1251
2184,2122,270
2185,655,184
2186,2174,1114
2187,2140,1230
2188,2158,423
2189,2152,1885
2190,2177,1883
2191,2164,2046
2192,2175,344
2193,1646,1295
2194,2132,1368
2195,2187,1308
2196,470,51
2197,2126,88
2198,2170,906
2199,2190,2096
2200,2168,2116
2201,587,118
2202,2160,1505
2203,2066,1218
2204,2192,935
2205,2186,2124
2206,2165,1941
2207,2195,1386
2208,1557,192
2209,1471,1439
2210,2208,2179
2211,2204,1398
2212,2135,2059
2213,2143,1552
2214,2144,1017
2215,292,238
2216,307,252
2217,425,337
2218,1224,1168
2219,1876,360
2220,2098,199
2221,2211,1606
2222,2128,46
2223,2199,1434
2224,498,275
2225,2131,1590
2226,2205,2048
2227,370,304
2228,1382,1367
2229,2213,2202
2230,2194,1579
2231,2191,1291
2232,2207,1914
2233,2105,1917
2234,1530,1379
2235,1613,1529
2236,2200,2154
2237,236,202
2238,2099,1601
2239,2156,1333
2240,2161,1586
2241,420,318
2242,2163,1101
2243,106,42
2244,1860,1643
2245,2184,876
2246,2223,2218
2247,2197,1156
2248,2226,1422
2249,2239,1297
2250,1710,1216
2251,495,52
2252,2215,2101
2253,1040,287
2254,179,61
2255,2229,2221
2256,2181,1041
2257,2220,1894
2258,805,635
2259,2196,2188
2260,299,186
2261,334,258
2262,2147,1417
2263,2210,2153
2264,2232,1253
2265,1560,286
2266,1787,1591
2267,2248,1186
2268,1923,1648
2269,2267,838
2270,2146,1660
2271,2249,2198
2272,2193,1651
2273,2236,2230
2274,2182,2178
2275,2256,2246
2276,2255,1187
2277,2084,278
2278,2231,137
2279,2269,916
2280,1435,1028
2281,2125,1144
2282,1127,300
2283,2275,1034
2284,1473,1083
2285,1348,350
2286,1693,400
2287,1350,17
2288,2242,1585
2289,2219,1707
2290,2228,1602
2291,1206,196
2292,2212,892
2293,2233,1450
2294,2279,2278
2295,2241,272
2296,796,739
2297,1384,229
2298,860,776
2299,2250,1761
2300,2276,2273
2301,2225,2173
2302,2137,312
2303,2264,2245
2304,2171,2133
2305,2290,1164
2306,2070,2065
2307,2183,1370
2308,2283,778
2309,2206,1304
2310,2189,1429
2311,1913,1645
2312,2167,415
2313,2145,1091
2314,2266,1257
2315,2176,2109
2316,473,189
2317,879,28
2318,1274,1067
2319,545,500
2320,1376,923
2321,2298,2234
2322,1204,296
2323,2308,2262
2324,1095,476
2325,1919,1826
2326,2303,2222
2327,279,129
2328,984,70
2329,2041,143
2330,2077,223
2331,2209,1076
2332,2247,122
2333,1925,1810
2334,1079,610
2335,2172,6
2336,497,469
2337,1739,1580
2338,2271,1965
2339,1827,314
2340,407,317
2341,2281,263
2342,2294,1214
2343,1551,1002
2344,2162,1108
2345,2323,2270
2346,2305,2263
2347,2310,784
2348,1904,1393
2349,979,9
2350,2342,1390
2351,2261,346
2352,2299,2157
2353,1870,1562
2354,1543,416
2355,2300,2292
2356,2240,1111
2357,2272,2180
2358,397,104
2359,1237,765
2360,2214,1104
2361,491,313
2362,2338,1044
2363,2347,2288
2364,2302,91
2365,2295,161
2366,2350,1345
2367,2277,395
2368,1729,191
2369,1402,365
2370,1681,175
2371,249,210
2372,1572,424
2373,2216,280
2374,2314,2311
2375,1510,629
2376,2345,662
2377,2356,2257
2378,149,10
2379,2265,1211
2380,1614,1269
2381,1619,1516
2382,2309,975
2383,2244,915
2384,2253,493
2385,2376,2307
2386,2366,789
2387,2346,2282
2388,316,306
2389,1279,1085
2390,2355,2348
2391,2252,273
2392,2312,639
2393,2334,2326
2394,1976,1395
2395,972,736
2396,1686,363
2397,2260,351
2398,2385,1859
2399,2315,1507
2400,2332,412
2401,2317,1062
2402,2386,2328
2403,2301,1532
2404,2393,933
2405,2235,1167
2406,1247,790
2407,2398,1322
2408,2400,2390
2409,1394,434
2410,2387,2362
2411,1359,843
2412,2217,133
2413,2402,2274
2414,2344,1029
2415,1795,1358
2416,1748,1674
2417,1437,1210
2418,2203,1075
2419,2324,872
2420,2322,1319
2421,452,254
2422,2407,2353
2423,2403,2363
2424,2351,2254
2425,185,67
2426,2304,1312
2427,2238,1466
2428,2368,1839
2429,2422,1666
2430,2349,2289
2431,2340,438
2432,2389,1932
2433,2429,2419
2434,2404,1441
2435,2420,1768
2436,2293,949
2437,176,31
2438,1209,68
2439,2296,541
2440,2259,1032
2441,274,205
2442,1811,496
2443,2413,2379
2444,2377,1117
2445,457,56
2446,2373,256
2447,134,81
2448,1408,529
2449,1033,862
2450,2401,791
2451,1372,1353
2452,2433,1022
2453,2434,1611
2454,2436,358
2455,2408,2321
2456,2375,849
2457,2359,2331
2458,2313,750
2459,2443,517
2460,2399,686
2461,2319,712
2462,2450,940
2463,1410,1340
2464,1622,1456
2465,2280,1285
2466,2341,109
2467,2360,1129
2468,2432,2374
2469,1327,694
2470,1824,1803
2471,2423,194
2472,2396,2392
2473,2460,2201
2474,2286,1313
2475,2455,1217
2476,2452,1122
2477,2462,2459
2478,2405,1445
2479,426,187
2480,1691,1452
2481,2440,2320
2482,178,84
2483,2406,781
2484,2327,1549
2485,2391,232
2486,1697,1324
2487,2431,266
2488,2354,1502
2489,2333,283
2490,481,87
2491,451,130
2492,504,319
2493,2439,579
2494,2430,1927
2495,2453,2284
2496,2444,2394
2497,2476,2418
2498,1973,1119
2499,468,111
2500,1820,435
2501,2467,1677
2502,2475,1818
2503,2285,1181
2504,2409,475
2505,2494,1950
2506,2382,13
2507,1170,572
2508,2426,1009
2509,2337,1351
2510,2477,540
2511,2502,1184
2512,2251,63
2513,1863,1030
2514,1952,1625
2515,2478,2384
2516,2497,2361
2517,1916,1116
2518,2427,1323
2519,2372,2365
2520,2511,2383
2521,944,800
2522,2352,1714
2523,2493,2473
2524,2456,710
2525,1280,1149
2526,2516,1704
2527,2520,2370
2528,480,233
2529,2485,1655
2530,2243,341
2531,2227,1776
2532,2495,2357
2533,2447,203
2534,2316,333
2535,2481,1113
2536,2395,1414
2537,2466,2297
2538,1833,993
2539,2381,1365
2540,2527,746
2541,2471,659
2542,1749,411
2543,467,322
2544,2378,348
2545,2454,1521
2546,2449,2410
2547,2480,2415
2548,1819,772
2549,2329,1
2550,2532,803
2551,1175,1094
2552,2510,2435
2553,2515,2417
2554,2451,2367
2555,2472,148
2556,461,406
2557,2526,1461
2558,1709,1599
2559,717,528
2560,2457,705
2561,2552,1396
2562,2496,419
2563,2557,2541
2564,1361,1238
2565,1903,1571
2566,2518,1451
2567,1515,383
2568,2524,1784
2569,2540,846
2570,2224,24
2571,2464,2428
2572,2508,1159
2573,2569,2546
2574,387,144
2575,1243,995
2576,2325,2136
2577,2364,1134
2578,2561,2424
2579,2512,418
2580,1642,1624
2581,2484,1346
2582,1388,157
2583,1638,602
2584,1011,268
2585,1409,565
2586,2458,902
2587,604,436
2588,909,444
2589,2568,1061
2590,2573,2505
2591,1109,586
2592,2550,2461
2593,2554,2358
2594,1679,524
2595,2469,751
2596,1354,190
2597,2535,2185
2598,2339,1942
2599,2578,2553
2600,1831,1616
2601,2539,2501
2602,1980,1454
2603,1721,1183
2604,1780,1563
2605,1008,58
2606,2468,2318
2607,2414,1069
2608,2523,1016
2609,2590,2335
2610,2562,2504
2611,1569,1194
2612,2522,1740
2613,2537,1936
2614,2592,1626
2615,2503,1852
2616,2563,2488
2617,990,606
2618,2421,361
2619,2572,325
2620,2438,1064
2621,165,30
2622,1191,588
2623,2589,2474
2624,2599,1050
2625,2616,904
2626,1594,836
2627,1066,166
2628,1983,1250
2629,982,741
2630,1484,441
2631,1878,716
2632,2397,139
2633,2483,865
2634,1670,1561
2635,2624,2617
2636,2506,598
2637,2609,1263
2638,2268,1244
2639,347,327
2640,2637,1426
2641,2507,928
2642,2640,2608
2643,1665,1215
2644,2560,38
2645,1493,1189
2646,2517,2369
2647,1986,929
2648,1472,1136
2649,2635,874
2650,1535,1014
2651,2625,2566
2652,2620,1403
2653,2597,2521
2654,1897,1527
2655,2595,1862
2656,2636,2545
2657,2529,2487
2658,2559,1391
2659,2614,2596
2660,1641,672
2661,2463,510
2662,297,201
2663,2258,1832
2664,2610,1146
2665,2651,856
2666,2619,924
2667,1568,1499
2668,2564,622
2669,2587,748
2670,2536,1634
2671,2558,1221
2672,1850,331
2673,2291,1197
2674,2343,691
2675,2482,499
2676,1431,701
2677,2665,1793
2678,2565,248
2679,2499,211
2680,2448,1872
2681,2649,1305
2682,2677,562
2683,2642,2571
2684,2446,2442
2685,1058,848
2686,2644,743
2687,2519,454
2688,1362,692
2689,2577,2531
2690,2681,1694
2691,2612,2416
2692,1559,1371
2693,2683,2588
2694,2682,734
2695,2659,1701
2696,2486,878
2697,2598,1934
2698,2586,503
2699,2425,1700
2700,1690,1267
2701,2530,147
2702,2695,1716
2703,2694,1945
2704,2538,2287
2705,2513,601
2706,1639,1155
2707,2606,1072
2708,2703,740
2709,2655,2555
2710,2693,936
2711,2710,1786
2712,1957,1459
2713,2465,1508
2714,685,214
2715,2600,1891
2716,446,408
2717,2544,422
2718,2664,1470
2719,2711,1995
2720,2547,1592
2721,2709,332
2722,2708,2582
2723,2702,605
2724,2719,2661
2725,1628,1151
2726,1972,576
2727,1783,1442
2728,2724,553
2729,988,977
2730,2549,193
2731,2660,1492
2732,2690,2686
2733,2722,1706
2734,2594,25
2735,2628,1128
2736,2728,669
2737,1120,593
2738,2633,234
2739,2733,2581
2740,2626,2380
2741,2718,2585
2742,2509,657
2743,2498,428
2744,2723,624
2745,2336,2306
2746,1609,1558
2747,2548,866
2748,2653,802
2749,1142,837
2750,2739,2330
2751,2736,761
2752,2514,719
2753,2657,2479
2754,1741,824
2755,1316,1160
2756,2411,1908
2757,2670,983
2758,2658,859
2759,1545,1166
2760,2492,303
2761,2720,2687
2762,2666,269
2763,342,80
2764,729,656
2765,966,698
2766,1494,1317
2767,2601,1325
2768,2748,1669
2769,2750,1152
2770,1233,745
2771,2707,2371
2772,1596,32
2773,2656,78
2774,2646,1024
2775,2769,2643
2776,2732,2605
2777,2741,2669
2778,2613,212
2779,2668,2623
2780,2692,459
2781,373,177
2782,1226,850
2783,1004,145
2784,2775,1901
2785,2679,1314
2786,1841,1658
2787,2528,225
2788,2543,430
2789,2751,715
2790,2784,1963
2791,2744,2652
2792,464,54
2793,2534,382
2794,2691,2654
2795,2713,1796
2796,2441,335
2797,2790,2731
2798,2776,2645
2799,1774,594
2800,2696,532
2801,2789,2771
2802,2768,1021
2803,2777,2489
2804,2798,2542
2805,2761,2738
2806,2779,2752
2807,1889,1468
2808,2797,808
2809,2801,1966
2810,471,448
2811,2804,2629
2812,2556,164
2813,1407,1192
2814,2753,240
2815,2650,2575
2816,2808,814
2817,1939,650
2818,1460,1309
2819,1672,93
2820,2525,1420
2821,2721,913
2822,2607,1600
2823,2754,1790
2824,2791,825
2825,2671,443
2826,2729,1766
2827,2767,2647
2828,2717,66
2829,2809,2551
2830,1182,1047
2831,2698,2680
2832,1449,381
2833,2641,1800
2834,2734,2615
2835,2773,2757
2836,2712,2603
2837,2811,2704
2838,2816,2799
2839,1453,197
2840,2824,1328
2841,1854,1145
2842,2829,1964
2843,2678,1804
2844,1823,1118
2845,2840,2838
2846,1428,1097
2847,777,55
2848,1982,1185
2849,2632,2491
2850,2803,2755
2851,2821,957
2852,2689,2533
2853,2842,2826
2854,955,567
2855,336,213
2856,2746,2727
2857,1779,114
2858,1048,217
2859,2802,1785
2860,559,558
2861,614,547
2862,1581,92
2863,2819,1788
2864,1993,1234
2865,1576,896
2866,1989,888
2867,2780,1671
2868,2835,2567
2869,2853,1496
2870,1588,208
2871,2848,2742
2872,2630,2583
2873,2762,377
2874,1196,943
2875,2833,1582
2876,2631,571
2877,2794,2700
2878,2705,546
2879,2869,2859
2880,2851,2814
2881,2715,1745
2882,1907,1789
2883,2673,2570
2884,2602,1287
2885,768,328
2886,224,140
2887,2758,877
2888,2701,126
2889,2879,2831
2890,2611,2593
2891,1743,1715
2892,2805,1752
2893,2786,1636
2894,142,29
2895,2837,523
2896,2825,2699
2897,2500,1488
2898,2843,2756
2899,1352,599
2900,1668,1427
2901,427,345
2902,2772,1938
2903,2889,2887
2904,2845,812
2905,1019,539
2906,2895,136
2907,2850,985
2908,2237,169
2909,2697,1627
2910,2818,99
2911,2806,2770
2912,1258,506
2913,492,110
2914,2904,2807
2915,2817,544
2916,2827,1174
2917,2877,1038
2918,2634,180
2919,1163,927
2920,1684,548
2921,1369,352
2922,2855,1656
2923,2684,2618
2924,2907,2867
2925,2685,758
2926,2862,2676
2927,2873,822
2928,2774,1575
2929,1620,7
2930,2903,1363
2931,2911,2871
2932,141,102
2933,2813,1078
2934,958,302
2935,2930,1816
2936,2906,2714
2937,2935,2878
2938,2937,839
2939,2836,2730
2940,1685,1298
2941,2844,764
2942,2880,1654
2943,1875,85
2944,2674,2470
2945,1474,16
2946,2785,1232
2947,2584,1909
2948,2576,631
2949,2892,1310
2950,123,23
2951,2936,2847
2952,2917,2688
2953,2938,1477
2954,2743,155
2955,1808,1476
2956,305,162
2957,2863,2782
2958,1817,1623
2959,2823,2747
2960,1360,886
2961,1479,538
2962,2815,1802
2963,2778,1864
2964,2953,1546
2965,2927,1722
2966,2765,1540
2967,2800,942
2968,2916,1005
2969,2726,795
2970,1147,1065
2971,2445,952
2972,2920,2876
2973,2914,2875
2974,2964,1007
2975,2834,1054
2976,432,21
2977,2951,831
2978,2977,2579
2979,2591,640
2980,2974,1161
2981,2737,898
2982,2925,209
2983,1326,554
2984,2915,542
2985,2980,590
2986,2973,2627
2987,1711,1071
2988,1241,1088
2989,2924,918
2990,2986,735
2991,2985,2846
2992,479,195
2993,1587,1199
2994,2884,970
2995,2787,2662
2996,2978,1385
2997,2962,2820
2998,549,518
2999,2990,2898
3000,920,700
3001,2991,1667
3002,2857,1805
3003,992,680
3004,1570,900
3005,2968,2725
3006,2648,1974
3007,2740,1855
3008,3001,1610
3009,1750,1637
3010,2949,2945
3011,2868,1806
3012,2795,1074
3013,2931,2866
3014,216,172
3015,1797,494
3016,1373,763
3017,2759,1525
3018,3008,1264
3019,1412,1318
3020,3018,1781
3021,2735,125
3022,293,262
3023,1556,623
3024,1759,643
3025,2928,2864
3026,2948,2822
3027,1695,1682
3028,2716,2490
3029,1829,709
3030,2783,330
3031,3010,2849
3032,1207,766
3033,2967,2942
3034,2972,711
3035,3020,2902
3036,1763,934
3037,2788,2621
3038,2975,752
3039,2781,1294
3040,1130,1099
3041,3035,706
3042,2858,1055
3043,2909,1528
3044,2745,324
3045,3041,783
3046,2667,1724
3047,2989,660
3048,3007,989
3049,2999,1374
3050,2957,2706
3051,3045,3013
3052,2893,1531
3053,3049,3047
3054,2899,1564
3055,3011,2932
3056,2965,2766
3057,721,76
3058,3005,2896
3059,2929,806
3060,1421,1176
3061,2839,227
3062,2966,1341
3063,1307,667
3064,2946,1541
3065,2828,1719
3066,2812,49
3067,3051,683
3068,301,288
3069,2971,1268
3070,1331,564
3071,2672,1578
3072,326,128
3073,2890,466
3074,1999,1998
3075,3061,2996
3076,2933,1411
3077,2997,873
3078,1921,1053
3079,1387,1249
3080,3025,841
3081,3032,731
3082,2963,1760
3083,3067,1782
3084,2760,83
3085,3033,1844
3086,2921,1100
3087,3076,3053
3088,1026,153
3089,2994,2941
3090,3083,2900
3091,1702,372
3092,3055,1997
3093,1042,704
3094,3054,1595
3095,2954,396
3096,3075,1278
3097,3090,1584
3098,2870,320
3099,1289,414
3100,3002,2979
3101,1775,241
3102,1200,820
3103,3097,1736
3104,3087,2955
3105,3042,2604
3106,3103,627
3107,463,113
3108,2944,1404
3109,3031,1798
3110,2852,1380
3111,3056,744
3112,3038,607
3113,1703,818
3114,2959,2856
3115,3106,1644
3116,3096,775
3117,932,183
3118,1336,1190
3119,282,127
3120,3080,759
3121,3115,2872
3122,2919,1355
3123,3116,1689
3124,3123,2894
3125,3003,3000
3126,1343,1059
3127,2939,226
3128,1539,455
3129,3104,842
3130,2913,474
3131,3121,2926
3132,2998,994
3133,3048,3004
3134,1335,801
3135,3085,1364
3136,295,69
3137,1981,1718
3138,3027,271
3139,3129,3093
3140,2832,1500
3141,1943,1106
3142,3108,845
3143,3124,688
3144,3082,1853
3145,3092,1653
3146,1633,1012
3147,3043,1356
3148,3139,3064
3149,3130,1985
3150,1756,889
3151,159,36
3152,3148,749
3153,3039,613
3154,3012,708
3155,3034,779
3156,3046,2969
3157,1971,1255
3158,3131,895
3159,3111,828
3160,3009,2947
3161,3143,851
3162,3120,2984
3163,1248,1173
3164,3158,899
3165,1225,830
3166,3152,1538
3167,3016,2912
3168,3105,1612
3169,2981,1169
3170,1526,925
3171,1728,1509
3172,3161,2888
3173,3164,3109
3174,3166,3094
3175,3006,620
3176,3135,679
3177,3156,2982
3178,3114,3052
3179,2910,2891
3180,3174,1822
3181,3159,603
3182,3173,3030
3183,3180,804
3184,3058,702
3185,2923,2796
3186,2865,1260
3187,375,309
3188,3176,3162
3189,3184,3029
3190,3050,39
3191,3026,912
3192,3133,581
3193,3183,3150
3194,3154,2764
3195,2952,760
3196,3145,2905
3197,3066,3065
3198,2749,948
3199,355,173
3200,1440,456
3201,3182,1203
3202,3193,1884
3203,3063,619
3204,3144,1958
3205,2860,673
3206,3077,2901
3207,3189,3172
3208,2983,2854
3209,3196,1300
3210,3112,887
3211,2958,2881
3212,3204,3017
3213,1895,1744
3214,3202,1920
3215,3201,792
3216,2580,881
3217,2675,2412
3218,1662,482
3219,3089,893
3220,3044,2793
3221,1231,1171
3222,3214,3177
3223,1031,937
3224,3188,3074
3225,3081,767
3226,2943,2918
3227,3019,585
3228,3222,1547
3229,3215,3062
3230,3229,3192
3231,3195,1080
3232,3181,1871
3233,3132,1245
3234,1405,813
3235,2886,1555
3236,1935,1485
3237,2908,250
3238,3084,2970
3239,3207,969
3240,3228,561
3241,3125,882
3242,3110,1847
3243,1912,1762
3244,3209,3138
3245,3175,3021
3246,3141,844
3247,2961,615
3248,3178,2622
3249,1448,1235
3250,3230,730
3251,2940,1733
3252,3240,3167
3253,3232,670
3254,3250,511
3255,2897,8
3256,1261,630
3257,1765,1726
3258,3022,1618
3259,3241,1092
3260,3212,1880
3261,3098,2993
3262,2874,819
3263,1514,276
3264,3252,3219
3265,1922,1520
3266,2841,526
3267,3264,3078
3268,3238,1640
3269,3205,724
3270,3239,3226
3271,1003,649
3272,3037,2792
3273,3259,3186
3274,3254,520
3275,3267,857
3276,3274,3233
3277,3147,3101
3278,1996,678
3279,3275,3224
3280,3276,3253
3281,1344,90
3282,2663,399
3283,3244,1227
3284,1621,707
3285,3023,723
3286,3118,1240
3287,3095,364
3288,3242,3153
3289,3210,2960
3290,3260,45
3291,3280,1899
3292,3194,648
3293,3291,2995
3294,3142,646
3295,3086,1271
3296,3100,608
3297,3283,799
3298,3069,1738
3299,3290,1482
3300,3179,3137
3301,2810,1918
3302,3231,3040
3303,3169,431
3304,3200,3070
3305,3293,829
3306,1001,514
3307,3073,188
3308,3305,905
3309,3206,3140
3310,595,2
3311,405,338
3312,3308,3225
3313,3270,1597
3314,3312,1727
3315,3091,1723
3316,2638,1121
3317,3036,2885
3318,3314,894
3319,3300,699
3320,1475,222
3321,3279,926
3322,3113,1512
3323,3168,3160
3324,3297,637
3325,3155,747
3326,2883,757
3327,3014,3
3328,1339,40
3329,1077,228
3330,3216,1178
3331,3313,1975
3332,3220,3028
3333,3251,1124
3334,3057,981
3335,3102,867
3336,1593,1205
3337,3272,19
3338,1699,965
3339,3289,960
3340,3321,3319
3341,356,35
3342,3318,3309
3343,2437,265
3344,2987,1731
3345,340,181
3346,3255,105
3347,3324,3296
3348,3191,625
3349,3331,3203
3350,1879,374
3351,3326,868
3352,3198,1929
3353,3256,3060
3354,1807,703
3355,3303,3245
3356,1978,1153
3357,3340,1469
3358,3288,2976
3359,3088,485
3360,3292,2830
3361,3298,552
3362,3339,3170
3363,3295,3248
3364,3342,875
3365,3211,264
3366,1902,5
3367,3325,737
3368,3237,484
3369,3277,3127
3370,3357,634
3371,3364,3349
3372,3273,618
3373,3294,914
3374,3373,3269
3375,3370,3338
3376,2639,27
3377,472,206
3378,1049,1015
3379,3286,671
3380,1688,907
3381,3165,617
3382,3375,3306
3383,3024,1664
3384,3382,1770
3385,3323,1801
3386,3316,773
3387,1882,797
3388,3384,551
3389,1866,1284
3390,3348,3163
3391,3171,1270
3392,3128,1045
3393,3388,769
3394,3393,974
3395,3213,1849
3396,3362,971
3397,3299,384
3398,3223,1680
3399,3394,3335
3400,483,26
3401,1043,515
3402,3302,1629
3403,3157,1303
3404,1955,1381
3405,3268,3187
3406,1110,664
3407,3146,945
3408,537,536
3409,863,675
3410,3402,3399
3411,1491,1486
3412,3360,666
3413,311,244
3414,3307,95
3415,3079,1148
3416,120,100
3417,3015,684
3418,3107,855
3419,2574,329
3420,3380,1081
3421,3354,3347
3422,3234,1915
3423,3390,3310
3424,3221,1673
3425,3337,1843
3426,3190,1112
3427,3071,1988
3428,3301,1458
3429,1277,645
3430,3408,580
3431,488,198
3432,3410,1960
3433,3374,3258
3434,3218,1874
3435,3371,3361
3436,3423,3262
3437,3282,378
3438,3059,999
3439,3386,3379
3440,3432,3397
3441,3122,922
3442,391,323
3443,3405,3385
3444,3440,3261
3445,3363,1896
3446,771,284
3447,3236,1799
3448,3247,3117
3449,3396,823
3450,3412,921
3451,3435,908
3452,1089,1000
3453,861,522
3454,3346,447
3455,2861,1254
3456,3197,2882
3457,3257,1713
3458,1501,445
3459,3367,3266
3460,3444,810
3461,3350,1663
3462,3451,557
3463,3336,3281
3464,3235,1725
3465,3271,1139
3466,3377,230
3467,1490,681
3468,3460,163
3469,3344,3227
3470,3246,1905
3471,3327,366
3472,3462,1135
3473,3468,533
3474,1977,1392
3475,3438,1956
3476,3358,967
3477,3472,809
3478,3445,1873
3479,3476,3099
3480,3473,1057
3481,3477,3284
3482,1836,1483
3483,2934,376
3484,1962,834
3485,3351,1506
3486,3481,3420
3487,3480,3372
3488,3421,1900
3489,3134,1273
3490,1010,638
3491,919,315
3492,3285,3263
3493,689,131
3494,3315,1332
3495,3320,3072
3496,3487,3333
3497,1583,1063
3498,3265,3185
3499,3496,713
3500,3406,720
3501,3486,509
3502,3499,1138
3503,3287,1933
3504,3457,3433
3505,976,727
3506,1771,1687
3507,3502,1861
3508,3317,1554
3509,3426,573
3510,3501,478
3511,3507,1650
3512,3511,931
3513,3510,786
3514,3512,1259
3515,3514,3447
3516,3513,3304
3517,1987,853
3518,3467,3398
3519,3414,3401
3520,3478,939
3521,2922,653
3522,3516,3378
3523,3522,531
3524,3503,3439
3525,3459,1228
3526,3515,3470
3527,359,235
3528,3526,780
3529,3523,951
3530,3529,521
3531,3488,964
3532,3530,3448
3533,903,891
3534,3415,3208
3535,3528,1712
3536,3369,652
3537,3483,3359
3538,3450,3449
3539,3535,3428
3540,3479,2950
3541,2956,458
3542,3278,1767
3543,3497,3355
3544,3531,3520
3545,3383,1970
3546,885,597
3547,959,956
3548,3454,1056
3549,3368,1848
3550,816,174
3551,3539,3068
3552,3119,2992
3553,3551,1517
3554,3553,3400
3555,3534,1397
3556,3509,1465
3557,3532,535
3558,3557,642
3559,3554,3443
3560,1887,1846
3561,794,487
3562,1432,560
3563,221,82
3564,3330,1812
3565,3504,832
3566,3558,1208
3567,3566,3518
3568,3352,1954
3569,3567,884
3570,3569,591
3571,1495,1301
3572,3543,3381
3573,3559,3430
3574,3536,3151
3575,3465,3417
3576,3548,3521
3577,1162,574
3578,3573,1632
3579,3456,3136
3580,3461,116
3581,3411,946
3582,3365,3243
3583,3149,486
3584,1751,798
3585,3570,3418
3586,3391,674
3587,3565,3544
3588,3519,3494
3589,3568,3419
3590,3578,3452
3591,3437,1851
3592,3491,417
3593,3590,3492
3594,3583,3425
3595,3441,3345
3596,3322,911
3597,3540,3538
3598,3556,3334
3599,3585,3424
3600,3593,854
3601,3600,1157
3602,3328,1444
3603,3601,3500
3604,3458,242
3605,182,11
3606,3599,693
3607,3485,1524
3608,2763,385
3609,3508,3356
3610,1630,362
3611,3606,3574
3612,3603,696
3613,3572,3524
3614,3469,1732
3615,3498,3464
3616,3455,3217
3617,3612,641
3618,1931,826
3619,1865,1102
3620,3617,3564
3621,1683,890
3622,3395,1948
3623,1212,633
3624,3611,697
3625,3620,3542
3626,3624,3547
3627,3625,3587
3628,3376,158
3629,3407,1947
3630,3353,98
3631,3560,1911
3632,3533,575
3633,3403,725
3634,3581,1791
3635,3537,1418
3636,3626,1792
3637,996,519
3638,3429,1296
3639,3453,755
3640,3588,530
3641,3596,1930
3642,3636,3517
3643,3640,3627
3644,3642,807
3645,3644,3586
3646,3582,3436
3647,1025,14
3648,3645,663
3649,1447,1036
3650,3577,1550
3651,3646,3616
3652,3580,57
3653,3648,570
3654,3653,3607
3655,3392,1286
3656,1366,1262
3657,3329,1401
3658,1416,738
3659,3505,1608
3660,3643,3623
3661,3126,1406
3662,3366,1893
3663,1553,774
3664,3660,3409
3665,3591,811
3666,3598,1937
3667,1717,154
3668,1419,568
3669,3664,3562
3670,1252,654
3671,1573,1533
3672,3654,961
3673,3672,1443
3674,2988,1213
3675,1944,1276
3676,3613,3525
3677,3669,1090
3678,3649,3482
3679,3673,3634
3680,3679,3555
3681,3490,827
3682,3677,3663
3683,3463,1378
3684,3680,3589
3685,3682,616
3686,1730,245
3687,3592,1753
3688,3489,3422
3689,3685,817
3690,3684,583
3691,3597,3546
3692,3690,1604
3693,3678,3629
3694,3692,369
3695,3689,1837
3696,3695,1659
3697,3696,1202
3698,3475,998
3699,3691,3614
3700,3697,1910
3701,3631,1290
3702,3550,869
3703,3506,726
3704,3615,3594
3705,3694,968
3706,3705,910
3707,3639,611
3708,3706,3632
3709,1990,489
3710,3708,3619
3711,3416,3311
3712,3700,883
3713,3712,1413
3714,3561,3343
3715,3630,1940
3716,3713,600
3717,3249,60
3718,3716,3635
3719,3718,3641
3720,3719,835
3721,3710,3693
3722,3474,239
3723,3720,505
3724,3688,682
3725,3723,1293
3726,3652,3541
3727,3699,636
3728,3725,3637
3729,3728,3698
3730,512,65
3731,1223,1165
3732,3621,1652
3733,3608,1867
3734,3665,569
3735,3609,1794
3736,3729,1467
3737,3721,1140
3738,3681,3495
3739,3736,3633
3740,1617,1105
3741,3389,1813
3742,437,50
3743,3727,556
3744,3739,1754
3745,3434,3404
3746,3737,695
3747,3744,676
3748,3683,3610
3749,3747,3647
3750,3549,18
3751,3749,3709
3752,3651,3484
3753,3702,753
3754,3604,3579
3755,3751,3701
3756,3746,3666
3757,3387,1755
3758,3656,1773
3759,3756,733
3760,3755,3655
3761,3759,582
3762,3760,1720
3763,1103,661
3764,3618,3584
3765,3762,3715
3766,3707,294
3767,1992,1143
3768,3765,3724
3769,1869,1635
3770,3768,3743
3771,1229,897
3772,3754,3622
3773,1949,770
3774,3761,1027
3775,3774,543
3776,577,507
3777,1828,450
3778,3735,3722
3779,3427,1172
3780,947,687
3781,3750,3563
3782,1809,404
3783,3748,3545
3784,3775,3676
3785,3552,1480
3786,3784,756
3787,950,612
3788,3740,3493
3789,3786,1696
3790,3770,732
3791,3789,3730
3792,3576,609
3793,1246,1179
3794,3674,1158
3795,3733,3704
3796,1858,1377
3797,3638,647
3798,3791,3772
3799,1888,525
3800,3790,3658
3801,3800,3659
3802,3801,632
3803,3798,3442
3804,3734,48
3805,3714,1534
3806,3792,388
3807,3764,3668
3808,3803,349
3809,3802,3595
3810,3809,3773
3811,3810,644
3812,3808,833
3813,3471,3466
3814,3811,3793
3815,1946,1487
3816,3763,3661
3817,3812,3731
3818,3817,1764
3819,3732,1399
3820,3814,787
3821,3687,870
3822,3820,986
3823,3766,628
3824,3795,1961
3825,3822,555
3826,3825,3650
3827,3738,1070
3828,3726,3431
3829,3826,0
3830,3829,3796
3831,3830,621
3832,3780,840
3833,3818,1574
3834,3833,321
3835,973,566
3836,3834,3805
3837,3804,290
3838,3832,3787
3839,1565,1222
3840,3831,3671
3841,3752,3657
3842,3828,3824
3843,3767,3662
3844,3836,677
3845,3717,2388
3846,3840,3807
3847,3844,1698
3848,3847,3703
3849,3848,665
3850,3785,3341
3851,3777,3602
3852,3849,3571
3853,3852,1060
3854,3778,785
3855,3846,516
3856,3853,121
3857,3855,941
3858,3857,1288
3859,3858,1115
3860,3859,584
3861,3860,3839
3862,852,589
3863,3861,3797
3864,3863,3788
3865,3864,3837
3866,3806,277
3867,3865,847
3868,3867,1735
3869,991,592
3870,3575,962
3871,3199,1123
3872,3856,1086
3873,3872,690
3874,3873,3851
3875,1705,1198
3876,3868,3823
3877,3876,3838
3878,1519,980
3879,3877,3819
3880,3879,3842
3881,3874,953
3882,3757,782
3883,3816,3771
3884,3866,462
3885,3841,3779
3886,3881,3667
3887,3886,3880
3888,1542,550
3889,3850,421
3890,3753,44
3891,3854,394
3892,3821,954
3893,3887,821
3894,3885,3745
3895,3891,3835
3896,3827,668
3897,3893,3882
3898,3769,1518
3899,3884,864
3900,3897,3890
3901,3900,386
3902,3332,997
3903,3895,3711
3904,3813,379
3905,1769,1389
3906,3870,1898
3907,3903,3783
3908,871,788
3909,3670,1438
3910,3894,3799
3911,3901,1607
3912,3899,3843
3913,3904,3742
3914,3871,502
3915,1256,858
3916,3794,1302
3917,3911,3909
3918,3741,1511
3919,3758,289
3920,3896,3883
3921,3912,978
3922,1845,1383
3923,3917,3875
3924,3923,3889
3925,3924,3913
3926,3906,3815
3927,3605,393
3928,3902,3869
3929,3782,1436
3930,3921,3776
3931,3527,1969
3932,3925,938
3933,3908,3862
3934,3892,22
3935,3675,1330
3936,3914,1462
3937,3910,3898
3938,3932,3915
3939,3938,1023
3940,3939,1455
3941,3920,3916
3942,3940,3926
3943,3878,308
3944,1522,718
3945,3937,3686
3946,3942,563
3947,3946,3931
3948,3446,578
3949,3947,596
3950,3949,3936
3951,3929,3907
3952,3950,3888
3953,3952,3941
3954,3945,3933
3955,3930,3922
3956,3953,402
3957,3956,1678
3958,930,754
3959,3957,513
3960,3951,3934
3961,1830,101
3962,3959,64
3963,3962,267
3964,3963,1236
3965,3845,3781
3966,3964,247
3967,3966,3960
3968,3954,917
3969,3968,3628
3970,3969,3928
3971,3967,3905
3972,3971,3413
3973,3972,132
3974,1953,1464
3975,3973,3927
3976,3975,3943
3977,3976,3958
3978,3977,1906
3979,3978,3974
3980,3970,3955
3981,3961,71
3982,3981,34
3983,3979,156
3984,3983,3918
3985,3944,728
3986,3935,1046
3987,3919,380
3988,3980,3948
3989,3988,3982
3990,3989,160
3991,3987,3984
3992,3991,3965
3993,3992,534
3994,3993,3985
3995,3994,3986
3996,3995,3990
3997,1842,651
3998,3997,3996
