6000,2338,1598
6001,6000,4167
6002,4103,2145
6003,5418,4091
6004,5141,2403
6005,3885,3643
6006,4488,2309
6007,6001,5098
6008,6005,5243
6009,5411,3234
6010,6007,5342
6011,5290,3977
6012,4361,2030
6013,6006,3069
6014,4183,1281
6015,6008,6002
6016,4080,3755
6017,5156,5070
6018,5134,5128
6019,4479,4297
6020,4797,3526
6021,2340,2138
6022,6010,3261
6023,5388,4266
6024,3686,2860
6025,6003,5361
6026,6004,5695
6027,6011,3920
6028,5827,1219
6029,6014,2133
6030,6013,5364
6031,6015,4264
6032,5907,2395
6033,5545,5343
6034,4489,4426
6035,6030,2374
6036,6032,6022
6037,6012,5480
6038,6031,6027
6039,6018,6017
6040,6036,4073
6041,5461,47
6042,6029,4116
6043,4364,4355
6044,3827,3712
6045,6038,6034
6046,6035,4291
6047,6020,4134
6048,6042,2559
6049,2243,477
6050,6025,3108
6051,6040,1315
6052,1242,433
6053,6021,96
6054,6051,5439
6055,6033,6026
6056,6039,5115
6057,6037,2383
6058,4429,3928
6059,4339,2387
6060,5767,3292
6061,4387,4204
6062,6016,2746
6063,6049,2661
6064,3950,1201
6065,6054,5011
6066,6019,4450
6067,4189,2051
6068,5226,4185
6069,6057,4233
6070,6047,3539
6071,6053,1951
6072,6067,6048
6073,3650,2070
6074,6046,4378
6075,6023,4197
6076,6069,2279
6077,4170,4047
6078,6045,2497
6079,4270,94
6080,6050,3298
6081,6063,2306
6082,6028,4181
6083,6076,6052
6084,4036,3427
6085,4159,4154
6086,6064,3763
6087,6078,4369
6088,6073,1013
6089,6055,2222
6090,6085,6074
6091,3768,3346
6092,1926,1857
6093,6009,5919
6094,3068,3036
6095,6077,6059
6096,6041,4165
6097,6058,4035
6098,5878,3707
6099,4457,4070
6100,4380,4012
6101,1096,390
6102,5491,4007
6103,4280,3860
6104,3290,150
6105,6089,6082
6106,6083,5136
6107,6060,3377
6108,6072,5241
6109,6081,4599
6110,4362,4327
6111,6062,4087
6112,6056,3899
6113,6087,5024
6114,6108,4584
6115,6098,6090
6116,6094,6075
6117,5175,3023
6118,6113,5806
6119,6096,3019
6120,6084,6065
6121,6044,4368
6122,6080,3530
6123,6043,5288
6124,6070,117
6125,6114,33
6126,5203,5077
6127,6120,3689
6128,6106,4539
6129,6079,6071
6130,6102,4083
6131,6128,5834
6132,2430,2287
6133,6097,3666
6134,3153,1177
6135,6127,3600
6136,6107,2464
6137,6111,3088
6138,6125,2074
6139,6117,4180
6140,5453,4113
6141,6118,3734
6142,4754,53
6143,6137,3260
6144,6088,74
6145,4470,4317
6146,4436,4230
6147,409,207
6148,6119,5020
6149,6092,6066
6150,6109,5325
6151,6091,5240
6152,6141,6105
6153,6131,1098
6154,6116,4354
6155,6135,1357
6156,6153,6061
6157,6143,6103
6158,6149,6133
6159,6104,3033
6160,6152,6086
6161,6144,6095
6162,6154,6130
6163,4344,4111
6164,5787,2477
6165,3095,2259
6166,2331,2302
6167,6136,2118
6168,6068,6024
6169,6122,1984
6170,6138,6115
6171,6155,3208
6172,4818,3998
6173,2582,220
6174,6150,6124
6175,6123,3203
6176,6169,6167
6177,6110,5090
6178,6171,4120
6179,5298,3908
6180,3970,79
6181,5369,3171
6182,6175,41
6183,6178,4302
6184,6093,3856
6185,6148,5333
6186,4492,4125
6187,3279,3015
6188,5747,5580
6189,389,20
6190,5148,2339
6191,3711,3691
6192,5386,4284
6193,5525,2099
6194,6156,6101
6195,6160,3146
6196,4077,4020
6197,6183,5180
6198,6170,5715
6199,6161,4138
6200,5285,2680
6201,4866,4173
6202,3982,2264
6203,2057,1649
6204,6162,6159
6205,4051,1838
6206,6195,1073
6207,4260,3047
6208,6100,3753
6209,5222,5062
6210,6197,3300
6211,6198,6134
6212,3698,3555
6213,6206,1742
6214,6184,43
6215,6112,3919
6216,6204,6129
6217,6213,4308
6218,4890,4525
6219,5182,3319
6220,6174,1084
6221,6099,1347
6222,6210,4192
6223,6185,4353
6224,6217,3438
6225,3429,3276
6226,6194,815
6227,5478,5375
6228,6157,3606
6229,6224,6186
6230,4373,2108
6231,6121,5043
6232,5762,4137
6233,6146,4013
6234,6180,4326
6235,6190,2104
6236,5445,3550
6237,6220,3110
6238,6140,4210
6239,6222,6145
6240,6223,3610
6241,4720,2273
6242,6158,4262
6243,5492,5261
6244,6151,5936
6245,6176,6164
6246,6202,1137
6247,5059,3670
6248,5584,1342
6249,6229,6192
6250,3770,3391
6251,4200,2071
6252,4236,465
6253,6228,4175
6254,6168,168
6255,398,367
6256,6177,3083
6257,3695,1523
6258,5374,1536
6259,6226,1131
6260,6214,4011
6261,6235,4033
6262,6234,5764
6263,4131,1349
6264,6240,5360
6265,4050,3708
6266,6242,6139
6267,6163,4481
6268,6259,2164
6269,5376,3185
6270,6249,1188
6271,4784,4628
6272,6245,5811
6273,6216,5918
6274,3805,3022
6275,5042,4039
6276,6215,4228
6277,6179,3057
6278,6268,714
6279,6270,2466
6280,6221,1544
6281,6239,6207
6282,6165,1657
6283,6172,5373
6284,6173,490
6285,215,77
6286,6277,6264
6287,6132,2816
6288,6279,6231
6289,3633,135
6290,4250,4060
6291,6241,4314
6292,2662,1093
6293,6254,5125
6294,6193,2035
6295,6253,5697
6296,6199,2317
6297,6273,5559
6298,6166,1881
6299,6211,2232
6300,4476,3403
6301,6266,6182
6302,6281,5278
6303,6272,5652
6304,4897,2008
6305,6299,3799
6306,6244,3681
6307,2120,497
6308,6288,4960
6309,6191,4269
6310,6205,5948
6311,2580,429
6312,4392,4360
6313,6201,4498
6314,6284,6237
6315,3456,3173
6316,6302,4696
6317,6296,4157
6318,6305,6261
6319,6219,4044
6320,1446,1018
6321,6250,3447
6322,6260,1747
6323,4094,3506
6324,6262,3064
6325,6316,6297
6326,6188,5625
6327,6256,3909
6328,1892,1154
6329,6295,2729
6330,6308,2438
6331,2679,1439
6332,4298,4040
6333,6225,5199
6334,5794,3246
6335,1778,1133
6336,6304,6278
6337,5876,5565
6338,6332,3496
6339,3205,1968
6340,6330,5473
6341,6257,4147
6342,3629,3244
6343,5474,204
6344,253,112
6345,6283,2443
6346,6303,5383
6347,6271,4529
6348,6196,2193
6349,6267,5262
6350,5304,5172
6351,4438,1777
6352,6317,5884
6353,3359,3187
6354,6289,6287
6355,6203,2378
6356,5027,4370
6357,6326,4752
6358,4705,4536
6359,4877,2917
6360,6238,6232
6361,6328,2849
6362,6340,4056
6363,410,138
6364,6251,5181
6365,6218,4315
6366,3183,3004
6367,151,86
6368,6293,3495
6369,6306,4671
6370,6300,1566
6371,285,75
6372,401,368
6373,6147,5100
6374,4484,4231
6375,5357,2328
6376,6329,6327
6377,1834,251
6378,2536,1195
6379,6362,6263
6380,6318,6142
6381,6282,5657
6382,6346,4382
6383,6342,4146
6384,6325,2199
6385,3189,2294
6386,6276,4142
6387,4612,4158
6388,5591,4058
6389,3365,3310
6390,2244,2233
6391,3769,3683
6392,6291,3961
6393,6274,2391
6394,5470,5412
6395,6319,4715
6396,6379,6309
6397,5899,1567
6398,6352,4123
6399,1489,1478
6400,3441,246
6401,5995,2181
6402,6324,5683
6403,6243,2368
6404,6398,6233
6405,6361,6336
6406,4480,3356
6407,4108,1292
6408,6294,3561
6409,2522,1631
6410,6310,3954
6411,6208,3826
6412,1481,353
6413,5147,243
6414,6382,5722
6415,5554,1647
6416,6380,6354
6417,1150,1052
6418,6369,6209
6419,6396,3098
6420,6349,4286
6421,6384,6343
6422,6355,6292
6423,5785,1295
6424,5403,4793
6425,6298,3137
6426,4066,1425
6427,6286,3717
6428,5648,4184
6429,3448,1144
6430,6255,72
6431,5050,3184
6432,5468,1646
6433,2685,1890
6434,6345,4272
6435,3131,89
6436,6248,2085
6437,6357,3846
6438,6409,6275
6439,6280,3051
6440,6405,6246
6441,6258,1283
6442,6410,124
6443,6314,4917
6444,6320,1321
6445,6301,1928
6446,6339,3220
6447,5143,1675
6448,4679,281
6449,4670,371
6450,4830,4439
6451,5097,4444
6452,449,152
6453,6408,6312
6454,6419,6402
6455,6414,4182
6456,5874,5253
6457,6392,3229
6458,6333,6315
6459,4009,2332
6460,4190,2380
6461,4435,3259
6462,4654,4106
6463,6442,6421
6464,4112,1239
6465,3449,3029
6466,6440,4986
6467,6351,6322
6468,6463,3459
6469,231,107
6470,6427,5679
6471,6455,6454
6472,6416,3100
6473,3905,3902
6474,6252,4256
6475,6370,1265
6476,6395,6368
6477,6443,170
6478,6418,4072
6479,5799,4067
6480,2832,1423
6481,6377,1039
6482,6439,6381
6483,6411,6373
6484,6445,4105
6485,6360,1220
6486,6478,6334
6487,6376,5197
6488,6472,5099
6489,1661,501
6490,6470,6126
6491,62,12
6492,5981,5512
6493,6435,237
6494,6468,6426
6495,6466,5170
6496,6321,3374
6497,6433,6341
6498,6212,5248
6499,6364,4318
6500,6488,1504
6501,6247,1107
6502,6457,4422
6503,6487,6446
6504,3761,97
6505,6404,1338
6506,6313,4188
6507,3596,2886
6508,6434,3400
6509,5014,3273
6510,5165,4335
6511,453,261
6512,1275,1082
6513,6494,2149
6514,6495,4537
6515,6285,73
6516,4490,2015
6517,1513,880
6518,6372,392
6519,6338,5629
6520,6458,3674
6521,5469,5230
6522,6471,6366
6523,4710,1676
6524,6386,4420
6525,6348,2192
6526,6189,4288
6527,6485,2412
6528,6484,6441
6529,6514,2632
6530,5205,2511
6531,6477,4893
6532,6492,5883
6533,6422,1840
6534,6363,354
6535,6480,3814
6536,6393,2523
6537,6403,1603
6538,1772,1589
6539,6500,901
6540,6503,6467
6541,257,59
6542,5780,3529
6543,6227,5176
6544,6486,3819
6545,6399,1815
6546,4014,1308
6547,6335,4143
6548,6529,3469
6549,3967,2352
6550,6513,6425
6551,6522,6508
6552,6378,5398
6553,6505,2308
6554,6460,3372
6555,1334,1272
6556,6499,6387
6557,6358,4697
6558,4945,4473
6559,6390,6347
6560,5813,4349
6561,6528,1020
6562,4408,4100
6563,6539,2487
6564,6323,4101
6565,6415,6365
6566,3781,252
6567,6407,5420
6568,6530,3943
6569,1433,357
6570,3369,413
6571,6420,3601
6572,2183,2129
6573,4604,3366
6574,6551,6501
6575,6383,3742
6576,3294,1615
6577,6563,3164
6578,4734,218
6579,6436,5651
6580,4969,2301
6581,6459,6375
6582,6476,3959
6583,5447,3590
6584,6550,4462
6585,6524,4150
6586,6200,3457
6587,6423,5502
6588,4399,3836
6589,4316,2375
6590,5852,4372
6591,6577,6553
6592,5313,4293
6593,6584,6538
6594,146,37
6595,6374,4088
6596,4591,3395
6597,6491,171
6598,6540,5153
6599,6544,6497
6600,2393,2337
6601,5171,1141
6602,6571,6265
6603,6337,5727
6604,6593,5838
6605,5422,4367
6606,6490,3440
6607,6307,5802
6608,2343,1040
6609,6518,119
6610,3043,103
6611,6533,5856
6612,6574,2256
6613,6483,6448
6614,5384,2792
6615,4474,403
6616,6482,6413
6617,6561,1708
6618,6464,1825
6619,6181,2103
6620,4964,4117
6621,6187,1979
6622,6612,5209
6623,6605,1924
6624,6531,1991
6625,6532,6502
6626,2255,2174
6627,4252,3626
6628,4972,4757
6629,6618,6438
6630,6391,4076
6631,4508,3018
6632,4375,4244
6633,3307,3041
6634,6622,3269
6635,6311,9
6636,3254,1886
6637,4485,3413
6638,6437,1372
6639,6504,3958
6640,5133,270
6641,6604,6562
6642,3085,2546
6643,6585,6558
6644,6579,5696
6645,6548,6371
6646,4015,3492
6647,3470,1941
6648,6429,4440
6649,6606,6350
6650,6552,4246
6651,6451,1126
6652,6527,5553
6653,6634,6565
6654,5913,5708
6655,6617,3212
6656,6580,4433
6657,5983,2344
6658,6591,6523
6659,1577,1035
6660,6489,722
6661,5270,4118
6662,6641,6581
6663,2314,762
6664,6610,5631
6665,6616,1734
6666,3904,3079
6667,6397,3944
6668,6394,5518
6669,4041,3285
6670,3966,3922
6671,6475,5886
6672,6535,5472
6673,6520,4166
6674,6449,5359
6675,1180,527
6676,6572,6506
6677,3360,3094
6678,3907,1457
6679,4826,1345
6680,6269,4630
6681,6599,2564
6682,4371,2910
6683,5939,4093
6684,5078,4237
6685,6598,5166
6686,6645,793
6687,5930,5321
6688,5489,4226
6689,6655,1311
6690,6662,1692
6691,4300,4025
6692,4141,2844
6693,6624,987
6694,6653,5779
6695,6406,4023
6696,6498,6461
6697,5452,5001
6698,6545,6493
6699,5415,5324
6700,6597,1329
6701,3869,3210
6702,6431,5214
6703,6629,4471
6704,6643,4151
6705,6658,3971
6706,6694,5740
6707,3332,2176
6708,6582,5421
6709,3540,1400
6710,6689,4031
6711,6642,2329
6712,6519,5576
6713,6693,658
6714,5146,4350
6715,5851,1497
6716,6660,6417
6717,440,343
6718,6515,1375
6719,6588,4126
6720,6690,6625
6721,3384,287
6722,6536,5401
6723,6705,115
6724,6521,5466
6725,6534,2565
6726,4891,4441
6727,3900,2007
6728,6631,3286
6729,6611,5934
6730,6638,5931
6731,6230,4910
6732,6713,742
6733,3373,2584
6734,6542,200
6735,6453,3588
6736,1835,1605
6737,6649,3243
6738,6686,6672
6739,6517,1087
6740,6681,2550
6741,5555,4010
6742,4282,3258
6743,2507,2202
6744,6692,6637
6745,4187,3547
6746,6589,2432
6747,4074,2929
6748,5956,5596
6749,6720,3820
6750,2514,1746
6751,6564,3648
6752,6636,2047
6753,3385,1994
6754,6652,6516
6755,6749,6549
6756,6708,5318
6757,6627,3510
6758,6479,1498
6759,6644,963
6760,6706,6687
6761,6723,3299
6762,3103,2455
6763,6496,4021
6764,260,255
6765,6656,4034
6766,3375,3222
6767,6712,6567
6768,5434,2751
6769,6432,3221
6770,6556,2353
6771,6710,3960
6772,6428,3046
6773,5212,5104
6774,6755,6632
6775,6737,6447
6776,2276,17
6777,3136,491
6778,1877,1320
6779,6465,370
6780,4004,1415
6781,6547,4843
6782,1193,1006
6783,5888,5710
6784,6729,1337
6785,3721,4
6786,6709,5121
6787,6481,2010
6788,5624,3986
6789,4571,495
6790,6774,6569
6791,5019,3387
6792,5699,2988
6793,6756,6586
6794,5994,1707
6795,6685,4613
6796,6668,1450
6797,6771,5292
6798,6704,4191
6799,6512,4301
6800,1814,508
6801,3213,1266
6802,6738,4950
6803,6602,4263
6804,3910,1660
6805,6761,6726
6806,6359,4590
6807,5265,4915
6808,5677,1585
6809,3831,3225
6810,6665,4216
6811,3306,929
6812,6696,3918
6813,6805,4115
6814,6651,1693
6815,6677,5618
6816,6388,4906
6817,5817,219
6818,6802,6650
6819,6790,6734
6820,1967,1856
6821,6674,3382
6822,6732,4509
6823,6813,6784
6824,6730,6401
6825,6767,3743
6826,6795,5009
6827,3211,3209
6828,6787,6715
6829,6633,6575
6830,1299,1282
6831,6613,442
6832,6600,2282
6833,6797,2911
6834,1757,460
6835,6769,6587
6836,2472,1251
6837,3314,317
6838,6456,5144
6839,6595,4397
6840,6673,6573
6841,5385,3345
6842,6718,4581
6843,4733,4008
6844,6620,1503
6845,6635,184
6846,6702,5511
6847,4487,4285
6848,6740,5254
6849,6717,6675
6850,6546,4055
6851,4224,3817
6852,6779,3675
6853,6818,1114
6854,4393,1091
6855,6566,307
6856,6583,4442
6857,6826,4119
6858,6798,5202
6859,3554,3090
6860,5929,3172
6861,6353,279
6862,6848,6543
6863,6663,2081
6864,6760,6754
6865,4901,2130
6866,6812,3309
6867,6751,4674
6868,6630,5289
6869,6525,1224
6870,4929,4878
6871,4749,3132
6872,3123,2878
6873,3160,3087
6874,6819,6739
6875,6601,2218
6876,6810,5636
6877,6759,5717
6878,6735,3802
6879,4168,1068
6880,6537,4089
6881,4739,4394
6882,6716,6703
6883,6853,6822
6884,5306,5127
6885,6748,6664
6886,4668,2240
6887,3671,1230
6888,4939,3101
6889,6874,6752
6890,6695,4351
6891,3399,2759
6892,1125,626
6893,4941,2366
6894,5911,2480
6895,6507,3297
6896,1398,1037
6897,6462,3442
6898,5869,4875
6899,6823,5564
6900,6444,1463
6901,5083,2955
6902,6707,6385
6903,6509,3825
6904,6824,5820
6905,6889,6733
6906,6596,3197
6907,6669,1821
6908,439,108
6909,6829,4845
6910,3394,3257
6911,6803,6775
6912,6724,4122
6913,6899,6786
6914,6570,1424
6915,6833,5345
6916,6864,6791
6917,6736,339
6918,6684,202
6919,3921,1552
6920,6905,1883
6921,2494,192
6922,6700,310
6923,6920,3504
6924,6916,6770
6925,6828,6727
6926,6913,6863
6927,3283,3193
6928,5750,2962
6929,6788,6728
6930,5534,500
6931,6621,4954
6932,6876,4391
6933,6858,3929
6934,6356,2687
6935,6578,300
6936,6757,2621
6937,6639,1758
6938,4418,4006
6939,6722,6671
6940,6923,1557
6941,6603,5606
6942,6862,6857
6943,6557,5210
6944,2928,314
6945,6698,1737
6946,5237,1186
6947,6895,6831
6948,6915,1382
6949,438,259
6950,5096,5012
6951,4063,3619
6952,5664,3169
6953,6883,6367
6954,3228,2367
6955,6940,5149
6956,6890,4565
6957,5909,2019
6958,4743,2778
6959,6725,3854
6960,6657,906
6961,4059,3238
6962,6389,3488
6963,6903,2938
6964,6474,4347
6965,6948,935
6966,6667,3574
6967,5719,4496
6968,6924,5322
6969,5586,2361
6970,6926,6817
6971,6768,5808
6972,6838,6424
6973,6842,298
6974,6745,2335
6975,6878,6816
6976,6721,6608
6977,6942,2877
6978,3634,3312
6979,6965,344
6980,6846,5943
6981,5354,167
6982,3313,1831
6983,6615,6541
6984,6680,2185
6985,5272,1643
6986,6955,2360
6987,5821,5599
6988,6932,5331
6989,6970,2420
6990,6780,6555
6991,5858,3630
6992,6968,4245
6993,4454,545
6994,6986,6867
6995,6904,2388
6996,5004,2416
6997,6825,6777
6998,4377,1079
6999,6814,4464
7000,6731,4666
7001,6839,6623
7002,5988,5504
7003,6931,4738
7004,6793,3694
7005,6773,3672
7006,470,51
7007,3340,2423
7008,5830,1051
7009,4983,2686
7010,6992,6688
7011,6628,4611
7012,6929,5535
7013,587,118
7014,6808,5540
7015,6869,3192
7016,3002,1384
7017,7010,5739
7018,5548,1537
7019,6840,872
7020,5067,3003
7021,6979,6947
7022,6849,1367
7023,6763,1083
7024,6989,6896
7025,6994,1306
7026,5991,2742
7027,6988,876
7028,6933,189
7029,6925,860
7030,6927,6648
7031,6559,5368
7032,6866,6661
7033,6953,4835
7034,6943,1132
7035,7025,4588
7036,4310,2534
7037,5500,1168
7038,7017,6880
7039,6901,6882
7040,6526,6430
7041,6331,286
7042,4689,1819
7043,5350,3056
7044,7024,1606
7045,4979,4383
7046,6654,5925
7047,5281,4881
7048,6778,1017
7049,7027,6640
7050,7022,5242
7051,3198,1917
7052,6977,3785
7053,6966,4078
7054,3517,3472
7055,6844,6804
7056,6850,6799
7057,7039,1393
7058,292,238
7059,6554,1619
7060,7012,5818
7061,6510,5109
7062,6809,3527
7063,425,337
7064,7038,2105
7065,6911,2297
7066,6590,1253
7067,1876,360
7068,5032,3989
7069,7065,2056
7070,6473,3945
7071,2234,210
7072,7028,2454
7073,5493,4413
7074,6892,6845
7075,6619,4846
7076,6741,4099
7077,7035,5661
7078,6990,6450
7079,6888,1386
7080,6765,6746
7081,7033,6946
7082,498,275
7083,6697,1868
7084,6997,1894
7085,7019,3996
7086,6792,1959
7087,6679,2547
7088,6975,2638
7089,6666,3479
7090,7029,1529
7091,6854,4135
7092,7044,2170
7093,3514,1390
7094,5395,5358
7095,7064,6887
7096,7071,5746
7097,5678,5029
7098,6851,2143
7099,6820,1430
7100,4029,312
7101,5949,1187
7102,6714,4097
7103,7092,1505
7104,7000,6806
7105,6885,2676
7106,1530,1379
7107,6935,3407
7108,5889,5810
7109,7095,7047
7110,6758,3581
7111,4796,3236
7112,7052,6909
7113,7004,6987
7114,5036,4475
7115,7077,5006
7116,7081,6789
7117,5456,736
7118,6941,5906
7119,2450,68
7120,6897,3329
7121,7045,6744
7122,5647,4914
7123,6938,3487
7124,6877,6800
7125,2567,838
7126,6594,1601
7127,7115,7015
7128,6995,278
7129,5448,5438
7130,6939,1218
7131,7072,6452
7132,6914,199
7133,6886,3549
7134,6830,1333
7135,7085,5600
7136,6719,3378
7137,4968,3380
7138,7043,6782
7139,5441,2296
7140,6614,2861
7141,6576,4273
7142,6894,1095
7143,7103,7090
7144,6856,1029
7145,7109,6647
7146,420,318
7147,7020,3061
7148,106,42
7149,7112,1101
7150,3914,3868
7151,7036,879
7152,7116,2097
7153,7127,7018
7154,6907,4379
7155,7049,6821
7156,3773,3740
7157,4542,4313
7158,7021,1368
7159,6984,6659
7160,6999,46
7161,2060,1591
7162,7152,7087
7163,7032,4043
7164,5680,3435
7165,7153,3255
7166,5974,5569
7167,7145,6912
7168,6982,4057
7169,7134,1297
7170,1710,1216
7171,6910,5391
7172,6762,4329
7173,6951,4054
7174,7069,5723
7175,3178,778
7176,5769,397
7177,7165,1034
7178,7149,6859
7179,7076,6835
7180,7008,2064
7181,7162,6879
7182,7058,6609
7183,4130,2897
7184,3940,3722
7185,5297,1919
7186,179,61
7187,6971,6796
7188,6412,892
7189,7167,2508
7190,1204,88
7191,6978,229
7192,5751,5703
7193,5718,2461
7194,7177,1434
7195,6785,291
7196,2326,1041
7197,7113,1304
7198,7083,6815
7199,7181,1291
7200,7189,5686
7201,7143,7057
7202,6980,4430
7203,4857,4763
7204,6959,6743
7205,7124,7014
7206,6766,3084
7207,805,635
7208,7194,3972
7209,7158,1579
7210,4406,2678
7211,7002,1586
7212,299,186
7213,334,258
7214,4295,4279
7215,5475,705
7216,4898,416
7217,7088,3995
7218,5617,5074
7219,6881,6772
7220,3669,1206
7221,2943,2836
7222,5601,1787
7223,7050,1602
7224,4343,4305
7225,6742,4553
7226,7034,4597
7227,5577,3832
7228,7009,629
7229,6945,6922
7230,6711,5793
7231,6783,5689
7232,7041,6568
7233,3402,3322
7234,3803,3024
7235,5145,2743
7236,7200,7001
7237,4337,3876
7238,4813,4677
7239,5849,5602
7240,6678,4259
7241,7168,3775
7242,7209,5425
7243,5900,5797
7244,1923,1648
7245,6983,423
7246,7208,2160
7247,4899,2324
7248,7150,7121
7249,6956,6841
7250,2637,2088
7251,7178,5508
7252,7080,2112
7253,5194,3818
7254,7201,6919
7255,7136,6400
7256,7246,7055
7257,3021,129
7258,6969,2880
7259,7256,7130
7260,6750,2150
7261,7219,2866
7262,6875,1417
7263,7053,4482
7264,7084,2485
7265,6646,3638
7266,7236,7197
7267,6906,400
7268,7254,2978
7269,5895,1932
7270,6832,2096
7271,7042,3128
7272,4030,2197
7273,6936,4127
7274,7169,15
7275,7111,7031
7276,7163,4225
7277,7079,5224
7278,5637,1532
7279,3653,476
7280,7175,7135
7281,6937,5809
7282,6676,4767
7283,1435,1028
7284,4160,3231
7285,5910,1466
7286,7138,7091
7287,4499,3821
7288,4691,3311
7289,7251,7195
7290,5365,2078
7291,7060,3622
7292,6776,1350
7293,5387,3642
7294,7233,2827
7295,7266,6781
7296,6972,593
7297,5233,4219
7298,7264,2646
7299,7204,28
7300,7174,6699
7301,6801,784
7302,2602,1044
7303,7074,5279
7304,6976,1422
7305,5692,1358
7306,5691,1827
7307,5533,1149
7308,6930,3347
7309,1348,350
7310,7073,2608
7311,5848,4235
7312,6836,1645
7313,7046,4468
7314,7268,7101
7315,3165,2760
7316,4675,3532
7317,6855,280
7318,7242,2798
7319,4600,1408
7320,7011,1824
7321,7205,7142
7322,7211,5777
7323,7110,5706
7324,3824,2993
7325,6921,6898
7326,7223,7107
7327,7180,6670
7328,7318,739
7329,3170,1656
7330,6928,1127
7331,6985,1860
7332,6868,6607
7333,7280,3859
7334,7289,5407
7335,4543,2881
7336,7231,7128
7337,5065,4253
7338,7199,1560
7339,3155,2372
7340,6981,862
7341,7258,7078
7342,7146,272
7343,7155,3049
7344,5731,1748
7345,4985,4583
7346,2757,1108
7347,7295,7122
7348,4911,1624
7349,7140,2812
7350,7003,6973
7351,6950,1473
7352,7259,7037
7353,7089,3232
7354,7170,1761
7355,7273,1885
7356,7105,5286
7357,7338,4703
7358,7328,4345
7359,7312,2408
7360,7245,7006
7361,6682,4973
7362,7126,6944
7363,7062,3778
7364,6960,1164
7365,6963,452
7366,6949,3835
7367,7314,1904
7368,4932,4294
7369,7291,5803
7370,5961,4839
7371,7248,3624
7372,5877,1429
7373,7296,4037
7374,7352,5488
7375,7075,6884
7376,7358,3984
7377,6860,6837
7378,7282,4641
7379,7067,6794
7380,7367,3009
7381,7129,4239
7382,7347,7086
7383,3397,3161
7384,6934,2493
7385,5008,4437
7386,7125,791
7387,6974,2509
7388,7059,6811
7389,7172,4768
7390,3895,1613
7391,5945,5778
7392,7357,6747
7393,5563,331
7394,7380,3348
7395,7308,4292
7396,6961,5397
7397,7355,7334
7398,7173,4461
7399,3705,468
7400,7374,7333
7401,7104,1062
7402,7250,2300
7403,7394,4410
7404,6872,4261
7405,7300,7263
7406,4258,3751
7407,7232,1237
7408,6954,837
7409,7252,5980
7410,6891,5155
7411,7343,5712
7412,7023,3073
7413,7160,5195
7414,7382,7179
7415,7376,7171
7416,7159,7123
7417,7132,3892
7418,7131,4416
7419,7298,1925
7420,5590,395
7421,7403,1510
7422,4400,4026
7423,7277,6993
7424,6917,2136
7425,3735,2635
7426,4726,3052
7427,7040,7030
7428,4504,4325
7429,7141,6753
7430,7392,1214
7431,7118,6560
7432,6290,2837
7433,7241,3499
7434,7411,7369
7435,6852,1454
7436,1274,1067
7437,7225,3728
7438,7421,7274
7439,1376,923
7440,7271,3887
7441,7302,6701
7442,7229,7148
7443,7066,1679
7444,7299,122
7445,5294,916
7446,5670,975
7447,7154,5266
7448,3618,1891
7449,6865,2458
7450,7056,4467
7451,7400,5958
7452,6952,2738
7453,5356,5124
7454,7414,2781
7455,3764,1209
7456,2152,1580
7457,7438,7371
7458,4560,565
7459,984,70
7460,6962,4572
7461,6344,143
7462,3354,3122
7463,7240,7226
7464,6511,223
7465,7454,6683
7466,5268,3006
7467,7397,5378
7468,7415,3665
7469,7401,5429
7470,4695,3702
7471,4133,3812
7472,7202,5957
7473,7151,1156
7474,7119,4984
7475,5162,4587
7476,5432,5234
7477,7378,7007
7478,7467,5056
7479,6908,6
7480,6843,4251
7481,7465,7391
7482,5002,3978
7483,7106,2310
7484,2248,1452
7485,7451,662
7486,7005,5390
7487,7261,6871
7488,7434,7356
7489,7320,4577
7490,7187,7051
7491,7102,5315
7492,7305,346
7493,7418,473
7494,7099,1217
7495,7419,1111
7496,7468,1976
7497,7284,4699
7498,5566,2258
7499,4095,4079
7500,7198,4535
7501,7485,7196
7502,7469,4686
7503,7260,6902
7504,6964,4221
7505,1551,1002
7506,7332,7061
7507,7478,7301
7508,7026,2895
7509,5211,2996
7510,7218,5660
7511,5538,1362
7512,7227,3797
7513,7216,4376
7514,7276,5340
7515,7234,3657
7516,7120,2405
7517,5975,1279
7518,5487,5192
7519,7501,7293
7520,7412,6873
7521,7349,2926
7522,7082,196
7523,7322,7321
7524,7496,3631
7525,7483,776
7526,7457,7389
7527,7424,1507
7528,7139,572
7529,7354,6834
7530,7430,789
7531,7519,5771
7532,7481,5594
7533,5164,4497
7534,7524,7188
7535,1870,1562
7536,7364,7326
7537,7336,1353
7538,7117,972
7539,7475,6870
7540,7407,1471
7541,7531,7262
7542,7507,6861
7543,3932,435
7544,7214,2530
7545,3331,383
7546,7315,579
7547,3913,2006
7548,7222,424
7549,3858,3251
7550,4735,2677
7551,7526,7390
7552,5965,4330
7553,7309,3432
7554,5759,4451
7555,7409,7372
7556,7048,1104
7557,7534,5450
7558,7215,2594
7559,6893,2643
7560,3615,1914
7561,7444,7190
7562,2311,95
7563,7203,4766
7564,5903,1128
7565,5815,4213
7566,7541,7495
7567,5118,716
7568,4412,1955
7569,4923,4874
7570,7013,2711
7571,5016,446
7572,7417,7133
7573,7494,7303
7574,5589,610
7575,7439,5455
7576,7530,7093
7577,5201,249
7578,7489,4174
7579,7359,5517
7580,7097,5000
7581,7431,7235
7582,3917,266
7583,7323,5927
7584,5028,3877
7585,7342,161
7586,7286,2260
7587,7551,1681
7588,7385,7275
7589,5720,3202
7590,4443,2535
7591,7471,7221
7592,7353,5843
7593,7294,3875
7594,7330,1033
7595,7557,7341
7596,7319,529
7597,7384,4728
7598,1729,191
7599,1402,365
7600,7217,4727
7601,3376,3016
7602,7387,1878
7603,7566,5066
7604,7587,5267
7605,7377,358
7606,4177,1543
7607,7405,7114
7608,7287,2207
7609,7542,7278
7610,7555,7257
7611,7576,7459
7612,7604,915
7613,7532,7249
7614,7515,6847
7615,7544,4212
7616,7547,5196
7617,2825,2593
7618,7609,7509
7619,7612,7570
7620,4455,4092
7621,149,10
7622,7423,3730
7623,1614,1269
7624,1913,1085
7625,2379,2286
7626,7603,5327
7627,7373,3082
7628,3594,412
7629,3985,3218
7630,7447,639
7631,7281,7100
7632,7563,7502
7633,3182,2641
7634,7448,5047
7635,7626,1322
7636,4858,3613
7637,7339,2098
7638,3339,1739
7639,5283,1826
7640,7220,4278
7641,6626,5711
7642,4352,4065
7643,7350,7304
7644,7619,5531
7645,5868,3792
7646,7094,547
7647,4448,2459
7648,7635,2148
7649,1370,407
7650,7600,7440
7651,4922,933
7652,3162,1460
7653,7648,7488
7654,7325,2590
7655,5964,5860
7656,7166,3044
7657,7503,7270
7658,316,306
7659,7267,7210
7660,3651,256
7661,7279,2467
7662,7413,4693
7663,4179,1378
7664,7644,5235
7665,7643,7442
7666,7182,273
7667,4085,1912
7668,7618,5449
7669,7613,7450
7670,1686,363
7671,7559,1076
7672,7472,2572
7673,7212,351
7674,7460,1548
7675,993,765
7676,5622,4022
7677,7445,7386
7678,7611,7540
7679,7656,4606
7680,7446,5367
7681,5442,2634
7682,5933,5440
7683,7573,979
7684,4203,3078
7685,7346,7144
7686,7664,7340
7687,6918,236
7688,7435,7206
7689,7324,475
7690,7607,7493
7691,7463,5773
7692,5280,5058
7693,7561,7473
7694,7508,2691
7695,7668,1590
7696,5026,3505
7697,7578,4803
7698,7500,7054
7699,4936,3275
7700,7539,1116
7701,7307,7269
7702,7238,4458
7703,7669,7610
7704,1247,790
7705,7703,7672
7706,7230,5873
7707,7164,5971
7708,4836,3483
7709,7477,1113
7710,466,313
7711,5276,2921
7712,5524,2069
7713,7193,2470
7714,4994,1634
7715,7098,268
7716,7228,3127
7717,5861,2139
7718,7686,2854
7719,7520,1651
7720,1394,434
7721,7224,5316
7722,7161,7096
7723,7527,7517
7724,1359,843
7725,7063,133
7726,7213,7186
7727,7523,5894
7728,7470,7360
7729,7255,848
7730,5701,2714
7731,7363,25
7732,7311,2034
7733,6991,5864
7734,7631,91
7735,3409,2947
7736,5126,2995
7737,5190,3289
7738,7361,1983
7739,5833,1257
7740,7678,7677
7741,7548,2141
7742,7698,7695
7743,4761,1568
7744,7366,694
7745,1437,1210
7746,7521,2829
7747,7443,1170
7748,7605,949
7749,7427,263
7750,7288,7265
7751,7606,5317
7752,7348,6807
7753,5311,1118
7754,7456,7437
7755,4271,3948
7756,7705,5872
7757,5960,5688
7758,2557,2510
7759,3750,3428
7760,7584,943
7761,3020,2075
7762,7756,5404
7763,7718,7368
7764,3074,849
7765,4178,2885
7766,7653,1859
7767,7685,2615
7768,7595,1818
7769,7556,1319
7770,7766,1666
7771,2079,1414
7772,7740,940
7773,7536,1032
7774,7763,4681
7775,185,67
7776,7762,5076
7777,6996,4519
7778,7550,4019
7779,7768,796
7780,7388,2673
7781,7772,3104
7782,7297,2213
7783,4882,1250
7784,4957,4217
7785,7781,1211
7786,4576,1811
7787,7598,1839
7788,7474,2414
7789,7779,7774
7790,7185,4801
7791,4018,361
7792,4220,1312
7793,4744,203
7794,7379,1340
7795,1494,175
7796,7290,4534
7797,7770,2495
7798,7785,7665
7799,7497,803
7800,4395,248
7801,7016,3873
7802,7727,1559
7803,4792,1395
7804,7588,7449
7805,7402,601
7806,7728,7316
7807,5482,2411
7808,7583,5523
7809,7070,3632
7810,7797,7560
7811,176,31
7812,3964,2313
7813,7441,3462
7814,6900,2251
7815,7416,1122
7816,4403,781
7817,2465,2215
7818,7670,7630
7819,7733,1701
7820,7514,4241
7821,7650,7487
7822,274,205
7823,7498,686
7824,7674,7429
7825,7632,2945
7826,7742,3884
7827,7362,2228
7828,7810,7535
7829,7453,3515
7830,3404,1571
7831,7637,7627
7832,5185,3224
7833,5363,1456
7834,457,56
7835,7581,134
7836,7776,7625
7837,7828,2371
7838,2671,1927
7839,2278,1709
7840,7709,2712
7841,7657,2091
7842,7837,1022
7843,3536,1611
7844,7683,7628
7845,4283,3500
7846,3762,137
7847,7589,5844
7848,7723,7579
7849,5800,3168
7850,5922,2961
7851,7662,5274
7852,3822,3661
7853,5085,213
7854,4764,3386
7855,7842,7655
7856,7693,1768
7857,2788,2543
7858,3729,232
7859,4933,1339
7860,7773,1965
7861,7761,7554
7862,5168,598
7863,7622,7375
7864,7855,2107
7865,7572,2970
7866,7327,2220
7867,1622,1075
7868,7614,7351
7869,7659,1313
7870,1587,496
7871,7365,254
7872,7836,7680
7873,7176,4658
7874,7821,3544
7875,7804,6998
7876,7864,4578
7877,7335,4517
7878,7654,3791
7879,7789,7331
7880,7147,3248
7881,3991,2189
7882,7826,7755
7883,5954,5867
7884,7525,7404
7885,4682,1556
7886,7506,7486
7887,5007,750
7888,3925,1388
7889,7719,7702
7890,4086,3896
7891,7283,1285
7892,7537,104
7893,7820,5151
7894,7433,6236
7895,7552,2456
7896,4716,3847
7897,3392,3158
7898,7504,7420
7899,7708,13
7900,7529,7306
7901,7713,7432
7902,7398,7381
7903,5807,4549
7904,7751,2542
7905,7729,1697
7906,5558,3342
7907,7716,7638
7908,7882,194
7909,7794,1410
7910,7597,2354
7911,5583,426
7912,7860,4777
7913,7802,2436
7914,7884,7856
7915,7247,1365
7916,7874,7815
7917,3389,304
7918,7901,541
7919,7847,7691
7920,7586,5423
7921,7617,4717
7922,7808,7452
7923,7908,4736
7924,7410,3270
7925,4000,3501
7926,7798,517
7927,4424,1441
7928,2551,1119
7929,5782,1175
7930,7769,1129
7931,7749,109
7932,4540,2665
7933,7748,3865
7934,7746,7399
7935,7848,7624
7936,7903,4163
7937,7923,7876
7938,7818,1327
7939,7881,7788
7940,4275,1409
7941,7841,7722
7942,5963,5587
7943,7688,7395
7944,7137,2210
7945,178,84
7946,7840,7575
7947,4148,303
7948,1810,283
7949,7813,5349
7950,5428,2476
7951,7569,3437
7952,7479,493
7953,2188,1324
7954,1691,1030
7955,5976,2633
7956,7879,2847
7957,5902,1061
7958,481,87
7959,451,130
7960,7591,3682
7961,7640,6592
7962,7741,7484
7963,504,319
7964,7183,2266
7965,5822,3017
7966,3215,2529
7967,7931,3744
7968,5068,415
7969,7721,4005
7970,5075,3795
7971,7717,7546
7972,4320,3316
7973,7706,3480
7974,5669,3318
7975,7846,3709
7976,4332,836
7977,7651,7574
7978,7715,2720
7979,7426,4199
7980,7615,7253
7981,7593,4992
7982,7476,4098
7983,7825,746
7984,4411,2965
7985,7867,7787
7986,7814,7608
7987,5049,1134
7988,5770,4495
7989,7671,7602
7990,7700,4531
7991,3774,1973
7992,7892,7872
7993,7956,4608
7994,7492,1795
7995,7935,7641
7996,4114,2237
7997,5875,2376
7998,7863,7851
7999,7930,1677
8000,3396,3007
8001,7993,7912
8002,7734,5419
8003,3039,1872
8004,7666,1655
8005,7699,3035
8006,7807,155
8007,7594,5700
8008,7673,1950
8009,1952,1625
8010,5890,5537
8011,7875,7645
8012,7831,7730
8013,7553,1181
8014,7937,659
8015,7568,7337
8016,7941,1120
8017,7926,4709
8018,7865,7512
8019,7370,114
8020,7313,5091
8021,7801,7191
8022,7393,5052
8023,7344,1740
8024,7827,1323
8025,7835,5685
8026,4988,4977
8027,7992,2082
8028,7780,2050
8029,944,800
8030,7184,5291
8031,5743,4769
8032,8017,540
8033,7938,7905
8034,7767,6764
8035,5163,1704
8036,3663,624
8037,7983,7914
8038,7844,510
8039,7970,7868
8040,7422,4107
8041,7689,2848
8042,7921,655
8043,7823,7285
8044,7902,7690
8045,7900,2348
8046,7977,7580
8047,2072,772
8048,7585,1572
8049,7962,7739
8050,4756,4110
8051,7731,5757
8052,2785,227
8053,8027,5106
8054,480,233
8055,5675,1502
8056,3256,3062
8057,7861,3230
8058,8033,7480
8059,7738,2327
8060,8044,7707
8061,7720,3806
8062,7765,2303
8063,7975,1833
8064,7946,7920
8065,7990,7918
8066,4432,878
8067,5634,3325
8068,7649,1346
8069,1875,296
8070,7687,4016
8071,8001,1184
8072,7829,4935
8073,4718,3277
8074,3625,2753
8075,7904,7406
8076,7675,7292
8077,5665,4574
8078,5607,3947
8079,4324,1066
8080,4616,1453
8081,7676,3383
8082,7436,7239
8083,4500,2597
8084,8032,7558
8085,8016,2023
8086,8038,7909
8087,3855,3811
8088,1749,411
8089,7793,5105
8090,467,322
8091,7621,348
8092,7661,7528
8093,7745,1167
8094,5330,139
8095,8014,2385
8096,7513,7491
8097,7967,3050
8098,7505,5277
8099,8053,7620
8100,6469,4062
8101,8095,7759
8102,7998,7843
8103,8071,444
8104,7750,7694
8105,7889,7592
8106,8007,7878
8107,7913,1146
8108,7754,3852
8109,8103,4706
8110,7461,1
8111,7969,928
8112,2896,2254
8113,7747,5972
8114,7599,7510
8115,7943,4692
8116,7981,7907
8117,8013,2867
8118,7816,865
8119,2883,297
8120,5870,2457
8121,7681,3464
8122,7764,4124
8123,7744,3509
8124,8109,909
8125,7886,3727
8126,8084,606
8127,5733,966
8128,8099,3293
8129,5855,4513
8130,461,406
8131,7924,2771
8132,8128,7243
8133,8046,7819
8134,717,528
8135,2907,1016
8136,7697,4802
8137,8126,7726
8138,5444,110
8139,7895,5023
8140,8107,5592
8141,8124,7995
8142,5246,995
8143,5859,2169
8144,7849,7428
8145,7652,3054
8146,7629,2688
8147,4365,3086
8148,7778,2761
8149,8097,7893
8150,7877,4798
8151,3837,2656
8152,8025,7947
8153,8045,1714
8154,8019,4336
8155,8132,4856
8156,7917,1776
8157,3725,3081
8158,3952,2252
8159,7979,7458
8160,7499,3578
8161,8064,2705
8162,1361,1238
8163,7871,7156
8164,7108,5754
8165,8018,604
8166,8137,1396
8167,6958,1380
8168,7933,7736
8169,4825,3048
8170,5471,4883
8171,5955,2745
8172,8101,1461
8173,3350,3305
8174,8141,7971
8175,7939,7919
8176,7887,5405
8177,8172,7997
8178,8140,1897
8179,7696,5823
8180,8174,2462
8181,7955,1508
8182,441,341
8183,8139,5528
8184,5499,1014
8185,8177,8092
8186,7964,7490
8187,2486,1563
8188,387,144
8189,7786,3575
8190,8004,7858
8191,8060,8020
8192,7549,5437
8193,8180,3953
8194,3494,1499
8195,3418,1600
8196,3296,1832
8197,7516,4896
8198,8051,524
8199,5738,1194
8200,2446,2009
8201,2990,1391
8202,7799,4477
8203,7869,5130
8204,8185,7922
8205,7796,1516
8206,7068,586
8207,7852,5323
8208,7425,1939
8209,8193,8135
8210,2478,1354
8211,5154,2390
8212,3898,751
8213,8065,4511
8214,7701,1665
8215,3058,234
8216,3767,1793
8217,1638,602
8218,3235,7
8219,8166,3801
8220,8155,1626
8221,8042,1445
8222,7310,1381
8223,8220,8113
8224,8204,8123
8225,7660,7317
8226,5937,5893
8227,3336,2810
8228,8209,8086
8229,7803,1160
8230,7980,3417
8231,211,111
8232,8224,4814
8233,7989,7616
8234,7934,7533
8235,5850,5571
8236,8039,1403
8237,7812,5305
8238,8232,904
8239,7329,5970
8240,4319,3591
8241,7986,1159
8242,8059,7596
8243,7543,5494
8244,8085,8028
8245,7973,7455
8246,7545,1515
8247,8133,8011
8248,7704,2933
8249,8219,38
8250,8178,7511
8251,8191,8040
8252,8114,7916
8253,7833,1263
8254,8153,8023
8255,8002,2625
8256,8249,990
8257,7679,4419
8258,8238,190
8259,8106,7954
8260,8258,8055
8261,8081,3931
8262,3433,3154
8263,8150,7408
8264,6967,4038
8265,8256,1050
8266,8102,605
8267,7682,4061
8268,8146,1472
8269,3710,1763
8270,2489,1642
8271,8058,7482
8272,8104,2726
8273,8022,2889
8274,1721,1183
8275,7988,3621
8276,4664,3115
8277,7806,7805
8278,8260,5054
8279,7714,5013
8280,7396,4104
8281,7862,7538
8282,8214,8043
8283,7994,7932
8284,1008,58
8285,4634,3126
8286,8072,7885
8287,7800,1936
8288,8037,4737
8289,4214,157
8290,8278,8266
8291,5920,4725
8292,8257,8175
8293,7562,4952
8294,8247,8223
8295,8108,1351
8296,5836,5063
8297,3227,93
8298,8265,1694
8299,8029,5985
8300,8230,3431
8301,7978,7857
8302,8165,3452
8303,8248,8118
8304,506,436
8305,8012,5716
8306,8121,7464
8307,7898,3787
8308,7157,2716
8309,8290,8075
8310,8034,4342
8311,7737,2125
8312,3697,1796
8313,3303,142
8314,8168,187
8315,7950,5245
8316,8136,8111
8317,8076,5336
8318,7771,4816
8319,8115,5092
8320,8298,4907
8321,8252,2750
8322,7929,692
8323,5057,2739
8324,7522,24
8325,3616,1863
8326,8309,3611
8327,8197,7633
8328,7915,2295
8329,8024,1314
8330,8320,743
8331,7961,5501
8332,8122,4243
8333,7795,7345
8334,8179,3602
8335,8259,8228
8336,8295,2033
8337,8105,8087
8338,8026,982
8339,8068,2068
8340,165,30
8341,7927,4069
8342,8330,1305
8343,1191,588
8344,3419,2767
8345,8338,8288
8346,5724,5426
8347,8192,7782
8348,7634,3639
8349,5698,288
8350,8302,2707
8351,5790,5257
8352,4149,1355
8353,8326,734
8354,7910,328
8355,2146,2127
8356,8149,8021
8357,8221,8161
8358,8213,7758
8359,5435,2856
8360,7928,4781
8361,2165,1569
8362,7880,3011
8363,8198,3531
8364,8242,710
8365,2406,1706
8366,8335,1426
8367,7999,1493
8368,4483,373
8369,1670,1561
8370,3055,2853
8371,8254,8250
8372,8366,8162
8373,4573,454
8374,8321,824
8375,8294,8202
8376,4779,1155
8377,8151,4778
8378,8353,8159
8379,8372,2247
8380,8203,448
8381,1316,325
8382,8342,874
8383,3756,1802
8384,5392,1244
8385,7976,1862
8386,347,327
8387,5039,3788
8388,8336,8116
8389,5107,4759
8390,418,63
8391,7866,4238
8392,5053,4268
8393,7809,3736
8394,1942,419
8395,8345,685
8396,8276,5022
8397,8009,5138
8398,2417,1841
8399,8378,562
8400,8319,8236
8401,8379,4632
8402,2503,1581
8403,7639,5446
8404,8272,7911
8405,5129,5037
8406,8176,7984
8407,8251,7571
8408,8375,712
8409,5626,1233
8410,4712,4533
8411,8041,377
8412,8079,166
8413,8229,8061
8414,3974,3063
8415,8408,8181
8416,7985,7850
8417,8322,4194
8418,7873,4049
8419,8399,5575
8420,4075,3992
8421,1385,1189
8422,8419,1152
8423,8350,8035
8424,8357,8093
8425,8374,1658
8426,8244,8074
8427,8052,3882
8428,5863,302
8429,5776,5753
8430,8314,7582
8431,5905,5862
8432,7965,2226
8433,8170,2644
8434,8186,1741
8435,8261,8120
8436,4254,3951
8437,8415,2116
8438,8422,8316
8439,8189,8066
8440,8437,8096
8441,8401,8282
8442,5547,4423
8443,8358,8216
8444,3699,2835
8445,3874,1784
8446,7839,1599
8447,3204,2110
8448,8208,3649
8449,1641,672
8450,7752,4794
8451,4586,3038
8452,8156,2863
8453,8425,8047
8454,2657,1728
8455,8407,4389
8456,7790,2
8457,3871,3580
8458,8440,5379
8459,5623,924
8460,8397,7949
8461,7894,2570
8462,5300,3880
8463,2167,39
8464,3471,3351
8465,5912,3949
8466,2156,1774
8467,4385,1852
8468,8145,1451
8469,4139,2345
8470,8271,7845
8471,2346,2020
8472,4384,3849
8473,8138,4943
8474,7777,3667
8475,8406,1317
8476,4934,3367
8477,8264,8057
8478,8125,5302
8479,8438,7936
8480,5944,5644
8481,5402,3983
8482,3851,8
8483,8339,856
8484,8395,1766
8485,7383,3151
8486,5010,3278
8487,8301,4622
8488,5666,3579
8489,8441,936
8490,8424,8382
8491,5561,217
8492,8489,846
8493,5609,2386
8494,8458,4421
8495,8329,7906
8496,7945,499
8497,8056,5103
8498,7577,2864
8499,5598,4002
8500,8327,8050
8501,7968,148
8502,8492,2094
8503,1431,701
8504,8333,3481
8505,7982,5348
8506,8502,1995
8507,8479,8062
8508,7987,3460
8509,4657,2773
8510,5495,4928
8511,8356,5112
8512,8506,1786
8513,8233,2084
8514,8212,4919
8515,8303,2599
8516,8237,2652
8517,8292,1064
8518,8460,7817
8519,8507,8226
8520,2357,2245
8521,8494,3071
8522,8512,761
8523,8281,983
8524,5319,1182
8525,8522,669
8526,7244,4618
8527,8519,8300
8528,4940,2087
8529,8310,3130
8530,7732,2219
8531,8418,8152
8532,8434,1682
8533,8241,2157
8534,8253,8184
8535,8082,8049
8536,5229,5069
8537,8523,8521
8538,7952,92
8539,8003,7783
8540,4493,269
8541,8199,6957
8542,8461,4274
8543,2973,1855
8544,8525,7940
8545,8527,7647
8546,2872,1963
8547,7944,2040
8548,7824,4602
8549,8110,8048
8550,5645,3808
8551,8478,8100
8552,8363,4333
8553,5854,3981
8554,8380,8183
8555,3829,336
8556,8163,4524
8557,8528,1019
8558,8545,8404
8559,1986,779
8560,4673,1689
8561,2960,1145
8562,8391,2039
8563,5921,2298
8564,7991,7883
8565,8426,2669
8566,5353,240
8567,8364,7784
8568,4032,2131
8569,4623,989
8570,5238,209
8571,8423,8234
8572,8446,1221
8573,7724,2046
8574,7667,4140
8575,7711,3771
8576,8222,5072
8577,8465,5516
8578,8164,1094
8579,5915,4017
8580,5527,2042
8581,5663,2782
8582,8544,553
8583,2787,1521
8584,7775,1700
8585,8453,5514
8586,1690,1267
8587,8413,1117
8588,8388,2319
8589,5608,1009
8590,8005,4548
8591,4965,4959
8592,8484,988
8593,8277,4700
8594,8582,8443
8595,4887,1054
8596,8206,3976
8597,8558,8483
8598,8360,2090
8599,4997,4570
8600,3291,3206
8601,8537,3645
8602,5400,4961
8603,5826,5671
8604,8367,8284
8605,8470,7743
8606,3102,2496
8607,8592,977
8608,7948,3813
8609,7646,5132
8610,8098,691
8611,3393,3226
8612,3014,2045
8613,7564,4701
8614,8532,1442
8615,8227,4425
8616,8601,1328
8617,1957,1459
8618,8594,8534
8619,8255,8117
8620,7565,2701
8621,2577,2223
8622,4924,4650
8623,5749,1310
8624,8490,4751
8625,8354,768
8626,8511,8377
8627,7959,1934
8628,8455,5479
8629,8385,1594
8630,5814,1895
8631,8134,859
8632,8539,8315
8633,7684,1173
8634,8513,571
8635,8618,8416
8636,8392,4198
8637,7272,3508
8638,8091,422
8639,7760,2312
8640,8639,7896
8641,8119,201
8642,5506,484
8643,8337,1980
8644,8088,2983
8645,8628,8160
8646,8187,1780
8647,4958,4869
8648,8597,740
8649,1628,1151
8650,214,164
8651,8605,8439
8652,5332,3930
8653,4366,1059
8654,8585,8143
8655,2891,2036
8656,8400,3923
8657,1535,1243
8658,1972,576
8659,8624,8607
8660,5015,55
8661,3475,3150
8662,2979,2802
8663,7891,4762
8664,8427,7854
8665,8381,2561
8666,2682,2429
8667,8112,1136
8668,8520,5756
8669,2095,1756
8670,8616,8171
8671,5198,729
8672,8588,8332
8673,8449,1492
8674,4390,4128
8675,5828,1779
8676,8412,2552
8677,8430,1903
8678,7888,1582
8679,8341,8129
8680,8390,52
8681,8323,1549
8682,8245,5839
8683,8643,8073
8684,3398,3308
8685,8533,1021
8686,8283,1592
8687,8131,7207
8688,8273,3262
8689,5825,1072
8690,7792,3201
8691,8389,8127
8692,5709,1005
8693,4873,4568
8694,8648,1945
8695,8670,78
8696,8635,2629
8697,8571,1671
8698,8573,2093
8699,8593,877
8700,2269,719
8701,8695,8318
8702,8626,8089
8703,1609,1558
8704,8468,3233
8705,4967,4561
8706,2636,1922
8707,8694,814
8708,5748,5585
8709,7838,145
8710,8696,5351
8711,8435,1258
8712,4902,2270
8713,8707,4955
8714,8677,474
8715,4452,4398
8716,5120,212
8717,1545,1166
8718,8240,8154
8719,8552,8467
8720,8201,2690
8721,2505,1596
8722,8190,332
8723,3560,3334
8724,8239,7899
8725,3543,1428
8726,8348,3134
8727,8291,241
8728,3881,2186
8729,8701,2799
8730,2858,1147
8731,8205,8200
8732,8713,3839
8733,5982,886
8734,2280,1470
8735,4551,414
8736,7642,3490
8737,7960,2958
8738,4205,3135
8739,8729,8516
8740,2833,2221
8741,5714,3754
8742,8710,5414
8743,3484,2700
8744,8503,2957
8745,8645,333
8746,8614,8474
8747,342,80
8748,8572,3890
8749,8488,5673
8750,8495,8306
8751,8069,831
8752,2994,1743
8753,7712,1192
8754,5567,1227
8755,4850,4747
8756,8568,7972
8757,8742,3658
8758,8732,1468
8759,8758,8700
8760,3635,2925
8761,8517,2544
8762,3042,2539
8763,8757,8699
8764,3585,1820
8765,8169,4566
8766,8745,2515
8767,8587,3186
8768,3133,3114
8769,8535,8328
8770,8665,4931
8771,8763,3080
8772,5880,4580
8773,5730,5630
8774,8217,3037
8775,5568,4136
8776,8325,5551
8777,8682,8562
8778,5942,622
8779,8759,8739
8780,8685,2168
8781,8761,8466
8782,8459,822
8783,4772,3776
8784,8279,2413
8785,8654,8398
8786,8596,1109
8787,8672,2409
8788,4299,3620
8789,8491,2263
8790,1226,850
8791,8551,3668
8792,8554,748
8793,8781,1048
8794,2483,1916
8795,8210,7636
8796,8771,8518
8797,8054,225
8798,8090,430
8799,8305,2600
8800,8289,5094
8801,8317,8063
8802,8448,3288
8803,8515,2920
8804,7567,3701
8805,8656,8312
8806,464,54
8807,5760,3280
8808,8689,8565
8809,8531,4334
8810,7601,3032
8811,8722,32
8812,8785,866
8813,5582,1620
8814,8361,8296
8815,2404,1901
8816,8263,4512
8817,8462,7753
8818,7822,335
8819,5765,3143
8820,8610,3703
8821,5853,5729
8822,8702,8583
8823,7897,5515
8824,3924,643
8825,8542,4206
8826,8548,5604
8827,4617,698
8828,8417,8371
8829,8182,1484
8830,8796,715
8831,8788,2941
8832,8830,1964
8833,5061,2216
8834,8779,8683
8835,8457,4688
8836,5174,2241
8837,8498,1788
8838,8411,2871
8839,8832,8538
8840,7951,5653
8841,8564,3247
8842,3685,2323
8843,8556,8473
8844,4582,2524
8845,1371,459
8846,8362,3364
8847,8447,5572
8848,3889,745
8849,8493,8365
8850,4346,3556
8851,8651,7953
8852,3264,2651
8853,8834,4585
8854,8787,5161
8855,7834,5252
8856,1669,1249
8857,8629,8569
8858,2162,808
8859,5763,4592
8860,8839,8158
8861,5186,1576
8862,8812,4865
8863,4741,1298
8864,8456,3844
8865,8809,7963
8866,8659,523
8867,8766,4082
8868,5796,4780
8869,8860,1363
8870,5219,4746
8871,5805,594
8872,8477,5352
8873,4201,3804
8874,8851,8514
8875,8869,3405
8876,2658,2463
8877,8497,5208
8878,8167,5542
8879,8634,548
8880,3147,2537
8881,8862,2727
8882,8854,657
8883,8148,2953
8884,8875,8578
8885,1309,1215
8886,8299,5060
8887,3274,1762
8888,5597,2969
8889,8547,8010
8890,8196,4453
8891,8748,8373
8892,8884,1966
8893,8567,8510
8894,5741,4694
8895,8711,5399
8896,5947,4404
8897,8799,8006
8898,1933,428
8899,8334,197
8900,8892,888
8901,8581,8311
8902,8445,4624
8903,8500,3423
8904,650,544
8905,8900,8475
8906,8235,5973
8907,8803,1752
8908,8808,1325
8909,8867,8726
8910,8530,5783
8911,8853,4974
8912,4640,1234
8913,8546,8344
8914,1823,1407
8915,8805,8287
8916,8881,8499
8917,8811,8566
8918,8657,4466
8919,5560,3903
8920,8911,2011
8921,8347,1026
8922,8746,8655
8923,5427,4724
8924,4563,2175
8925,8211,5503
8926,8246,7590
8927,8501,3747
8928,8688,5812
8929,8697,2369
8930,8405,4646
8931,8727,4447
8932,8619,81
8933,8905,839
8934,8481,1616
8935,3263,1011
8936,8638,66
8937,8866,2555
8938,8693,4331
8939,8627,8008
8940,3841,1716
8941,8078,2086
8942,8822,8429
8943,8784,5908
8944,1449,381
8945,8826,7735
8946,3850,3335
8947,8487,1785
8948,8793,8777
8949,8908,8879
8950,8933,1546
8951,8409,2439
8952,8663,8036
8953,2187,2080
8954,8792,8669
8955,8686,3582
8956,8617,8274
8957,7832,4895
8958,2533,1531
8959,3993,1003
8960,8895,8815
8961,8393,3863
8962,5529,2265
8963,8937,4556
8964,8920,8678
8965,8929,8767
8966,8874,3706
8967,2349,1854
8968,5832,3287
8969,2253,1287
8970,8750,8676
8971,7958,408
8972,8950,8673
8973,8964,8580
8974,4930,2980
8975,2935,2874
8976,5646,2271
8977,8890,8280
8978,8963,8604
8979,1982,1185
8980,8891,4912
8981,5603,4908
8982,8845,8828
8983,3646,3129
8984,8262,5635
8985,8827,8591
8986,8720,2583
8987,8331,5789
8988,8504,4486
8989,8684,3446
8990,4338,1745
8991,8476,1163
8992,8687,8658
8993,8432,503
8994,8932,5684
8995,955,567
8996,2595,704
8997,3557,224
8998,8000,3476
8999,8956,8549
9000,8225,4510
9001,8973,8915
9002,4669,2693
9003,559,558
9004,8667,8268
9005,3190,76
9006,8712,1654
9007,8882,2206
9008,8609,614
9009,8541,8307
9010,8972,1477
9011,8858,1908
9012,9010,1496
9013,5189,5031
9014,985,913
9015,8703,1783
9016,8843,8714
9017,8982,2654
9018,8031,2616
9019,8917,8885
9020,8243,7925
9021,8679,801
9022,9004,8916
9023,1804,1790
9024,4755,4472
9025,8962,8780
9026,5693,4635
9027,7518,2902
9028,8383,8142
9029,3458,902
9030,8215,2513
9031,1993,1099
9032,1588,208
9033,8883,4655
9034,8431,5520
9035,9017,8753
9036,8907,1207
9037,5217,141
9038,8709,1004
9039,3140,2948
9040,9014,9012
9041,4257,1971
9042,8737,613
9043,8705,4970
9044,1369,1280
9045,7663,5271
9046,8285,2601
9047,3121,1889
9048,8396,3700
9049,5200,1711
9050,8960,7757
9051,8909,382
9052,8955,2318
9053,8529,8195
9054,3524,1759
9055,3533,708
9056,8978,741
9057,8410,4340
9058,8436,3662
9059,8275,7942
9060,8297,1672
9061,4927,1806
9062,8893,8632
9063,8267,4045
9064,9056,136
9065,9001,8835
9066,8308,5804
9067,8718,5562
9068,5490,226
9069,8970,8469
9070,9040,8631
9071,8715,8621
9072,8394,5064
9073,8719,3424
9074,8948,8847
9075,5847,5045
9076,8402,2997
9077,1907,1789
9078,8691,1540
9079,8897,3911
9080,8954,5775
9081,9051,5329
9082,5081,623
9083,9070,8776
9084,9064,2155
9085,7966,1225
9086,8765,8304
9087,8859,4903
9088,8770,8540
9089,147,126
9090,4871,4723
9091,8849,3077
9092,9035,1668
9093,8864,8015
9094,9083,1816
9095,8642,8070
9096,8877,7890
9097,9084,8421
9098,8945,1069
9099,9094,590
9100,8077,3338
9101,7623,3679
9102,9099,2022
9103,7237,2724
9104,8865,8814
9105,8791,4396
9106,8921,8794
9107,8543,2811
9108,5167,3117
9109,8293,3266
9110,9007,8979
9111,8613,1803
9112,8351,5632
9113,9102,8902
9114,9069,8704
9115,8433,2227
9116,8725,1097
9117,8080,2851
9118,5835,1715
9119,4804,4267
9120,1352,599
9121,8804,5117
9122,5917,2932
9123,8442,3738
9124,9113,8993
9125,8698,2992
9126,8912,2083
9127,8949,777
9128,5734,1199
9129,8966,942
9130,427,345
9131,4248,2801
9132,8994,4215
9133,8942,3956
9134,5633,309
9135,4414,1042
9136,8764,3617
9137,5034,3317
9138,9124,9086
9139,4807,4805
9140,8965,4667
9141,8782,8734
9142,8270,2605
9143,8575,305
9144,9065,8940
9145,8644,180
9146,9092,957
9147,9107,8721
9148,8903,2721
9149,8730,2426
9150,9028,1024
9151,2868,2604
9152,8550,2134
9153,8947,4603
9154,8778,1989
9155,8452,2501
9156,9074,8789
9157,8584,443
9158,4208,378
9159,8741,8615
9160,9144,8579
9161,8871,5752
9162,8872,8428
9163,2422,375
9164,9146,8586
9165,9052,8623
9166,8451,1071
9167,8611,3075
9168,8840,4704
9169,9133,8368
9170,8414,3436
9171,7859,1539
9172,4053,228
9173,8652,5616
9174,8690,3962
9175,8802,5301
9176,9080,889
9177,9081,8505
9178,8868,2250
9179,8555,7853
9180,9138,1007
9181,9100,4687
9182,8749,8647
9183,4359,3569
9184,4196,21
9185,8731,2964
9186,8147,1805
9187,3379,102
9188,8769,1798
9189,3716,1997
9190,9180,4812
9191,9129,4880
9192,2106,29
9193,3878,1520
9194,8751,2102
9195,8846,4863
9196,9079,5882
9197,9190,1639
9198,9011,1575
9199,8816,554
9200,9160,2620
9201,8992,8570
9202,8359,2976
9203,8754,8620
9204,8716,3324
9205,9197,5263
9206,9140,8762
9207,9200,825
9208,9205,8951
9209,5507,4409
9210,9207,9023
9211,7192,2717
9212,9034,8844
9213,9208,8837
9214,8485,3752
9215,9213,1427
9216,8910,5742
9217,4809,3239
9218,8728,3493
9219,8557,640
9220,4642,2304
9221,9210,8836
9222,9019,9006
9223,9022,8675
9224,8724,5055
9225,9191,8927
9226,2642,1880
9227,9110,3415
9228,8482,4990
9229,1474,16
9230,9164,1527
9231,9025,1722
9232,9215,1938
9233,9223,5187
9234,8083,2003
9235,2449,2166
9236,9114,9050
9237,5046,324
9238,8376,2153
9239,9105,3941
9240,9232,9036
9241,123,23
9242,8560,8355
9243,9097,4676
9244,9243,8664
9245,9221,812
9246,8755,5213
9247,8820,8681
9248,5135,952
9249,8738,5389
9250,2190,763
9251,4528,4218
9252,1674,177
9253,9053,8622
9254,8599,1808
9255,8819,4771
9256,9132,8508
9257,9148,7974
9258,4844,827
9259,4775,3726
9260,9169,8590
9261,2123,1318
9262,9153,546
9263,8094,2776
9264,9104,8231
9265,9125,9046
9266,8752,7957
9267,7870,4982
9268,2908,1684
9269,8471,1331
9270,9177,8636
9271,9270,9013
9272,8403,3512
9273,5979,649
9274,8625,4889
9275,1817,1623
9276,8218,4909
9277,9067,8786
9278,8795,5256
9279,5713,1421
9280,1479,538
9281,9244,8975
9282,9240,8923
9283,1848,169
9284,9245,9021
9285,9139,4773
9286,9281,5465
9287,3842,3408
9288,5996,2740
9289,9253,9098
9290,9159,9073
9291,8526,2447
9292,8987,8772
9293,7710,2460
9294,8938,8207
9295,9127,702
9296,9282,1781
9297,9233,8922
9298,9225,5362
9299,9284,3572
9300,9296,8985
9301,4463,2177
9302,9091,3636
9303,9299,9264
9304,2899,2796
9305,8810,293
9306,4966,1929
9307,8574,5463
9308,2289,1483
9309,9300,8857
9310,9222,5227
9311,9047,735
9312,8889,5522
9313,2364,1231
9314,8886,802
9315,8863,5232
9316,9198,9126
9317,9227,4894
9318,9286,8662
9319,9106,2394
9320,9185,3194
9321,9049,3521
9322,3466,3076
9323,8343,2857
9324,9230,8563
9325,9295,8692
9326,4828,3454
9327,9206,8760
9328,2805,326
9329,4620,3987
9330,9309,5443
9331,8957,8595
9332,9330,3593
9333,9332,1667
9334,3327,83
9335,8450,3242
9336,9318,5417
9337,8991,2184
9338,9231,8838
9339,9333,4841
9340,8733,2285
9341,4938,3388
9342,9303,8800
9343,9339,8986
9344,9076,2027
9345,8904,542
9346,5087,1853
9347,9271,5089
9348,5220,925
9349,8928,3576
9350,5676,3853
9351,9147,900
9352,9058,820
9353,3341,2623
9354,9342,1078
9355,8918,8649
9356,9042,970
9357,1241,1088
9358,5095,1998
9359,9156,5335
9360,9343,1161
9361,5621,3414
9362,2901,2525
9363,4795,4745
9364,2695,2384
9365,8637,1475
9366,8801,2322
9367,9366,8899
9368,5410,2109
9369,9360,9310
9370,8977,1695
9371,9157,8980
9372,9165,2171
9373,9260,1864
9374,8952,4152
9375,9188,8668
9376,8740,8598
9377,8861,1190
9378,9196,620
9379,5702,5642
9380,9061,8926
9381,8941,8913
9382,479,195
9383,9262,1528
9384,8463,5299
9385,8600,3328
9386,1921,764
9387,4289,4202
9388,9220,5310
9389,8340,99
9390,9347,8640
9391,8744,5110
9392,9059,8144
9393,9297,9037
9394,5071,3823
9395,8194,1058
9396,9369,706
9397,9304,2299
9398,3426,2203
9399,4121,2655
9400,549,518
9401,920,700
9402,3109,2021
9403,9354,2115
9404,9005,8790
9405,5755,2410
9406,9403,9087
9407,9135,2018
9408,9000,2708
9409,1476,1065
9410,9182,9141
9411,9302,1633
9412,9290,752
9413,9272,5005
9414,9324,8914
9415,4341,2342
9416,3195,3149
9417,992,680
9418,2398,1974
9419,9026,8671
9420,9406,2479
9421,8825,3696
9422,9066,1106
9423,9396,2954
9424,1750,1637
9425,9317,3656
9426,9420,749
9427,9071,8996
9428,1850,1578
9429,9116,1782
9430,9378,3676
9431,9038,8774
9432,216,172
9433,1797,494
9434,9423,1584
9435,9325,1829
9436,9435,8967
9437,9426,9075
9438,8997,1844
9439,9062,3845
9440,8999,8369
9441,9434,683
9442,8717,1525
9443,5641,4211
9444,3640,2950
9445,8420,3570
9446,5690,3223
9447,8775,5977
9448,9359,9155
9449,9395,9298
9450,9437,8894
9451,1685,1595
9452,3368,2563
9453,1412,585
9454,9441,783
9455,9176,660
9456,8959,2900
9457,9336,9145
9458,9454,1264
9459,4307,2224
9460,8944,2931
9461,9289,8602
9462,9263,564
9463,9217,1985
9464,5269,664
9465,9201,758
9466,5573,2355
9467,9425,8608
9468,9277,2859
9469,5578,3583
9470,9199,4848
9471,9414,5513
9472,5249,4503
9473,4545,2475
9474,2481,1636
9475,9458,9078
9476,8833,5416
9477,9216,5539
9478,9457,9372
9479,7692,3295
9480,9327,5131
9481,9448,1232
9482,6827,1360
9483,8817,8798
9484,9122,8650
9485,9449,9358
9486,9103,5273
9487,9476,5239
9488,8561,396
9489,9175,532
9490,9033,8855
9491,9195,8842
9492,9381,9363
9493,3848,1943
9494,8346,960
9495,9475,1610
9496,8723,1294
9497,5735,2689
9498,9467,8848
9499,9016,492
9500,198,125
9501,9276,2500
9502,9257,3647
9503,9375,1012
9504,9239,469
9505,8935,8646
9506,9495,627
9507,9194,2828
9508,9373,9204
9509,7466,830
9510,9430,3216
9511,9450,9178
9512,3489,153
9513,9506,9431
9514,9179,3522
9515,9353,3177
9516,9219,539
9517,9383,5093
9518,4407,4276
9519,4644,2968
9520,5866,2049
9521,9511,1411
9522,8821,2612
9523,8906,887
9524,9096,8030
9525,9265,7830
9526,8444,399
9527,8925,526
9528,2440,2293
9529,9312,113
9530,9410,9088
9531,8352,3272
9532,9234,262
9533,9391,2972
9534,9521,1374
9535,9248,3834
9536,9256,4552
9537,9534,9380
9538,1420,873
9539,9513,9429
9540,9072,1356
9541,9045,1344
9542,9120,1564
9543,5725,2445
9544,9537,9468
9545,9111,9043
9546,9268,3421
9547,9320,8509
9548,9471,9427
9549,5619,3105
9550,9478,8829
9551,9377,9235
9552,9480,3637
9553,9544,3148
9554,9539,1736
9555,9345,5424
9556,9436,8968
9557,9550,4627
9558,8130,49
9559,9108,9032
9560,9553,2967
9561,9254,276
9562,9560,9247
9563,9305,1800
9564,5829,5654
9565,9311,842
9566,8953,2124
9567,4643,271
9568,9393,9015
9569,8454,2052
9570,9508,3592
9571,9236,2946
9572,9121,5308
9573,9552,9455
9574,9101,9082
9575,9349,9131
9576,1307,667
9577,8936,1719
9578,9562,8783
9579,8958,2627
9580,5986,3571
9581,3265,3112
9582,3605,3552
9583,9246,193
9584,8943,8387
9585,9229,1174
9586,9168,4851
9587,9557,5339
9588,9554,4730
9589,9301,8370
9590,9351,3607
9591,9439,709
9592,9250,1373
9593,2370,1612
9594,9162,2431
9595,9292,9029
9596,4242,3713
9597,9587,2842
9598,9134,2028
9599,8880,1077
9600,766,731
9601,5370,3381
9602,9338,1148
9603,9578,4876
9604,9603,2649
9605,3267,2585
9606,9055,3912
9607,9447,9123
9608,9571,9542
9609,9588,2589
9610,9597,8856
9611,5459,3704
9612,8603,1775
9613,9609,899
9614,4595,4207
9615,9154,744
9616,4949,320
9617,9412,9024
9618,9224,8472
9619,9604,9407
9620,4852,2927
9621,8559,711
9622,9492,9316
9623,9115,3330
9624,9594,9054
9625,9307,3867
9626,5116,2728
9627,9498,896
9628,9591,9556
9629,8974,8576
9630,5543,4707
9631,9390,5640
9632,9613,2807
9633,9485,3519
9634,9499,2609
9635,9574,581
9636,9459,1702
9637,9570,5431
9638,9632,8870
9639,5544,1726
9640,9255,5924
9641,9529,9503
9642,9619,4541
9643,9548,2912
9644,9638,9519
9645,9610,9367
9646,8983,5216
9647,9267,3664
9648,5662,2076
9649,9573,9530
9650,9477,4169
9651,9642,9142
9652,3444,3271
9653,9319,5526
9654,8930,4621
9655,5992,5990
9656,2850,2024
9657,9408,9151
9658,4815,128
9659,9535,2249
9660,9119,656
9661,9644,1644
9662,9274,3443
9663,9651,8577
9664,9422,8813
9665,1100,352
9666,9637,631
9667,9460,4358
9668,9279,1405
9669,8961,3612
9670,9643,1981
9671,9661,5467
9672,9009,8589
9673,2290,607
9674,8901,372
9675,9663,3687
9676,9285,795
9677,9627,2268
9678,9445,9370
9679,9490,8988
9680,1130,841
9681,9461,9419
9682,8984,678
9683,8641,3478
9684,2736,2663
9685,9048,338
9686,9385,2588
9687,9117,8313
9688,9502,8919
9689,9063,2441
9690,9568,8981
9691,9675,9249
9692,9411,9149
9693,9670,4639
9694,9409,8486
9695,9671,9400
9696,8939,8797
9697,9622,845
9698,9166,8286
9699,9173,2172
9700,9365,9214
9701,2211,828
9702,9691,9666
9703,4987,1703
9704,9633,893
9705,3249,1197
9706,9705,8324
9707,9645,1278
9708,2755,811
9709,9695,5259
9710,9602,9314
9711,9462,9269
9712,9515,8464
9713,9352,1074
9714,3240,3181
9715,9003,4879
9716,9293,5638
9717,5140,4790
9718,932,183
9719,282,127
9720,9060,4833
9721,8773,8269
9722,8990,3439
9723,9321,8878
9724,9693,9128
9725,9709,4660
9726,8743,4494
9727,9704,9489
9728,4449,3138
9729,9481,1538
9730,8976,8841
9731,9725,2424
9732,3467,3139
9733,9731,895
9734,9583,2893
9735,3684,819
9736,9509,9085
9737,5320,3988
9738,4567,4042
9739,9488,5959
9740,9417,9401
9741,9510,3450
9742,9657,3749
9743,9690,2723
9744,9743,5887
9745,9707,9507
9746,2820,918
9747,3116,2421
9748,9733,1203
9749,2101,1000
9750,9729,5846
9751,9261,3008
9752,9608,3843
9753,9688,9340
9754,9313,1570
9755,9640,9278
9756,4417,3498
9757,8898,3434
9758,9662,9186
9759,9748,759
9760,9699,315
9761,9002,2576
9762,9331,630
9763,9759,730
9764,9376,8536
9765,295,69
9766,9702,5341
9767,5681,5674
9768,2952,2764
9769,8706,8384
9770,9750,5658
9771,2065,1847
9772,9763,4171
9773,2013,1080
9774,3355,3059
9775,9766,637
9776,3410,3337
9777,9752,9451
9778,9443,1915
9779,9745,5123
9780,9772,511
9781,3026,2660
9782,3883,1799
9783,9504,4102
9784,9783,9237
9785,9517,8806
9786,3879,3587
9787,9161,5627
9788,8524,1047
9789,9112,2209
9790,9779,5188
9791,9790,775
9792,9628,747
9793,8931,3028
9794,9744,9525
9795,2949,2538
9796,9649,9041
9797,9202,2037
9798,9565,9388
9799,9415,3118
9800,9677,9561
9801,5744,3344
9802,159,36
9803,9470,1142
9804,9335,9174
9805,3237,3107
9806,9775,5033
9807,4656,3012
9808,9569,2236
9809,9780,2433
9810,9371,8946
9811,9796,9533
9812,9724,804
9813,9727,9438
9814,9538,9355
9815,9809,5792
9816,9631,9618
9817,9536,2389
9818,5728,356
9819,9815,1364
9820,9030,1081
9821,9819,1092
9822,4721,2939
9823,4708,4445
9824,9812,9031
9825,9741,9218
9826,9288,9242
9827,9791,688
9828,9150,9044
9829,5758,1343
9830,9806,1920
9831,9821,2235
9832,9831,9315
9833,5656,1286
9834,2117,673
9835,9514,8888
9836,9374,4615
9837,5408,374
9838,9832,4516
9839,9794,9487
9840,5745,2763
9841,9828,5819
9842,9838,792
9843,9679,2453
9844,9018,2882
9845,9212,1807
9846,9681,5774
9847,6691,4491
9848,9777,9152
9849,9189,3973
9850,9842,9590
9851,1727,330
9852,9653,2490
9853,9830,4636
9854,9585,619
9855,9646,4748
9856,9853,9656
9857,9664,2569
9858,9850,9792
9859,9615,1918
9860,9856,1822
9861,9143,1440
9862,9860,724
9863,9770,1541
9864,9827,851
9865,5574,1495
9866,9849,9607
9867,9824,9773
9868,9392,8896
9869,9800,9746
9870,9862,9848
9871,9259,2830
9872,8633,912
9873,9484,2904
9874,9344,4770
9875,9577,9558
9876,9870,9798
9877,4991,2631
9878,2770,1958
9879,3906,3584
9880,9563,8756
9881,9716,9672
9882,9496,5295
9883,9559,3096
9884,9769,9193
9885,9813,679
9886,8736,5923
9887,9394,4161
9888,9863,9593
9889,3157,1760
9890,9810,9130
9891,9595,757
9892,355,173
9893,9472,9465
9894,9667,1500
9895,9864,8680
9896,4523,3589
9897,9876,5997
9898,9817,9753
9899,8969,2809
9900,8934,4386
9901,9551,1336
9902,4357,4109
9903,9885,9676
9904,9867,2884
9905,9090,1387
9906,9323,3916
9907,5051,806
9908,4684,3535
9909,9685,9187
9910,2684,2578
9911,1289,1055
9912,9869,1724
9913,9785,5667
9914,9816,8674
9915,2779,1744
9916,9839,9516
9917,9404,721
9918,9617,5672
9919,9897,9888
9920,9788,8708
9921,9527,2664
9922,3358,2154
9923,4564,3250
9924,9722,2734
9925,9203,188
9926,5396,3523
9927,9843,1268
9928,9497,9238
9929,9912,9859
9930,9545,4645
9931,9846,4144
9932,2055,1169
9933,9491,1931
9934,9474,2540
9935,9858,9641
9936,9386,1053
9937,3891,1962
9938,1038,760
9939,9624,9606
9940,9730,9692
9941,3551,2381
9942,9694,9334
9943,9804,9710
9944,9825,9532
9945,9547,2451
9946,9781,3363
9947,2966,818
9948,9368,826
9949,9913,9424
9950,9586,4791
9951,9599,9039
9952,4760,2239
9953,9836,9682
9954,9379,926
9955,9266,5611
9956,9935,2358
9957,9428,3156
9958,8852,4527
9959,9466,2435
9960,2984,1663
9961,9689,816
9962,432,163
9963,9914,3315
9964,9895,969
9965,5536,976
9966,2484,26
9967,9956,2373
9968,5668,2000
9969,2201,1102
9970,9629,1874
9971,9891,5643
9972,9854,9440
9973,8496,7725
9974,9904,5966
9975,9893,9811
9976,9356,3253
9977,4971,2744
9978,1662,482
9979,4885,4629
9980,9963,5841
9981,9964,1975
9982,4808,727
9983,9901,9697
9984,3482,3349
9985,9634,9463
9986,9919,5380
9987,1031,937
9988,2277,1110
9989,9170,3486
9990,9674,1488
9991,8660,1680
9992,9416,8173
9993,8824,1664
9994,2122,162
9995,9986,2791
9996,9995,9183
9997,9878,5247
9998,9584,9501
9999,5557,4311
10000,9673,4405
10001,5588,3089
10002,9974,9540
10003,9900,9518
10004,9803,5484
10005,9582,9192
10006,9793,9711
10007,8876,1303
10008,9916,5786
10009,1240,456
10010,9996,9348
10011,9678,4823
10012,10010,914
10013,9762,9294
10014,9981,9820
10015,9787,9636
10016,10012,9226
10017,5556,5021
10018,1935,1485
10019,10016,867
10020,9413,4999
10021,9972,9576
10022,9967,1899
10023,10022,520
10024,9531,3175
10025,9482,8349
10026,3304,364
10027,4849,3933
10028,3979,3939
10029,9980,2875
10030,9740,882
10031,4626,1326
10032,10023,9720
10033,9616,45
10034,9933,9931
10035,9903,1555
10036,10019,4732
10037,9658,9328
10038,9737,5457
10039,8831,7462
10040,9723,9020
10041,10008,9789
10042,10032,905
10043,9280,615
10044,9758,1554
10045,1198,140
10046,9928,561
10047,5736,3245
10048,1448,1235
10049,10042,4765
10050,9493,844
10051,9918,4309
10052,9665,9555
10053,9949,2200
10054,9181,4431
10055,2730,773
10056,5250,2113
10057,9329,2334
10058,5485,4048
10059,9650,5705
10060,3786,2772
10061,3934,1621
10062,9027,8989
10063,9945,9566
10064,10036,3302
10065,9829,8653
10066,10002,699
10067,9929,1871
10068,10035,2579
10069,10064,1699
10070,9543,2014
10071,3980,533
10072,3430,1717
10073,4900,595
10074,9826,9683
10075,10014,2333
10076,5142,90
10077,9840,5255
10078,9625,4096
10079,9955,9684
10080,9874,9397
10081,3861,1330
10082,9936,3534
10083,10049,9971
10084,927,922
10085,9626,9541
10086,4859,2012
10087,4046,703
10088,9639,4176
10089,10066,1884
10090,5615,2002
10091,10083,994
10092,9747,1956
10093,10051,9523
10094,10041,2840
10095,4786,4506
10096,2482,881
10097,4806,603
10098,4546,3362
10099,9786,9494
10100,9927,9659
10101,9880,3627
10102,10029,1196
10103,9341,4942
10104,10069,1200
10105,3320,997
10106,9337,4024
10107,10091,3609
10108,10053,9505
10109,9118,1270
10110,9975,3748
10111,10104,1547
10112,5570,2817
10113,10111,9755
10114,9736,3465
10115,2400,2194
10116,4465,4322
10117,5840,3520
10118,10107,1245
10119,9713,3145
10120,10113,4963
10121,5687,417
10122,10057,9944
10123,9906,9652
10124,8850,5184
10125,4998,485
10126,10094,608
10127,9814,9739
10128,9983,9680
10129,10075,884
10130,9802,8818
10131,9469,9008
10132,9580,3352
10133,9976,9882
10134,9834,9715
10135,9998,1550
10136,10120,666
10137,10136,1482
10138,7996,1153
10139,3040,486
10140,10118,9890
10141,10089,1001
10142,9483,2956
10143,10126,10052
10144,10068,9738
10145,4886,1712
10146,9612,1718
10147,10129,9687
10148,10137,965
10149,2804,2230
10150,10044,9579
10151,10148,5550
10152,9701,907
10153,4605,2624
10154,10151,4381
10155,2198,1341
10156,8612,3282
10157,9930,934
10158,4459,4328
10159,10128,10067
10160,10102,2725
10161,2038,560
10162,9350,648
10163,9845,5865
10164,10144,1999
10165,10147,707
10166,5088,3595
10167,10140,9851
10168,10167,9696
10169,8067,2977
10170,9564,9453
10171,9909,9567
10172,10004,9306
10173,9389,3176
10174,3106,362
10175,9600,767
10176,10021,1597
10177,9095,8553
10178,9575,1653
10179,9291,4609
10180,10141,10110
10181,10165,1688
10182,10003,9868
10183,9522,431
10184,10168,670
10185,9857,4557
10186,5476,1996
10187,10030,9808
10188,10181,4619
10189,10154,9620
10190,9855,9136
10191,10189,2999
10192,2288,645
10193,9700,908
10194,10191,9549
10195,10194,10143
10196,3603,340
10197,10184,2971
10198,8480,5837
10199,9728,9057
10200,10122,5139
10201,2402,1277
10202,4290,2873
10203,10055,9654
10204,9953,4989
10205,9764,3188
10206,9635,4842
10207,9228,105
10208,10204,9898
10209,1849,85
10210,10172,9852
10211,9089,3968
10212,10197,829
10213,10059,9925
10214,9899,9887
10215,9950,2870
10216,10212,2427
10217,9883,5521
10218,2053,1954
10219,9211,289
10220,9734,1738
10221,10160,4084
10222,10216,2808
10223,2173,1089
10224,10222,875
10225,9287,1723
10226,9784,8971
10227,8823,2713
10228,9668,813
10229,9660,2179
10230,3142,2196
10231,9698,9686
10232,9648,4819
10233,9592,2834
10234,9258,2553
10235,9924,3893
10236,9970,5282
10237,10164,10038
10238,9601,799
10239,10224,894
10240,9799,1514
10241,10188,5497
10242,9589,1205
10243,10241,10239
10244,10205,8924
10245,9742,2674
10246,10180,9954
10247,9572,4864
10248,10195,2735
10249,9985,4637
10250,9939,5914
10251,10250,5989
10252,9761,2703
10253,9405,5204
10254,9917,2951
10255,10248,1765
10256,4993,2267
10257,10255,10088
10258,5984,2305
10259,3758,3053
10260,10257,5150
10261,10260,2100
10262,9797,1618
10263,5732,2913
10264,10221,10093
10265,9520,5581
10266,10133,3888
10267,8735,967
10268,9778,2397
10269,9861,1583
10270,10237,10082
10271,9137,35
10272,10215,9387
10273,9418,5935
10274,10097,9905
10275,10261,9997
10276,9754,509
10277,10245,9884
10278,9961,174
10279,9866,1300
10280,10015,2428
10281,9844,2915
10282,2261,1882
10283,10185,9907
10284,10275,769
10285,10280,1640
10286,10200,9486
10287,10284,10163
10288,9990,1178
10289,10025,447
10290,9384,3092
10291,9940,2715
10292,9881,9251
10293,9621,9528
10294,10286,10179
10295,9871,522
10296,10287,5236
10297,10270,10249
10298,10296,2119
10299,10033,4304
10300,10298,1273
10301,10039,8666
10302,9703,2762
10303,10150,2924
10304,3422,2919
10305,5433,2377
10306,9614,4916
10307,7811,265
10308,10000,9751
10309,483,301
10310,9943,552
10311,9767,2469
10312,10046,1112
10313,1260,618
10314,10300,10246
10315,10236,3200
10316,2571,537
10317,10272,1751
10318,9889,264
10319,2653,1465
10320,9873,9308
10321,4356,2407
10322,10235,9421
10323,10264,10078
10324,10283,10011
10325,4888,3938
10326,10266,5344
10327,9163,2316
10328,3371,823
10329,10095,10013
10330,5816,2283
10331,10292,2359
10332,9442,3870
10333,10243,10100
10334,10034,9872
10335,10171,9093
10336,10135,9732
10337,10061,1509
10338,3207,3144
10339,10208,10077
10340,10127,9894
10341,10313,10187
10342,9479,3445
10343,9432,3
10344,9346,2704
10345,4193,2575
10346,10314,857
10347,10346,10159
10348,10220,10175
10349,10099,9920
10350,9158,5987
10351,10007,5215
10352,4662,2089
10353,10290,9982
10354,1902,5
10355,10333,10155
10356,2325,2225
10357,10355,10193
10358,4740,4532
10359,10291,2292
10360,10279,10238
10361,10054,4680
10362,10310,868
10363,10206,2839
10364,10262,2748
10365,9847,250
10366,9837,2838
10367,10288,4502
10368,9782,1629
10369,10119,4948
10370,9841,1512
10371,3784,1404
10372,9512,5885
10373,2959,2940
10374,10253,9879
10375,10146,10079
10376,9959,9932
10377,8386,27
10378,472,206
10379,2591,394
10380,1049,1015
10381,10302,10043
10382,3690,2545
10383,9989,4722
10384,9951,3420
10385,10329,9807
10386,9776,3411
10387,10178,2212
10388,9992,9726
10389,9546,1284
10390,4460,4209
10391,9822,2648
10392,10106,1767
10393,9835,9473
10394,10031,4515
10395,9999,5704
10396,5682,1335
10397,2617,1143
10398,10347,634
10399,10108,1801
10400,10344,4956
10401,9109,2382
10402,3503,646
10403,5639,1397
10404,9774,4052
10405,2448,999
10406,10362,10341
10407,1732,1731
10408,9942,2442
10409,10062,9973
10410,5614,1593
10411,10158,4229
10412,10176,4661
10413,2987,2814
10414,2159,855
10415,10203,671
10416,10398,3564
10417,9623,4579
10418,10368,10018
10419,10070,5891
10420,10169,2614
10421,10285,10233
10422,10090,4164
10423,1043,515
10424,10182,2062
10425,1261,1176
10426,9922,2205
10427,10101,2855
10428,2813,1960
10429,10416,5382
10430,10399,10125
10431,10323,10131
10432,9706,1506
10433,10312,5707
10434,10367,10096
10435,10103,4810
10436,2586,2498
10437,10339,2784
10438,10303,3553
10439,9171,1444
10440,8887,5892
10441,10320,9326
10442,10429,9988
10443,10442,9464
10444,10259,684
10445,10109,2016
10446,10247,1987
10447,10331,5951
10448,10213,9209
10449,10278,3065
10450,863,675
10451,10437,4501
10452,1491,1486
10453,2865,2562
10454,10304,3343
10455,311,244
10456,10299,131
10457,10406,2001
10458,8661,8157
10459,10443,10092
10460,10335,9524
10461,10392,10349
10462,9398,4596
10463,10431,4363
10464,10459,5552
10465,10027,2158
10466,9921,945
10467,9184,3113
10468,3975,2491
10469,10124,653
10470,10360,9886
10471,5073,3001
10472,120,100
10473,10463,9275
10474,10412,1627
10475,10387,10289
10476,10359,9757
10477,10024,9948
10478,1733,514
10479,10297,2630
10480,10130,9068
10481,2831,2468
10482,10430,10080
10483,8188,329
10484,10464,3513
10485,10365,9283
10486,10357,9718
10487,10183,9987
10488,10231,9771
10489,10479,931
10490,10242,1978
10491,10486,10363
10492,10484,3565
10493,5223,3790
10494,580,536
10495,10492,2257
10496,10040,1893
10497,10489,10217
10498,10433,9934
10499,10306,10116
10500,10495,1469
10501,10491,557
10502,10276,1673
10503,10267,4817
10504,5337,1836
10505,9875,2697
10506,3807,1683
10507,10501,1490
10508,2067,1524
10509,3326,2399
10510,10225,2396
10511,9452,2765
10512,10254,9630
10513,9938,1887
10514,3604,3577
10515,10156,9768
10516,2048,958
10517,2229,1988
10518,9947,9823
10519,2824,2769
10520,10415,10370
10521,10500,974
10522,10037,638
10523,9749,3333
10524,10521,810
10525,5122,2982
10526,10474,10063
10527,9908,4822
10528,10252,9598
10529,10269,898
10530,9362,2862
10531,10364,10251
10532,3997,1553
10533,10524,1770
10534,384,19
10535,2937,2242
10536,10533,2981
10537,10536,10468
10538,10457,3507
10539,5952,2063
10540,10537,10369
10541,10277,9647
10542,10173,10142
10543,10540,10427
10544,9818,3451
10545,391,323
10546,10334,4526
10547,10529,1063
10548,10340,10293
10549,9456,1139
10550,10438,2262
10551,10076,9877
10552,10400,2795
10553,2741,573
10554,5111,521
10555,10268,10228
10556,9795,3737
10557,9735,5659
10558,2004,1248
10559,10447,3608
10560,771,284
10561,9669,3857
10562,1873,1271
10563,10507,10006
10564,10301,3528
10565,10422,5932
10566,10202,2128
10567,1896,1713
10568,3485,919
10569,10523,4287
10570,10543,10134
10571,10570,10421
10572,10563,10149
10573,10572,478
10574,1501,445
10575,10546,10229
10576,10497,551
10577,10174,4348
10578,5978,1659
10579,10409,1254
10580,10223,3491
10581,1909,1632
10582,10393,4862
10583,3301,2161
10584,10322,3809
10585,10550,2025
10586,10001,737
10587,5221,3688
10588,10573,10348
10589,10112,5519
10590,10520,10498
10591,10588,809
10592,10361,2639
10593,10336,9167
10594,10384,10308
10595,10273,1753
10596,8998,4980
10597,9915,1687
10598,10170,5334
10599,10591,10471
10600,10473,10424
10601,10281,4249
10602,10446,1228
10603,10098,1725
10604,10518,723
10605,5610,647
10606,10294,617
10607,10326,636
10608,9911,9801
10609,10332,9444
10610,10576,10456
10611,10378,230
10612,10407,4247
10613,10599,1135
10614,10571,3793
10615,10383,9958
10616,10476,10419
10617,9952,2737
10618,10343,366
10619,10613,10152
10620,10376,1447
10621,1977,1392
10622,10219,1948
10623,9969,9717
10624,10009,4550
10625,10559,10432
10626,10614,9605
10627,10482,10074
10628,5593,3284
10629,10211,9960
10630,9760,2029
10631,10511,9581
10632,10626,1861
10633,10451,4522
10634,10584,9937
10635,10214,3545
10636,9957,3957
10637,10619,10502
10638,10496,10190
10639,10177,221
10640,10632,10610
10641,10575,4562
10642,9756,2347
10643,10408,2618
10644,2914,1057
10645,10065,4981
10646,10633,10461
10647,10263,1526
10648,9941,5605
10649,4240,2650
10650,9805,3031
10651,10637,786
10652,10071,903
10653,3714,3390
10654,10162,798
10655,8995,2140
10656,5381,1406
10657,5926,3733
10658,9500,488
10659,10087,2568
10660,9968,4868
10661,10512,10417
10662,10375,10258
10663,10635,10210
10664,10598,10271
10665,10385,4428
10666,10651,10487
10667,10528,10327
10668,10666,531
10669,2195,713
10670,10117,9896
10671,4559,2499
10672,10640,964
10673,10668,951
10674,10493,10020
10675,10234,2790
10676,9965,1157
10677,10449,869
10678,10072,2437
10679,9923,9433
10680,10673,2556
10681,10086,1462
10682,10672,10374
10683,10583,1846
10684,10445,10319
10685,10581,1843
10686,2975,1124
10687,5044,625
10688,3281,1121
10689,1105,689
10690,10538,2754
10691,10690,10351
10692,10157,4653
10693,10602,5406
10694,2330,2217
10695,2675,2208
10696,9526,3766
10697,5795,3833
10698,10192,4853
10699,10606,10547
10700,10641,10073
10701,10381,1208
10702,10315,9596
10703,10531,9984
10704,10477,4593
10705,3199,3000
10706,10585,10490
10707,10475,4753
10708,10639,82
10709,5766,5030
10710,10680,10441
10711,2916,1650
10712,10435,10330
10713,10505,10005
10714,10692,5898
10715,10582,5650
10716,3840,404
10717,10710,10380
10718,10600,2272
10719,10682,10469
10720,10665,10413
10721,7791,3546
10722,10227,9357
10723,2869,1255
10724,10652,959
10725,10624,10616
10726,10719,10418
10727,10718,5993
10728,3477,3124
10729,9993,1970
10730,9712,9172
10731,10601,10503
10732,10562,9721
10733,10726,10552
10734,9399,8747
10735,10488,9322
10736,2336,2121
10737,9252,1533
10738,10494,10316
10739,10519,10139
10740,359,235
10741,2622,1458
10742,10121,10114
10743,10717,642
10744,10527,10226
10745,10733,10050
10746,10522,10436
10747,10526,463
10748,10743,10337
10749,5946,1036
10750,10244,2274
10751,10466,9446
10752,5798,5532
10753,10725,1517
10754,4153,2520
10755,10745,1138
10756,10115,4649
10757,10755,1900
10758,10514,834
10759,10748,10554
10760,10759,5355
10761,10757,10309
10762,10462,5791
10763,10727,10700
10764,3732,575
10765,10282,2043
10766,10577,10085
10767,10691,10382
10768,2659,1534
10769,10638,2092
10770,10342,3673
10771,10620,2598
10772,10760,5157
10773,10434,1056
10774,10761,10643
10775,10774,10186
10776,4742,519
10777,10663,948
10778,2320,1162
10779,10775,10703
10780,10630,10311
10781,10720,10530
10782,10772,2506
10783,10240,4832
10784,2892,1937
10785,10395,4162
10786,10414,720
10787,5962,4071
10788,2307,2275
10789,10767,5177
10790,10782,591
10791,10593,10324
10792,10404,2696
10793,10724,5102
10794,10699,939
10795,10753,10578
10796,885,597
10797,10779,5496
10798,10777,4401
10799,10693,2777
10800,10686,10478
10801,10790,10230
10802,9364,4633
10803,10579,10557
10804,10590,10161
10805,10265,4265
10806,3152,3060
10807,10386,3693
10808,10372,5620
10809,10747,10597
10810,10801,10153
10811,3473,349
10812,10470,3677
10813,10797,1332
10814,10789,10741
10815,10592,4713
10816,9382,222
10817,3866,971
10818,10646,3864
10819,10232,10056
10820,10394,10274
10821,4750,4281
10822,10813,10669
10823,10814,10403
10824,10810,3463
10825,10671,3461
10826,10822,3757
10827,10763,10448
10828,10824,10548
10829,3097,1172
10830,10826,10711
10831,2531,1949
10832,10444,4518
10833,9991,2752
10834,10818,4944
10835,10828,956
10836,10661,981
10837,10734,385
10838,10830,5486
10839,10838,633
10840,794,487
10841,10839,10781
10842,1045,455
10843,10595,2887
10844,10465,9966
10845,10835,853
10846,10707,10659
10847,10535,4854
10848,10823,10627
10849,10566,1432
10850,3370,3091
10851,10750,10420
10852,9241,4995
10853,10841,5462
10854,4698,1171
10855,10845,652
10856,10855,10809
10857,10391,1246
10858,10617,4222
10859,10713,9077
10860,4799,3798
10861,3518,2026
10862,10701,4456
10863,10621,10564
10864,10555,10317
10865,10138,4685
10866,10762,3120
10867,4569,1940
10868,10803,10028
10869,10541,2794
10870,10853,854
10871,10870,10834
10872,10549,2549
10873,2341,2151
10874,10771,1879
10875,10353,5772
10876,10869,10556
10877,2603,1930
10878,10467,3623
10879,10645,2005
10880,10047,8606
10881,10662,1259
10882,10516,10426
10883,10874,10751
10884,10864,4711
10885,10145,2548
10886,10871,1812
10887,10697,10358
10888,10804,10256
10889,10812,10440
10890,10778,574
10891,10851,10026
10892,10510,3901
10893,10542,10534
10894,10886,2667
10895,10373,9611
10896,9361,2668
10897,10609,98
10898,10732,10060
10899,10623,8630
10900,10894,5312
10901,10452,946
10902,10714,890
10903,10900,530
10904,10773,10769
10905,5314,5086
10906,10389,1866
10907,5498,2845
10908,3072,154
10909,10706,10460
10910,10793,5831
10911,10604,10295
10912,10654,921
10913,10903,10423
10914,10913,2452
10915,10402,4872
10916,10888,10794
10917,10712,10677
10918,968,681
10919,10862,10856
10920,10919,535
10921,10914,10607
10922,10920,10854
10923,10921,10776
10924,2066,738
10925,10513,2521
10926,2471,998
10927,10196,181
10928,10795,10628
10929,4554,1865
10930,10676,10565
10931,10923,10567
10932,10931,10670
10933,10815,10798
10934,5287,5113
10935,10742,10631
10936,10787,1202
10937,10509,10371
10938,10846,4648
10939,10836,10405
10940,10629,3558
10941,10704,8768
10942,10756,3969
10943,10932,10884
10944,10539,2281
10945,10889,10827
10946,10454,1617
10947,10685,10667
10948,10744,4446
10949,10948,3723
10950,10949,10199
10951,10922,10483
10952,10574,242
10953,10951,693
10954,182,11
10955,10943,10450
10956,5079,2560
10957,3789,2698
10958,10807,1401
10959,10955,10532
10960,4920,696
10961,10953,10860
10962,10843,10780
10963,10428,4925
10964,5509,1419
10965,10401,4782
10966,10959,2610
10967,10885,780
10968,10961,4714
10969,10968,9946
10970,10551,3013
10971,10969,1947
10972,10971,697
10973,10366,2132
10974,10881,10749
10975,10909,10515
10976,10679,2350
10977,10966,4776
10978,10307,10209
10979,10731,10664
10980,9708,1851
10981,10622,9402
10982,10977,9962
10983,10660,4978
10984,10982,10580
10985,5264,2526
10986,4296,1828
10987,10972,5193
10988,10928,10891
10989,10925,5137
10990,10987,1792
10991,4951,4665
10992,10806,5338
10993,10984,10738
10994,10746,10656
10995,10926,1905
10996,10850,4892
10997,10684,10644
10998,10993,5436
10999,10904,609
11000,10123,405
11001,9994,5481
11002,10998,1212
11003,11002,817
11004,11003,10647
11005,4232,3927
11006,10821,774
11007,10958,10594
11008,3241,1630
11009,10625,10453
11010,4064,676
11011,10990,10910
11012,10506,3660
11013,11004,10936
11014,11013,2114
11015,10999,10207
11016,10876,5179
11017,10377,158
11018,11014,5454
11019,10675,2692
11020,10933,10808
11021,10947,10608
11022,11011,1443
11023,10758,10558
11024,10345,4652
11025,10508,3915
11026,10735,10612
11027,10636,5048
11028,2519,1252
11029,10893,10596
11030,11022,10940
11031,2291,911
11032,10939,10916
11033,10553,3406
11034,11018,10915
11035,11034,10791
11036,10848,9910
11037,10852,2528
11038,9977,3174
11039,5307,4195
11040,3641,1399
11041,10865,4223
11042,10902,2492
11043,10480,10218
11044,10880,2793
11045,10901,1791
11046,3166,3005
11047,11030,807
11048,9978,4855
11049,11047,11036
11050,11009,471
11051,11035,1910
11052,10765,2246
11053,11051,883
11054,11053,1608
11055,10649,5549
11056,5649,5326
11057,4953,294
11058,4598,3159
11059,11054,10882
11060,10847,10723
11061,5510,4555
11062,11059,2419
11063,11062,5761
11064,10833,5080
11065,5152,3416
11066,10730,10653
11067,11063,10800
11068,10648,4303
11069,5901,5303
11070,10906,10586
11071,10898,5998
11072,9902,3559
11073,11067,1416
11074,2731,40
11075,1025,14
11076,5737,3741
11077,11073,3027
11078,10974,10849
11079,10687,4824
11080,3034,2786
11081,11025,4538
11082,11077,10683
11083,10956,2611
11084,10976,10132
11085,10819,10201
11086,10863,832
11087,10605,10328
11088,2822,65
11089,10321,2031
11090,10642,10305
11091,11049,2803
11092,11091,1604
11093,10975,3455
11094,11044,10917
11095,11082,10938
11096,11026,1276
11097,5206,687
11098,10929,2747
11099,10970,10499
11100,1366,1262
11101,10988,10962
11102,10950,10657
11103,10945,4028
11104,11103,10634
11105,10960,10569
11106,11092,663
11107,11106,5451
11108,2963,2768
11109,1911,1290
11110,11095,4690
11111,11110,5160
11112,11111,10866
11113,11107,10918
11114,4505,753
11115,11113,3830
11116,2775,1755
11117,10439,5251
11118,10930,1867
11119,5950,897
11120,10816,9719
11121,10783,725
11122,11112,682
11123,4837,4774
11124,11122,2574
11125,11050,10802
11126,5579,1413
11127,10425,4838
11128,11115,3815
11129,10796,4918
11130,11128,961
11131,11096,4788
11132,10695,2392
11133,11124,616
11134,11133,10857
11135,11134,1837
11136,10875,3886
11137,11130,570
11138,11137,3525
11139,11135,10912
11140,5347,1086
11141,10615,641
11142,10721,3680
11143,2710,1992
11144,10844,583
11145,2647,2527
11146,10978,10859
11147,11139,10410
11148,11147,11081
11149,11032,4521
11150,11086,11042
11151,11148,1467
11152,11151,11078
11153,10979,10879
11154,10166,10081
11155,10354,10318
11156,2797,2699
11157,11016,11000
11158,11152,11056
11159,10716,458
11160,10994,5159
11161,11158,10963
11162,10820,2073
11163,10927,10084
11164,10868,10674
11165,11161,835
11166,10655,1010
11167,11165,10967
11168,11104,5879
11169,10973,10658
11170,5178,4831
11171,11144,11138
11172,10811,5999
11173,11117,9833
11174,5101,2846
11175,1730,245
11176,10715,3563
11177,11171,2474
11178,11177,2554
11179,4068,48
11180,9865,1301
11181,11167,5025
11182,3644,1383
11183,2473,2182
11184,11181,2502
11185,4132,1794
11186,11037,388
11187,11101,10883
11188,10544,2558
11189,11184,2238
11190,11189,1090
11191,11190,5346
11192,10941,10785
11193,2783,116
11194,11191,996
11195,11194,10877
11196,11178,11083
11197,11196,11045
11198,11121,2365
11199,11195,4821
11200,11060,10997
11201,10805,10739
11202,11197,369
11203,11199,11006
11204,10985,755
11205,10388,1720
11206,11024,10942
11207,11203,10892
11208,10525,10458
11209,5191,1888
11210,11127,10867
11211,11066,11007
11212,11207,1293
11213,2974,1990
11214,11212,10058
11215,11168,4227
11216,11075,2918
11217,11160,11131
11218,11019,10858
11219,11202,3946
11220,10983,10356
11221,11214,11085
11222,10770,4255
11223,10911,10832
11224,5953,5293
11225,11221,10995
11226,10829,2903
11227,11219,11001
11228,11225,11141
11229,11093,4913
11230,3965,3219
11231,11227,2425
11232,11215,4860
11233,10895,10768
11234,10689,10678
11235,10737,2434
11236,11228,3537
11237,11236,11068
11238,11090,10696
11239,5108,3268
11240,11231,10899
11241,11187,11149
11242,10650,4520
11243,5871,4610
11244,11097,11020
11245,11237,5225
11246,10764,891
11247,11173,10842
11248,10379,5768
11249,11008,2178
11250,11245,568
11251,10504,2766
11252,11250,1418
11253,11094,3772
11254,11244,10722
11255,10831,3516
11256,11252,569
11257,4800,852
11258,10861,10786
11259,11125,11105
11260,11256,11071
11261,11200,9979
11262,11205,11201
11263,4820,3541
11264,11027,10517
11265,10698,9655
11266,11240,2401
11267,11266,11031
11268,11267,910
11269,11260,600
11270,10708,10485
11271,11269,10338
11272,11271,11029
11273,10048,60
11274,4374,978
11275,5228,2135
11276,3045,1769
11277,10694,5328
11278,2774,421
11279,11268,4672
11280,11279,674
11281,10784,3783
11282,2719,489
11283,11232,2415
11284,5530,4081
11285,11280,10989
11286,11204,2532
11287,10754,10017
11288,11229,10702
11289,10878,4469
11290,11208,10799
11291,11285,11064
11292,11198,11162
11293,11291,2418
11294,3167,1771
11295,11293,695
11296,11283,10905
11297,11295,11033
11298,11211,556
11299,11153,11015
11300,11218,2672
11301,10837,10045
11302,1223,1165
11303,3567,611
11304,4478,3872
11305,10980,654
11306,11070,2592
11307,11272,10896
11308,11307,505
11309,11206,10991
11310,10965,10736
11311,5231,4312
11312,2054,239
11313,10996,3217
11314,10890,4702
11315,437,50
11316,11308,11136
11317,11259,11061
11318,10946,10887
11319,11316,11118
11320,4145,1635
11321,11253,5017
11322,11297,2619
11323,11322,5035
11324,11323,1140
11325,4631,2986
11326,5038,821
11327,11319,11261
11328,11324,582
11329,11327,10897
11330,5309,4827
11331,11329,732
11332,11331,2517
11333,11328,733
11334,11332,11317
11335,10817,5394
11336,11335,11296
11337,10766,2351
11338,11150,10937
11339,10752,10198
11340,10792,3214
11341,2843,2666
11342,11334,2732
11343,11333,1027
11344,2444,516
11345,11342,861
11346,11343,11325
11347,10688,3796
11348,11021,2645
11349,11010,756
11350,10992,2733
11351,11188,11108
11352,11235,1573
11353,11193,57
11354,11288,10728
11355,10350,2789
11356,11345,11126
11357,11346,10840
11358,11357,2756
11359,11217,10397
11360,11157,10603
11361,11287,10587
11362,1103,661
11363,5458,3425
11364,11356,4589
11365,11330,11192
11366,11358,2362
11367,11080,5483
11368,11299,11174
11369,11364,5371
11370,11100,1773
11371,11366,5505
11372,5628,4547
11373,11369,0
11374,11220,11079
11375,4861,1845
11376,11371,11277
11377,11373,11275
11378,4575,847
11379,11376,543
11380,11084,10872
11381,5003,947
11382,10325,2718
11383,11377,1754
11384,9714,4731
11385,11379,5183
11386,11385,2581
11387,10825,3678
11388,11368,11132
11389,11043,10952
11390,11146,3163
11391,11383,5784
11392,11048,10390
11393,5726,950
11394,11185,10935
11395,11391,5897
11396,11099,3759
11397,11386,612
11398,11397,2058
11399,11398,11246
11400,11336,4975
11401,11395,644
11402,11401,11348
11403,11223,11012
11404,577,507
11405,10455,2934
11406,11405,11390
11407,11399,11349
11408,11123,10729
11409,11210,840
11410,11298,3412
11411,11284,1565
11412,5694,376
11413,11402,11265
11414,2876,1480
11415,10709,10396
11416,11413,11145
11417,11416,4787
11418,11417,770
11419,10924,2356
11420,11292,3739
11421,11407,1696
11422,11321,2137
11423,4156,3573
11424,11388,11186
11425,2998,2607
11426,11410,5781
11427,11087,5430
11428,11209,11023
11429,5207,2284
11430,11400,11367
11431,11430,11164
11432,11421,10481
11433,11422,11114
11434,11213,3800
11435,4946,3724
11436,11159,10472
11437,11432,11254
11438,11180,4758
11439,11418,4884
11440,11439,11286
11441,11437,11420
11442,11176,3111
11443,2815,2518
11444,11241,566
11445,11440,11338
11446,4027,1944
11447,11089,1809
11448,11360,1961
11449,3497,1813
11450,11445,3568
11451,11102,5393
11452,3935,2670
11453,11337,4234
11454,11163,5409
11455,11450,11352
11456,3990,3321
11457,11455,3566
11458,11457,787
11459,11396,2231
11460,11290,11038
11461,11065,3760
11462,11448,986
11463,11170,11156
11464,11441,11216
11465,11458,11428
11466,11041,4415
11467,11251,11242
11468,11340,3066
11469,11465,11263
11470,11226,4129
11471,11238,10740
11472,11069,10411
11473,10908,2315
11474,11469,3252
11475,11474,11109
11476,11183,2180
11477,11409,11057
11478,11475,632
11479,1858,1377
11480,11414,11120
11481,11433,11258
11482,11464,10545
11483,11482,1070
11484,11483,11481
11485,11270,18
11486,11310,5084
11487,11320,11222
11488,11478,11429
11489,11326,3838
11490,11488,2894
11491,10561,3720
11492,10986,3586
11493,2898,2722
11494,11490,1179
11495,11359,2890
11496,11233,726
11497,11426,11155
11498,11119,2944
11499,11494,11365
11500,11499,555
11501,3468,1256
11502,11453,10618
11503,11500,11318
11504,11166,1158
11505,11431,11309
11506,11484,1574
11507,11305,11028
11508,11052,797
11509,11473,11444
11510,11503,3357
11511,11510,10944
11512,11495,11129
11513,11506,1764
11514,11513,833
11515,11230,3119
11516,11403,2694
11517,11505,3955
11518,11514,11302
11519,11389,11301
11520,11451,10105
11521,11442,11076
11522,2059,502
11523,11496,10589
11524,11406,9765
11525,11098,11074
11526,2818,1652
11527,11511,11247
11528,11477,11234
11529,5460,290
11530,11509,11462
11531,11530,11169
11532,11058,3353
11533,11055,1705
11534,1946,1487
11535,11518,11282
11536,11527,1288
11537,4306,2596
11538,11535,11492
11539,11538,2758
11540,11536,11419
11541,11540,11412
11542,11424,3816
11543,11339,2922
11544,11541,11502
11545,11382,5842
11546,11539,11456
11547,5258,3731
11548,4659,2041
11549,11544,621
11550,11516,11040
11551,11274,4847
11552,11289,11143
11553,11341,512
11554,11175,3453
11555,11549,11262
11556,11555,11248
11557,11384,11313
11558,11354,2879
11559,11546,2628
11560,11559,11519
11561,11560,11525
11562,11561,11524
11563,11172,10981
11564,11556,1115
11565,9926,3614
11566,10907,2363
11567,11351,2214
11568,11387,3401
11569,11224,450
11570,11306,1511
11571,11564,11479
11572,11468,11467
11573,11404,11179
11574,11562,11140
11575,11571,2077
11576,11575,5158
11577,11576,1222
11578,11577,3718
11579,11578,11531
11580,11543,2191
11581,10964,5119
11582,2991,2516
11583,11257,788
11584,11574,677
11585,11545,11394
11586,11558,3598
11587,10560,3828
11588,11584,11281
11589,3474,3025
11590,11588,11523
11591,11361,5928
11592,10681,628
11593,10954,10611
11594,11443,11411
11595,11434,962
11596,4638,4530
11597,11392,3099
11598,11590,321
11599,11466,3782
11600,11542,11512
11601,11579,11452
11602,11598,11088
11603,4729,2504
11604,11517,4834
11605,11273,7658
11606,11471,11463
11607,11601,11243
11608,2930,1522
11609,11459,1518
11610,11602,1698
11611,2640,247
11612,5967,4937
11613,4719,2749
11614,11607,11423
11615,5940,3655
11616,11557,2613
11617,11154,462
11618,11610,5260
11619,11618,665
11620,11619,584
11621,11528,11381
11622,11604,11586
11623,11620,5114
11624,11623,1060
11625,10568,3361
11626,11614,2321
11627,11470,11264
11628,11508,11116
11629,4614,2806
11630,11570,11449
11631,11630,11460
11632,11624,690
11633,11632,4926
11634,10705,4001
11635,11626,11314
11636,11072,5916
11637,11582,10957
11638,11633,11533
11639,11635,2488
11640,11480,4647
11641,11639,11454
11642,11641,11594
11643,11642,941
11644,11520,11472
11645,11643,2126
11646,11645,11374
11647,11646,11182
11648,11647,1735
11649,11638,5173
11650,11649,121
11651,11648,11255
11652,11504,1213
11653,11552,11446
11654,11563,11294
11655,11585,2204
11656,11651,11548
11657,11656,2144
11658,11657,11526
11659,11362,10352
11660,11650,11493
11661,11660,11438
11662,11658,11595
11663,11662,11378
11664,11606,11355
11665,11663,5284
11666,11661,3179
11667,3597,3067
11668,11665,11393
11669,11353,2888
11670,11569,11344
11671,991,592
11672,11476,11278
11673,9892,1123
11674,11668,2044
11675,3659,1229
11676,4905,3779
11677,11666,782
11678,11521,11039
11679,11674,11553
11680,8807,4921
11681,11677,2923
11682,11621,2936
11683,11664,11507
11684,11682,11679
11685,11681,2709
11686,11685,11550
11687,11415,864
11688,1519,980
11689,11637,11600
11690,11686,5655
11691,11684,4544
11692,10788,578
11693,11640,2852
11694,11572,2681
11695,11347,2142
11696,11583,785
11697,11691,2163
11698,11697,11690
11699,11486,11485
11700,5788,4003
11701,11551,11497
11702,11616,589
11703,2606,938
11704,1542,550
11705,11636,2702
11706,11491,3562
11707,11698,11596
11708,11568,4594
11709,11644,11372
11710,11709,3628
11711,11592,2780
11712,11567,11300
11713,11566,3999
11714,11689,11375
11715,11625,11515
11716,11622,11581
11717,11716,11487
11718,11717,11597
11719,11707,4507
11720,11701,11239
11721,11702,11609
11722,11678,5169
11723,11713,11580
11724,11719,11694
11725,11605,4663
11726,11603,2823
11727,11718,525
11728,870,44
11729,11628,3862
11730,11498,2512
11731,11554,11350
11732,11724,3963
11733,11727,11591
11734,11733,11634
11735,11408,2032
11736,11312,5546
11737,11695,973
11738,11732,11670
11739,11303,5595
11740,11738,386
11741,3196,1842
11742,11655,3093
11743,11742,11436
11744,11740,11489
11745,11714,11675
11746,11744,1607
11747,11380,2017
11748,11747,9273
11749,11710,4996
11750,4904,2566
11751,379,277
11752,2541,22
11753,11599,728
11754,11720,11427
11755,11683,11529
11756,11673,11522
11757,11748,11249
11758,11629,4558
11759,11593,4811
11760,4829,1464
11761,11755,1438
11762,5896,132
11763,11612,4090
11764,11746,3810
11765,11743,3125
11766,11676,2985
11767,10873,1969
11768,11764,3994
11769,11768,11537
11770,11745,11730
11771,11723,11532
11772,11769,5613
11773,11772,5275
11774,11712,668
11775,11659,11435
11776,11774,11770
11777,11773,11711
11778,11734,4321
11779,11276,4277
11780,11693,11672
11781,11777,858
11782,11687,11615
11783,11781,11729
11784,2061,1830
11785,11783,11315
11786,11785,11776
11787,11547,4783
11788,11754,11721
11789,11786,5018
11790,11627,11017
11791,11756,11631
11792,11753,954
11793,11005,3180
11794,11789,11780
11795,11765,11447
11796,11794,3542
11797,11778,5857
11798,11797,3765
11799,11534,5612
11800,11798,11788
11801,11652,11461
11802,11736,871
11803,11802,11696
11804,5541,5218
11805,11757,1898
11806,11796,11669
11807,11806,11501
11808,11807,11703
11809,1296,1023
11810,11808,3654
11811,11810,11761
11812,11791,953
11813,11811,11758
11814,11813,11766
11815,11726,2819
11816,3937,267
11817,11654,5969
11818,11817,11363
11819,11708,4789
11820,11779,1389
11821,11814,11704
11822,11680,5372
11823,11304,1302
11824,11725,11699
11825,11821,1455
11826,11825,3652
11827,11826,11728
11828,11827,11809
11829,11828,11611
11830,11739,4155
11831,11829,5041
11832,11831,3548
11833,11800,11790
11834,11782,11722
11835,11784,4601
11836,11565,2800
11837,11749,10934
11838,11832,11819
11839,11838,11836
11840,11688,308
11841,11812,11370
11842,11833,3794
11843,4402,2841
11844,11839,3692
11845,11844,2706
11846,11845,11823
11847,2909,754
11848,11846,563
11849,3936,2989
11850,4323,1906
11851,11805,11771
11852,11750,4651
11853,11608,718
11854,11848,402
11855,11854,1236
11856,11855,5477
11857,11842,11705
11858,3070,2587
11859,11795,4976
11860,11857,11763
11861,4607,1869
11862,11792,11752
11863,11573,3780
11864,11859,11589
11865,11864,11737
11866,3141,2905
11867,11700,3511
11868,11856,11799
11869,11824,8873
11870,11868,11816
11871,5968,3323
11872,11801,2942
11873,11870,596
11874,11873,64
11875,11874,5040
11876,11875,11759
11877,11860,5721
11878,11877,11667
11879,11878,11863
11880,11879,5366
11881,11851,11425
11882,11876,513
11883,11882,1678
11884,11706,380
11885,11880,11803
11886,11883,11820
11887,11886,11830
11888,11867,11843
11889,11822,11787
11890,11869,3942
11891,11587,4785
11892,2826,1436
11893,11885,101
11894,11893,11731
11895,11760,11715
11896,11861,4962
11897,11887,3926
11898,11897,11692
11899,11613,5845
11900,11847,930
11901,11889,3191
11902,11858,11840
11903,11837,11671
11904,11767,5464
11905,11898,5244
11906,11905,11762
11907,11906,11892
11908,11907,11881
11909,11741,3030
11910,11894,917
11911,11910,11834
11912,11865,11841
11913,11908,393
11914,11913,11775
11915,11653,2906
11916,11915,11804
11917,11862,4427
11918,11914,11872
11919,11918,11815
11920,11911,11871
11921,11904,11818
11922,11919,11735
11923,11922,11912
11924,11896,4625
11925,11617,71
11926,11920,11751
11927,11923,4186
11928,11927,3719
11929,11926,11853
11930,11928,1953
11931,11930,11902
11932,11931,11866
11933,11895,4947
11934,11142,156
11935,11916,2573
11936,11932,11900
11937,11936,5296
11938,11937,11933
11939,11938,11899
11940,11929,4870
11941,11939,11921
11942,11888,3897
11943,11940,11924
11944,11943,11903
11945,11890,4434
11946,11942,11941
11947,11852,11311
11948,11946,11935
11949,11948,2821
11950,11835,4678
11951,5082,3894
11952,11949,160
11953,11952,11850
11954,5904,34
11955,11944,3538
11956,3777,3502
11957,11953,4840
11958,11957,1046
11959,11955,2111
11960,11958,4867
11961,11960,2147
11962,11961,2626
11963,11962,11917
11964,11956,11884
11965,11959,11793
11966,11965,11954
11967,4172,3745
11968,11963,2683
11969,11968,11901
11970,11969,4514
11971,11945,5801
11972,11970,11950
11973,11972,5938
11974,11973,5824
11975,5377,3746
11976,11966,11947
11977,11974,534
11978,11977,11964
11979,11978,11891
11980,11979,11971
11981,11976,3715
11982,11849,5881
11983,11980,11951
11984,11981,11967
11985,11984,11983
11986,11985,11934
11987,11986,3599
11988,11987,4388
11989,11982,4683
11990,11909,5413
11991,11975,11046
11992,11988,11925
11993,11992,11989
11994,11993,11990
11995,11994,11991
11996,11995,3010
11997,11996,5941
11998,11997,651
