10000,7843,1044
10001,7471,5062
10002,7080,5615
10003,3444,2847
10004,6714,5493
10005,9315,8296
10006,8073,7963
10007,9525,9111
10008,8538,7473
10009,4955,634
10010,2338,1598
10011,4103,2145
10012,10010,5098
10013,4488,2309
10014,3643,3438
10015,5134,5128
10016,10012,4167
10017,2383,2030
10018,5141,2403
10019,10013,3069
10020,4073,1034
10021,2746,2729
10022,5418,5361
10023,5439,2395
10024,4264,3977
10025,5156,5070
10026,5827,1219
10027,10016,3261
10028,5243,3885
10029,10011,2497
10030,4266,3047
10031,10017,2279
10032,4080,3755
10033,2133,1281
10034,4479,4297
10035,5474,3208
10036,10014,5343
10037,4489,4426
10038,10023,10020
10039,2340,2138
10040,10027,5342
10041,10015,5115
10042,10019,4291
10043,10029,10024
10044,4797,3526
10045,3292,2118
10046,7281,4422
10047,6653,3539
10048,5695,5625
10049,10038,1315
10050,5241,4183
10051,10042,4154
10052,10031,5136
10053,10040,10035
10054,5411,3234
10055,10032,10021
10056,10037,4369
10057,9716,742
10058,8282,3686
10059,5806,2222
10060,4387,4204
10061,3650,2070
10062,10043,10036
10063,5834,5480
10064,10049,5907
10065,5331,1201
10066,5290,3920
10067,4429,3928
10068,10050,10033
10069,10052,4361
10070,5878,2387
10071,7331,1676
10072,10045,2464
10073,10053,7459
10074,4364,4355
10075,10022,3108
10076,2306,2243
10077,10039,8062
10078,10064,5011
10079,6932,4035
10080,10051,5364
10081,5425,4450
10082,10068,2074
10083,5325,2661
10084,2232,2051
10085,10041,10025
10086,10055,5153
10087,5298,3908
10088,10018,8233
10089,4033,2339
10090,5226,4185
10091,10044,6541
10092,4116,2559
10093,8128,901
10094,10058,2860
10095,5322,2443
10096,6979,6533
10097,10057,3110
10098,10080,2374
10099,10073,6621
10100,4382,4091
10101,10028,5421
10102,10069,1242
10103,1692,1013
10104,10046,4696
10105,4157,4120
10106,2662,1093
10107,10092,10082
10108,5508,3681
10109,4470,4317
10110,5199,3950
10111,4362,4327
10112,9823,5278
10113,10056,4818
10114,10079,10071
10115,5722,1073
10116,4036,3427
10117,6782,6718
10118,10030,541
10119,10099,10078
10120,6892,5580
10121,5374,3666
10122,10054,5919
10123,10062,4960
10124,4339,2378
10125,4197,3033
10126,10048,4752
10127,8068,7403
10128,10075,3530
10129,10066,3088
10130,10101,10094
10131,6453,3827
10132,7129,3095
10133,4964,3346
10134,10123,8188
10135,4473,4165
10136,5697,4087
10137,7026,477
10138,5024,3734
10139,10107,4584
10140,8308,4134
10141,10072,5767
10142,7702,4125
10143,4159,3192
10144,10093,10089
10145,10070,9646
10146,9858,4189
10147,10102,4233
10148,10134,10059
10149,10065,3689
10150,1096,390
10151,10119,3300
10152,10026,5652
10153,10063,714
10154,10112,10077
10155,10091,10047
10156,1131,815
10157,9618,2008
10158,8905,8831
10159,4492,4210
10160,10113,4088
10161,4436,4013
10162,4539,606
10163,10151,10104
10164,5461,3019
10165,9672,4897
10166,10108,4280
10167,10121,5100
10168,10114,2487
10169,5369,2103
10170,4270,1951
10171,3068,3036
10172,3377,2466
10173,5936,5388
10174,10088,1544
10175,6955,6589
10176,10148,5473
10177,10144,10139
10178,8170,3203
10179,3319,3259
10180,7047,5149
10181,10083,8353
10182,4599,658
10183,3205,1968
10184,10138,8399
10185,10137,6639
10186,10098,4378
10187,10103,1537
10188,5545,1742
10189,1661,722
10190,7323,5918
10191,2781,1188
10192,10081,1857
10193,10176,4181
10194,10127,10060
10195,7206,5715
10196,7829,6994
10197,10142,10095
10198,6320,2328
10199,10157,10097
10200,5657,3860
10201,10061,2978
10202,3698,3555
10203,6912,5148
10204,5631,5043
10205,10118,10067
10206,10185,10076
10207,5333,5203
10208,10147,433
10209,10166,2564
10210,3448,1144
10211,5281,3763
10212,5884,2420
10213,10188,10159
10214,3496,3290
10215,10193,8348
10216,9889,4272
10217,5197,3606
10218,10131,3712
10219,1892,1154
10220,10177,6294
10221,10132,2895
10222,7238,2430
10223,3153,1177
10224,10167,3212
10225,4192,1357
10226,10086,3260
10227,10205,8162
10228,10201,10145
10229,10160,3998
10230,4608,4262
10231,3183,3004
10232,4170,4047
10233,7601,4007
10234,10194,2816
10235,2760,579
10236,10180,10154
10237,6965,6748
10238,5540,96
10239,10085,4142
10240,10111,4435
10241,10164,4353
10242,6949,220
10243,10129,5686
10244,5876,5565
10245,10152,10115
10246,10128,10100
10247,9891,3348
10248,10109,3459
10249,3332,2176
10250,8968,4393
10251,5285,2680
10252,2685,1890
10253,6665,6645
10254,4890,4525
10255,10192,10034
10256,10220,10146
10257,10168,1037
10258,10208,6493
10259,10233,4083
10260,6900,5787
10261,10136,4175
10262,8120,3074
10263,10135,4151
10264,4147,1523
10265,10172,10141
10266,10203,3914
10267,4461,3610
10268,1098,540
10269,9800,9675
10270,8207,4354
10271,8451,5466
10272,9928,9900
10273,10149,3954
10274,10122,7151
10275,10126,5820
10276,10155,10140
10277,10225,1087
10278,10229,3645
10279,10170,94
10280,7723,7715
10281,10209,10125
10282,10106,5856
10283,10226,5133
10284,10174,8461
10285,1150,1062
10286,10074,8909
10287,4122,3098
10288,10245,10215
10289,10173,10105
10290,10206,10182
10291,10186,33
10292,10239,4228
10293,10187,2149
10294,3279,3015
10295,10224,5345
10296,9772,2273
10297,3244,2286
10298,6925,6805
10299,3624,3469
10300,5491,3529
10301,10236,10163
10302,3856,3285
10303,10214,10158
10304,10266,10256
10305,1757,1649
10306,4784,4628
10307,9965,2368
10308,7560,3691
10309,10258,10153
10310,5723,3298
10311,4679,4012
10312,10110,872
10313,10178,3023
10314,7863,3986
10315,6970,6565
10316,10189,501
10317,10282,8174
10318,9745,3269
10319,5205,3943
10320,8080,4612
10321,10213,3622
10322,3365,3310
10323,10087,3057
10324,4070,3051
10325,2259,1657
10326,5401,3805
10327,10212,2317
10328,10228,10124
10329,5576,150
10330,8546,7300
10331,10130,6684
10332,7489,6764
10333,10191,8082
10334,10120,3846
10335,7561,876
10336,5386,2011
10337,8052,4974
10338,10284,10273
10339,10227,5267
10340,10243,3146
10341,7037,3136
10342,3561,2727
10343,10133,3768
10344,5453,4113
10345,4410,4230
10346,10257,762
10347,10291,10247
10348,4326,3970
10349,4314,1557
10350,5262,4344
10351,4315,3711
10352,10096,6747
10353,4200,2071
10354,2218,1022
10355,10277,10116
10356,5360,2056
10357,3966,3922
10358,10162,9564
10359,6807,6605
10360,10171,8954
10361,5042,1325
10362,10150,1423
10363,4392,4368
10364,8842,1039
10365,10304,4751
10366,10278,4056
10367,4260,740
10368,10290,10199
10369,7356,3202
10370,3229,2542
10371,9387,7224
10372,10259,2439
10373,7542,5762
10374,10211,4308
10375,10156,9778
10376,8776,4866
10377,3354,3122
10378,10221,5449
10379,1647,712
10380,10283,10261
10381,5584,1342
10382,10241,47
10383,10288,10197
10384,10268,1497
10385,10358,10309
10386,10184,8027
10387,9623,4630
10388,4476,3403
10389,6701,6678
10390,5874,5253
10391,10248,8304
10392,10346,2314
10393,10234,4979
10394,8192,5097
10395,7497,7309
10396,6713,6552
10397,10293,8494
10398,8263,4302
10399,5525,2099
10400,4636,4051
10401,10355,10301
10402,5292,1283
10403,7615,3049
10404,10279,9555
10405,10339,796
10406,2255,2174
10407,6717,2047
10408,10368,10165
10409,10365,1504
10410,10313,4180
10411,8343,4613
10412,8196,4037
10413,10276,8681
10414,3814,2097
10415,10363,4360
10416,9722,1439
10417,4945,4400
10418,10345,10161
10419,8581,6901
10420,10195,3707
10421,10246,5740
10422,2331,2302
10423,10222,2287
10424,10286,7054
10425,8019,7604
10426,5274,4375
10427,7088,2192
10428,10328,3971
10429,9918,8426
10430,10321,1107
10431,8491,4986
10432,10341,508
10433,10360,4462
10434,3100,2094
10435,10409,10299
10436,8245,983
10437,10298,10260
10438,1275,1082
10439,10353,7292
10440,3648,734
10441,1870,1562
10442,10329,10281
10443,8380,1297
10444,8571,4011
10445,5858,5764
10446,10285,4766
10447,10424,10296
10448,10401,10338
10449,4373,2108
10450,6846,6797
10451,10404,10190
10452,10179,4241
10453,10385,9970
10454,10383,10366
10455,10223,8262
10456,10397,808
10457,805,635
10458,5450,3513
10459,5927,5799
10460,6549,449
10461,1417,1141
10462,5981,5948
10463,10314,5317
10464,10267,3601
10465,5270,4118
10466,10292,3899
10467,10143,2352
10468,8012,3506
10469,10198,8202
10470,10351,4269
10471,10340,2256
10472,10317,1164
10473,10270,3257
10474,10410,10295
10475,10349,1425
10476,10265,10231
10477,10382,3717
10478,5235,2711
10479,10312,3276
10480,10369,5844
10481,10392,1337
10482,9818,743
10483,6954,6759
10484,6524,6518
10485,10200,10183
10486,10433,10289
10487,10372,1704
10488,3884,2877
10489,8158,5175
10490,10430,10333
10491,5930,2438
10492,10388,3961
10493,9807,9557
10494,3900,2007
10495,10374,10337
10496,8280,5261
10497,10303,1894
10498,10362,8821
10499,10421,10310
10500,5572,5096
10501,7136,7013
10502,9721,7137
10503,4077,2193
10504,10334,7056
10505,10454,10386
10506,9741,7334
10507,7544,7505
10508,10448,10391
10509,5180,5006
10510,10210,3193
10511,5202,3919
10512,10320,3064
10513,10219,2849
10514,4408,1784
10515,8084,3629
10516,4914,3254
10517,10435,9991
10518,5288,1367
10519,10255,1926
10520,10217,5469
10521,10442,1434
10522,10331,10216
10523,10381,963
10524,4754,53
10525,6660,2181
10526,8502,1251
10527,10517,3164
10528,8349,4481
10529,7426,135
10530,10418,10347
10531,10378,2371
10532,10487,10300
10533,5222,3898
10534,10428,10232
10535,10350,4111
10536,6924,1084
10537,8743,8697
10538,5913,2477
10539,10344,2015
10540,7305,660
10541,9777,5073
10542,10393,8807
10543,10264,10252
10544,2057,511
10545,10181,987
10546,10307,975
10547,10456,856
10548,10297,2379
10549,1368,1311
10550,10405,8687
10551,10326,3022
10552,5404,5209
10553,9508,4992
10554,7622,1529
10555,10306,4529
10556,9812,1815
10557,10527,10494
10558,5182,3457
10559,9969,5118
10560,10467,5488
10561,10427,7370
10562,10488,5407
10563,4588,4553
10564,10238,2107
10565,4891,4441
10566,10453,8480
10567,10422,8895
10568,3820,2391
10569,3982,2264
10570,10481,10455
10571,10420,3799
10572,8091,3695
10573,10476,10471
10574,4917,1291
10575,1329,874
10576,10557,10084
10577,5376,3185
10578,8189,4131
10579,2712,1137
10580,10411,5166
10581,8627,1546
10582,4535,3094
10583,7563,2082
10584,10311,4380
10585,10400,1838
10586,1965,906
10587,10495,4881
10588,10542,10431
10589,10508,10440
10590,3972,3600
10591,10521,3785
10592,10446,9373
10593,10275,5747
10594,7568,1675
10595,2060,1591
10596,10402,3297
10597,10398,5286
10598,10550,8990
10599,10327,2136
10600,7298,7179
10601,6836,6785
10602,10490,1914
10603,979,626
10604,10316,8798
10605,10380,2572
10606,10399,8381
10607,10429,4950
10608,10274,1747
10609,3625,74
10610,10462,7218
10611,10387,10342
10612,10207,5077
10613,10512,10505
10614,5478,5375
10615,8265,3029
10616,10250,9700
10617,10472,553
10618,5414,5391
10619,4100,1772
10620,10364,3854
10621,3189,2294
10622,10169,6780
10623,10413,6801
10624,10598,10367
10625,9789,1489
10626,8466,5240
10627,10497,8565
10628,10416,2679
10629,1125,510
10630,10373,7759
10631,10547,7607
10632,10090,3959
10633,4039,2327
10634,10348,79
10635,7254,2085
10636,2282,2091
10637,10305,7749
10638,10403,1881
10639,10608,10302
10640,10592,10493
10641,10240,5090
10642,10573,10491
10643,10384,10375
10644,10566,5170
10645,9947,8969
10646,3770,3674
10647,3187,1101
10648,10407,6765
10649,5214,5050
10650,10587,10583
10651,6703,6686
10652,10218,5872
10653,8095,497
10654,10530,10434
10655,10330,8664
10656,10593,10504
10657,10477,5020
10658,5373,4010
10659,10461,10354
10660,8157,7286
10661,10436,10287
10662,10650,5779
10663,6677,5553
10664,7264,7048
10665,10463,3991
10666,10324,7125
10667,5059,3670
10668,4250,4060
10669,10482,9579
10670,5495,4123
10671,5427,1708
10672,9827,4138
10673,10606,2035
10674,7717,2404
10675,10599,10534
10676,10319,9984
10677,10540,2199
10678,10447,2280
10679,10361,1619
10680,10408,9641
10681,3246,1908
10682,9872,9636
10683,10426,124
10684,10563,4199
10685,9797,8221
10686,10519,10474
10687,1536,363
10688,10526,204
10689,9779,4009
10690,7338,5171
10691,3184,1868
10692,10632,9630
10693,8324,4093
10694,10371,7431
10695,8415,1079
10696,10591,1666
10697,10204,4433
10698,10581,7822
10699,10589,814
10700,7143,5651
10701,10605,8919
10702,10469,6711
10703,10470,1626
10704,5512,3255
10705,5559,1020
10706,10624,10458
10707,2753,1825
10708,10466,4420
10709,10263,4191
10710,10489,913
10711,10644,9616
10712,7361,2375
10713,10627,10432
10714,10196,4676
10715,4050,3708
10716,10523,10451
10717,1566,1265
10718,10531,3311
10719,10379,605
10720,10613,10552
10721,923,41
10722,10657,10323
10723,7844,2480
10724,10343,3819
10725,10680,10513
10726,10631,662
10727,10532,4671
10728,10654,10565
10729,7821,5076
10730,10574,7455
10731,7357,2580
10732,8310,4285
10733,10623,10253
10734,5217,2467
10735,10558,1029
10736,10498,8344
10737,6858,2360
10738,10720,10642
10739,4604,3429
10740,10419,3762
10741,4105,3984
10742,5422,4231
10743,10423,5272
10744,10588,2164
10745,10701,8077
10746,10543,2550
10747,10514,1433
10748,6758,2582
10749,10576,9359
10750,5245,2332
10751,10271,5957
10752,10675,2308
10753,10703,10254
10754,10726,735
10755,10699,10683
10756,3374,3073
10757,10516,3431
10758,10696,904
10759,10335,8247
10760,10441,1645
10761,4066,1224
10762,10485,3837
10763,8190,4092
10764,10473,7790
10765,9735,5398
10766,5811,5489
10767,6338,739
10768,10445,610
10769,4063,4054
10770,10439,10318
10771,6664,6526
10772,859,746
10773,10711,10643
10774,10415,2301
10775,10679,2380
10776,9853,5601
10777,10620,10529
10778,7452,7289
10779,8316,5780
10780,6966,6896
10781,2244,2233
10782,10727,10706
10783,10230,4632
10784,9865,548
10785,10722,10356
10786,3222,3084
10787,10202,4043
10788,7190,199
10789,10544,1338
10790,10625,10414
10791,1786,1606
10792,7062,1220
10793,10596,4919
10794,10492,4720
10795,4877,2917
10796,5675,5624
10797,10758,1861
10798,10571,1033
10799,1596,521
10800,4119,3173
10801,10522,5230
10802,10617,10603
10803,10684,10486
10804,8856,3565
10805,6945,6817
10806,5683,4089
10807,10759,10745
10808,10376,4173
10809,10709,4416
10810,2366,2084
10811,8018,5629
10812,10755,6046
10813,10738,10602
10814,10499,1984
10815,10272,2361
10816,3547,2335
10817,1334,1272
10818,9971,9726
10819,7815,3480
10820,10797,10718
10821,10639,10444
10822,5943,5771
10823,10570,9652
10824,9749,5211
10825,10502,9684
10826,9950,1766
10827,8376,4727
10828,10560,7046
10829,10812,10590
10830,9613,1052
10831,3709,1991
10832,7483,7376
10833,7732,4706
10834,10678,10518
10835,10443,4954
10836,10475,1513
10837,10604,1631
10838,10733,117
10839,10752,5564
10840,5468,3221
10841,7857,7814
10842,10280,7124
10843,6661,1347
10844,10773,10744
10845,4865,4058
10846,10533,3509
10847,10746,10572
10848,8844,3312
10849,10610,5883
10850,10829,8156
10851,8610,5357
10852,10635,2912
10853,10714,10569
10854,4216,1734
10855,8713,4015
10856,10554,8436
10857,7892,7171
10858,10686,1928
10859,9848,3009
10860,10308,8043
10861,10762,3657
10862,6256,2234
10863,3793,562
10864,10850,10648
10865,10567,2408
10866,4190,777
10867,10645,4168
10868,10725,10545
10869,10235,3165
10870,10751,10520
10871,5677,2189
10872,3307,1083
10873,10622,10585
10874,10839,10728
10875,3440,3243
10876,1180,748
10877,5256,3504
10878,10828,10619
10879,5340,5151
10880,10794,5886
10881,10716,2436
10882,10006,8534
10883,7789,3488
10884,3447,3391
10885,7970,4137
10886,9843,4383
10887,8516,3664
10888,10117,6933
10889,10823,2010
10890,4044,3495
10891,2260,2104
10892,5661,1793
10893,10832,7316
10894,7907,7906
10895,5821,2266
10896,8911,3821
10897,10638,10562
10898,8072,1305
10899,10677,10370
10900,5838,1589
10901,9768,8016
10902,1496,1016
10903,4014,1308
10904,10801,10661
10905,10465,10452
10906,10889,10777
10907,5014,3273
10908,7570,1592
10909,10862,10702
10910,1481,353
10911,7408,4020
10912,5785,1295
10913,2393,2337
10914,865,781
10915,10743,877
10916,8714,4474
10917,5165,5109
10918,5354,167
10919,1446,1018
10920,9079,7146
10921,6619,6511
10922,6038,3043
10923,10814,10546
10924,10820,10580
10925,2637,2088
10926,6564,3902
10927,10803,1503
10928,10634,8770
10929,10834,5242
10930,10609,10249
10931,10712,4316
10932,3283,2570
10933,10782,10671
10934,10837,1187
10935,10844,10607
10936,10479,3464
10937,10864,7344
10938,4072,3947
10939,4654,4106
10940,10496,5492
10941,10541,9987
10942,3441,246
10943,5125,3198
10944,7911,2276
10945,8867,4764
10946,10244,5727
10947,7362,7102
10948,10641,3744
10949,2507,2202
10950,10749,10616
10951,10658,799
10952,8372,500
10953,9916,1422
10954,10692,7903
10955,10535,1567
10956,10704,10568
10957,10815,1415
10958,10425,7979
10959,8382,4074
10960,5794,3178
10961,10937,10597
10962,8387,5368
10963,10822,10468
10964,9464,5248
10965,4318,2988
10966,10665,7805
10967,10858,10793
10968,10824,3286
10969,7474,4836
10970,10478,988
10971,3909,3510
10972,3415,3402
10973,5027,4370
10974,10802,10629
10975,10575,12
10976,5066,4108
10977,10769,4449
10978,4146,3101
10979,9126,2170
10980,10525,5995
10981,8140,5162
10982,10578,9979
10983,5934,1840
10984,10929,527
10985,10948,10510
10986,10868,10669
10987,10783,627
10988,10863,3642
10989,10325,8155
10990,4454,1411
10991,4329,2081
10992,7446,7096
10993,10721,5455
10994,7967,880
10995,10753,803
10996,4256,4236
10997,10950,8752
10998,4279,2530
10999,7368,7250
11000,10813,10662
11001,10807,3592
11002,10915,2844
11003,10961,10754
11004,4796,3236
11005,4464,1126
11006,10691,8173
11007,10652,2112
11008,7724,4482
11009,389,20
11010,10724,4736
11011,10688,2472
11012,4480,3356
11013,10628,9862
11014,10960,10681
11015,10687,2868
11016,5052,4143
11017,4969,542
11018,10515,5120
11019,10771,6506
11020,10856,7985
11021,10646,4718
11022,3366,2476
11023,9188,9128
11024,9776,4941
11025,5181,4158
11026,4076,3769
11027,7575,3128
11028,10821,3492
11029,9617,4188
11030,10564,6137
11031,5254,565
11032,5441,914
11033,5470,5004
11034,10935,940
11035,5220,5012
11036,6041,909
11037,10500,2039
11038,10922,10697
11039,10647,3213
11040,10651,6907
11041,4857,4763
11042,10666,4922
11043,5445,3550
11044,10990,4117
11045,5685,5606
11046,2129,151
11047,10633,4115
11048,8470,5500
11049,10904,10770
11050,10484,7417
11051,6903,6847
11052,10735,3590
11053,10846,10618
11054,7169,6706
11055,5994,1707
11056,7923,4224
11057,10809,10708
11058,10985,4440
11059,10789,1782
11060,10878,10779
11061,10776,10685
11062,10964,4438
11063,7001,1382
11064,409,207
11065,3540,1602
11066,7424,3103
11067,10835,1333
11068,9088,2297
11069,4298,3742
11070,1829,776
11071,10663,10630
11072,10676,2511
11073,10437,7410
11074,8241,5083
11075,1560,286
11076,10924,659
11077,10269,9624
11078,11010,4040
11079,3596,2886
11080,10649,4430
11081,11000,5778
11082,8209,1132
11083,9518,2911
11084,5991,2162
11085,4246,1195
11086,2945,2536
11087,10757,10548
11088,10737,10509
11089,7284,3462
11090,10464,4082
11091,10736,215
11092,10854,5147
11093,10928,8825
11094,9963,4697
11095,10713,1111
11096,5448,5438
11097,3967,2457
11098,10611,1658
11099,10672,620
11100,10899,3743
11101,10997,7450
11102,10831,10536
11103,4485,3413
11104,5007,750
11105,6837,6633
11106,11001,10861
11107,1426,761
11108,10927,5552
11109,10843,3382
11110,10664,6744
11111,10640,1904
11112,10874,5099
11113,11076,10897
11114,4455,1646
11115,9516,5056
11116,10698,2160
11117,9830,7092
11118,5818,5803
11119,10584,3753
11120,10394,4444
11121,993,765
11122,10906,10549
11123,10895,10251
11124,7929,4301
11125,8432,2743
11126,8758,7310
11127,3373,2584
11128,936,219
11129,4893,2555
11130,11021,10800
11131,10806,10483
11132,10785,5679
11133,5346,3052
11134,10741,683
11135,11101,10682
11136,10626,2621
11137,5143,4095
11138,10774,10673
11139,11003,10956
11140,10480,594
11141,10798,10503
11142,9874,6672
11143,10586,9813
11144,10931,2432
11145,10750,10689
11146,11081,10336
11147,10764,804
11148,4141,2155
11149,10857,10655
11150,4972,4577
11151,1091,902
11152,4681,1400
11153,9810,3690
11154,4561,1924
11155,5554,2105
11156,5289,4102
11157,10955,4286
11158,11028,1821
11159,10881,5911
11160,10772,935
11161,10845,5591
11162,1778,1349
11163,10600,5504
11164,10790,1114
11165,9578,5746
11166,11060,10900
11167,10700,8116
11168,888,868
11169,10582,3087
11170,10849,2326
11171,6560,6504
11172,10941,7915
11173,10816,4187
11174,10551,2583
11175,3904,3079
11176,10765,4835
11177,10715,3578
11178,9603,2842
11179,10731,4675
11180,10808,3340
11181,10992,10332
11182,10653,5302
11183,5304,5172
11184,5929,1885
11185,7479,2602
11186,10694,5793
11187,11020,10953
11188,10659,10438
11189,10693,8293
11190,10656,1353
11191,10949,9648
11192,9705,9541
11193,10612,2454
11194,3384,287
11195,5121,3835
11196,1603,524
11197,10934,10784
11198,10417,4026
11199,7775,2643
11200,6658,2034
11201,10396,6931
11202,10981,759
11203,10945,6891
11204,5279,1856
11205,8851,8602
11206,10984,10876
11207,5452,5001
11208,11067,4695
11209,7383,7253
11210,11038,8264
11211,5456,736
11212,11108,4094
11213,10742,10734
11214,11135,10891
11215,3127,2686
11216,7351,6194
11217,7204,7180
11218,8232,2006
11219,11034,10867
11220,8391,3077
11221,9861,7159
11222,10967,10710
11223,11049,3400
11224,10923,3470
11225,10538,5708
11226,9582,4101
11227,10719,5224
11228,11091,5472
11229,10799,10707
11230,11065,7321
11231,1577,1035
11232,11146,10729
11233,2999,1328
11234,11122,10974
11235,5106,3615
11236,11159,10723
11237,10853,3882
11238,10637,5966
11239,3653,3083
11240,8863,5327
11241,1599,873
11242,4767,4717
11243,11113,10804
11244,11042,825
11245,10579,4537
11246,10747,9982
11247,7613,2343
11248,9635,4457
11249,2523,2510
11250,11212,10836
11251,8420,1774
11252,11149,8795
11253,8754,5699
11254,4112,1239
11255,4177,3751
11256,9932,2068
11257,11071,9135
11258,7234,3633
11259,4413,2353
11260,11057,10511
11261,7704,5731
11262,10322,4699
11263,7499,7127
11264,10896,3824
11265,11030,5894
11266,10911,10842
11267,11232,11223
11268,10905,4715
11269,11139,11088
11270,6292,749
11271,8837,4391
11272,11166,3931
11273,11078,4163
11274,789,517
11275,10766,4182
11276,10537,1579
11277,5349,3210
11278,11214,10859
11279,4399,4126
11280,5852,4372
11281,3554,1777
11282,10866,10775
11283,6680,1737
11284,11045,10946
11285,10970,3299
11286,10936,10739
11287,3958,97
11288,11132,10875
11289,7746,7714
11290,10860,4284
11291,11087,1386
11292,11002,10886
11293,10242,490
11294,11052,5447
11295,5462,3472
11296,11119,3826
11297,10894,3671
11298,10556,1478
11299,10780,6724
11300,10660,7598
11301,4902,892
11302,11147,2548
11303,10919,1321
11304,10986,9917
11305,7003,6985
11306,1834,251
11307,4305,4282
11308,10933,10760
11309,11005,1693
11310,5518,2508
11311,5123,3868
11312,7439,5696
11313,1925,1810
11314,11111,9912
11315,10898,8976
11316,9967,9501
11317,10925,2300
11318,5194,3818
11319,9725,1552
11320,9775,1076
11321,11278,11151
11322,7277,6827
11323,10705,6344
11324,11224,5739
11325,5383,1304
11326,10920,7686
11327,11106,10870
11328,11242,4738
11329,8086,1655
11330,4686,4666
11331,11211,972
11332,7478,7405
11333,11158,43
11334,10555,7913
11335,2310,1379
11336,11102,10838
11337,11308,11116
11338,1068,793
11339,11302,561
11340,9560,5440
11341,10982,4351
11342,11084,10865
11343,10979,8218
11344,7839,3761
11345,11128,1391
11346,4705,4536
11347,4004,401
11348,5983,2344
11349,8330,3910
11350,11269,9595
11351,11155,10594
11352,10791,915
11353,9038,3626
11354,10952,5534
11355,8177,8090
11356,10553,1739
11357,11144,8419
11358,8450,2638
11359,9659,3345
11360,7492,7267
11361,10892,10670
11362,11197,10830
11363,8529,4498
11364,10621,9614
11365,11190,2388
11366,10826,982
11367,11095,10811
11368,11245,11219
11369,11157,4263
11370,7578,1473
11371,10262,518
11372,11059,5102
11373,4484,1956
11374,4324,3018
11375,7900,7438
11376,10996,7994
11377,4734,3407
11378,6855,5769
11379,5566,2258
11380,11350,11250
11381,11327,11006
11382,1398,1161
11383,9639,1510
11384,10988,1492
11385,10796,1502
11386,2825,2318
11387,4642,4578
11388,10781,7626
11389,11164,10959
11390,10851,8590
11391,11368,9802
11392,6980,6592
11393,11304,9697
11394,11234,1613
11395,7858,3806
11396,10902,5443
11397,10788,413
11398,10930,3845
11399,11244,10674
11400,4031,1233
11401,11174,9907
11402,7386,77
11403,11222,11053
11404,8438,848
11405,9804,5359
11406,5849,5602
11407,11112,6216
11408,398,367
11409,11140,7396
11410,11310,2967
11411,6784,6727
11412,4283,3500
11413,3294,1615
11414,11160,10987
11415,7447,5689
11416,1247,790
11417,10880,1457
11418,4128,3574
11419,10966,10871
11420,11407,11134
11421,7271,3162
11422,10954,7269
11423,10912,5502
11424,11324,11275
11425,8384,3137
11426,9704,9612
11427,10792,10615
11428,11337,8275
11429,11141,9868
11430,7007,3050
11431,11172,6705
11432,11323,10957
11433,11130,3456
11434,11066,10991
11435,11195,694
11436,10352,6959
11437,11210,2676
11438,10917,4335
11439,11044,4005
11440,11314,5294
11441,5190,4226
11442,8708,2130
11443,4803,4611
11444,11371,1625
11445,4985,4583
11446,8630,5237
11447,11206,11100
11448,11220,10577
11449,2565,354
11450,11243,10847
11451,7168,4658
11452,10963,10818
11453,11201,6799
11454,9930,4288
11455,9976,1654
11456,2357,2245
11457,3764,1209
11458,11092,10989
11459,11338,2632
11460,894,531
11461,9847,1388
11462,11428,641
11463,5592,1586
11464,11290,10995
11465,11148,4590
11466,11321,8937
11467,11328,10524
11468,1605,974
11469,11262,10951
11470,11191,2522
11471,5135,3834
11472,11085,9798
11473,11170,1041
11474,253,112
11475,3831,3225
11476,11291,11235
11477,10748,6922
11478,10817,8830
11479,11393,10730
11480,10761,671
11481,11424,4099
11482,7466,7142
11483,3887,1609
11484,11260,4150
11485,8065,5029
11486,10539,7265
11487,10395,4293
11488,11154,4693
11489,3735,2635
11490,8935,429
11491,11450,11014
11492,4710,875
11493,2514,1746
11494,8108,3228
11495,10767,5718
11496,11447,11272
11497,10921,4237
11498,11254,8049
11499,10869,8035
11500,11336,11142
11501,11110,10501
11502,10601,10359
11503,10909,8782
11504,8952,5233
11505,7444,5945
11506,3995,2169
11507,11029,8575
11508,11124,3536
11509,10976,1292
11510,11369,4098
11511,5618,3360
11512,10614,3996
11513,3544,2072
11514,11380,812
11515,2820,1976
11516,5035,1032
11517,10390,5701
11518,11109,4502
11519,7005,2143
11520,7038,6857
11521,10805,8993
11522,11162,1133
11523,4670,371
11524,10636,2023
11525,11007,8290
11526,10768,5864
11527,9027,8385
11528,2827,2206
11529,7642,4813
11530,7097,1463
11531,11047,2955
11532,11394,1816
11533,4830,4439
11534,11281,7981
11535,7239,4421
11536,11215,629
11537,11443,4757
11538,11420,11383
11539,11390,9393
11540,11365,5931
11541,10732,3309
11542,11462,780
11543,6834,6674
11544,11391,791
11545,7652,4294
11546,10913,2096
11547,10932,7409
11548,8346,4909
11549,11367,5266
11550,4585,1441
11551,10690,8635
11552,11202,9590
11553,11188,5877
11554,8551,7247
11555,6894,6756
11556,11217,763
11557,10595,1736
11558,11177,4079
11559,11362,11285
11560,11417,11082
11561,7258,3170
11562,11179,7639
11563,11514,7877
11564,5513,2667
11565,10873,933
11566,10975,1375
11567,5851,860
11568,8032,5869
11569,11152,5405
11570,11098,7089
11571,11279,3836
11572,11372,1097
11573,11403,8407
11574,7484,7295
11575,7869,6498
11576,11013,1471
11577,11086,879
11578,3080,1299
11579,3385,1994
11580,11267,7943
11581,5975,1718
11582,3329,2721
11583,7513,3877
11584,5648,2866
11585,11287,8433
11586,10888,6760
11587,11237,10916
11588,11048,1168
11589,11472,11129
11590,11538,11153
11591,4371,2372
11592,8787,1320
11593,7100,1710
11594,11532,11107
11595,2018,1429
11596,11265,11236
11597,2880,1913
11598,11544,11466
11599,8430,8427
11600,8880,3314
11601,11292,11036
11602,11228,10841
11603,5802,2120
11604,11563,10877
11605,6899,37
11606,11064,7225
11607,6757,3514
11608,11542,11339
11609,4733,4008
11610,11588,686
11611,11521,11050
11612,5324,3694
11613,4581,73
11614,11422,10879
11615,4959,4310
11616,4184,3046
11617,8259,928
11618,11120,5195
11619,10983,5949
11620,3395,3197
11621,8511,344
11622,4640,1963
11623,11017,866
11624,5807,4549
11625,11173,2509
11626,11335,11070
11627,11061,10833
11628,10907,2938
11629,2292,699
11630,11037,10962
11631,11550,5636
11632,11031,5284
11633,4300,4025
11634,11297,4593
11635,11419,11118
11636,11240,11168
11637,11580,5019
11638,5403,4793
11639,11025,10965
11640,8994,3306
11641,4442,3035
11642,7033,7028
11643,5212,5104
11644,2750,2742
11645,11257,11093
11646,11306,1217
11647,5356,370
11648,8315,1681
11649,10918,862
11650,3024,1403
11651,3582,2665
11652,11325,598
11653,11573,11276
11654,1979,1677
11655,5434,3896
11656,11018,5009
11657,9604,5016
11658,4034,3580
11659,10947,236
11660,11207,10827
11661,11381,5575
11662,7325,778
11663,11399,11248
11664,11388,9254
11665,6689,5790
11666,5598,824
11667,5889,5810
11668,4252,3575
11669,11437,103
11670,11167,5777
11671,9708,2620
11672,11083,5467
11673,11594,1264
11674,6376,6295
11675,11326,1903
11676,10756,7365
11677,3773,3740
11678,5617,1498
11679,9323,1886
11680,7082,580
11681,11186,7369
11682,11039,5054
11683,11198,7694
11684,4641,2731
11685,11011,2200
11686,392,368
11687,11080,5511
11688,11637,11464
11689,11604,11246
11690,11431,11429
11691,8226,171
11692,2247,715
11693,8840,3675
11694,10872,3090
11695,6270,5684
11696,11551,6177
11697,11525,4245
11698,10893,1871
11699,11227,10994
11700,11673,846
11701,6792,4475
11702,3452,2646
11703,4160,3231
11704,6733,6624
11705,11252,8537
11706,4876,3964
11707,3859,530
11708,11273,942
11709,11473,5964
11710,11256,1706
11711,8431,1876
11712,10561,622
11713,7804,7692
11714,11627,8618
11715,11596,7792
11716,8572,2494
11717,5751,5703
11718,10357,5830
11719,11480,5548
11720,11479,1390
11721,5960,5688
11722,7345,3172
11723,4565,3479
11724,5384,2792
11725,10973,2687
11726,11427,10786
11727,7202,6557
11728,11288,5479
11729,11440,11311
11730,3227,3056
11731,11524,2669
11732,11286,637
11733,11143,698
11734,11123,5599
11735,4206,3775
11736,6916,5925
11737,3985,3072
11738,8874,1833
11739,11185,11089
11740,11575,2491
11741,11537,11150
11742,2450,1064
11743,8134,168
11744,10884,4021
11745,5813,4349
11746,2303,918
11747,8646,4895
11748,11016,9605
11749,11208,10993
11750,11298,237
11751,11247,10908
11752,11072,9656
11753,4041,3960
11754,11131,11004
11755,11266,9937
11756,11503,9908
11757,11448,2185
11758,11635,11385
11759,11602,11389
11760,11661,11656
11761,11608,11432
11762,11565,4742
11763,8917,7155
11764,11283,3131
11765,11435,756
11766,2757,1108
11767,11165,11074
11768,11492,11396
11769,7798,2069
11770,11590,2462
11771,11145,2270
11772,11559,11229
11773,4352,4065
11774,903,891
11775,5420,2485
11776,11487,3669
11777,11032,539
11778,10971,5126
11779,11700,11382
11780,11204,8023
11781,5412,3912
11782,11213,3148
11783,11027,9580
11784,11688,11351
11785,2943,2836
11786,5387,1952
11787,11601,11414
11788,8579,2370
11789,11363,11180
11790,11356,10972
11791,11274,984
11792,1230,1028
11793,11578,6409
11794,2634,2134
11795,11510,10528
11796,11046,2183
11797,11496,604
11798,11570,2840
11799,11333,8573
11800,11491,11115
11801,11056,8756
11802,11330,9345
11803,9856,9553
11804,11597,5586
11805,10855,8824
11806,3002,1384
11807,6693,6635
11808,11682,11476
11809,11772,706
11810,4882,1250
11811,11600,7966
11812,11689,11553
11813,6908,6881
11814,11750,89
11815,11770,11572
11816,11664,11334
11817,11268,10890
11818,9211,7623
11819,11512,576
11820,11386,8223
11821,11708,11136
11822,7614,460
11823,11720,11176
11824,4929,4878
11825,10943,1917
11826,11315,11121
11827,11041,5423
11828,11398,11099
11829,10778,7243
11830,410,138
11831,11138,3802
11832,11374,4508
11833,711,571
11834,7485,4490
11835,9880,8359
11836,11663,11518
11837,5379,4055
11838,8347,7989
11839,849,710
11840,10294,7993
11841,11671,11669
11842,7354,6862
11843,5664,3169
11844,9601,9460
11845,10926,6943
11846,11526,5589
11847,4668,2240
11848,11549,5577
11849,7276,3258
11850,11161,5187
11851,10885,3347
11852,8042,5753
11853,4023,3855
11854,7128,6978
11855,11075,1186
11856,11054,7433
11857,4320,3316
11858,10840,5555
11859,11343,5351
11860,8959,5057
11861,3409,2947
11862,11455,5831
11863,11312,6992
11864,11233,2116
11865,11779,11460
11866,11702,7121
11867,11652,5277
11868,9852,3357
11869,7066,7006
11870,11470,7649
11871,11754,10695
11872,11760,4778
11873,11117,281
11874,11728,11193
11875,10938,4531
11876,9944,1628
11877,11815,6358
11878,10740,6682
11879,10978,4939
11880,8252,115
11881,3011,3003
11882,11729,11598
11883,11196,8465
11884,8617,8585
11885,7077,5385
11886,11069,4560
11887,10901,10795
11888,2146,1689
11889,11862,1835
11890,11640,929
11891,11654,1008
11892,11019,5078
11893,11127,1883
11894,11353,878
11895,11277,3869
11896,2594,705
11897,11253,4350
11898,10717,1218
11899,11599,10406
11900,11587,11194
11901,10940,5939
11902,5429,5339
11903,7401,7034
11904,11434,10507
11905,6830,2313
11906,1585,1078
11907,11812,1306
11908,11719,11361
11909,8577,4244
11910,11332,6116
11911,7823,3322
11912,6888,6608
11913,11317,601
11914,9668,7353
11915,7770,2412
11916,10914,619
11917,11787,11345
11918,1322,719
11919,7737,7390
11920,8685,8508
11921,9258,5486
11922,7999,905
11923,10459,4067
11924,11477,11293
11925,10883,4755
11926,3218,2688
11927,7952,5107
11928,9809,8718
11929,11625,1878
11930,11877,11352
11931,8889,3797
11932,11761,857
11933,11416,8738
11934,11187,1445
11935,11509,3948
11936,2493,1923
11937,11258,642
11938,11499,2540
11939,4826,1345
11940,11595,11461
11941,11554,1346
11942,8152,916
11943,7456,3369
11944,7896,591
11945,7274,6738
11946,11452,5326
11947,11216,1257
11948,11271,6897
11949,11670,11163
11950,11800,10968
11951,7939,3792
11952,11557,1966
11953,11653,11015
11954,11865,669
11955,11008,3483
11956,11808,3572
11957,11513,772
11958,5031,3435
11959,6832,6699
11960,11715,1095
11961,11932,11426
11962,11484,10460
11963,5888,5710
11964,11916,2933
11965,11531,1393
11966,6649,4425
11967,11823,11589
11968,11552,11495
11969,11103,3405
11970,2161,520
11971,11295,7571
11972,8194,62
11973,6489,1601
11974,11872,11631
11975,7656,4591
11976,11848,8327
11977,9849,5899
11978,5145,504
11979,9887,7782
11980,11698,11401
11981,5204,3021
11982,11189,11090
11983,7131,2654
11984,11907,11709
11985,11568,1691
11986,10852,8447
11987,7435,7242
11988,7895,1622
11989,10998,2385
11990,11961,1945
11991,11486,5535
11992,11230,1092
11993,8658,4497
11994,8724,8647
11995,11547,10787
11996,5146,4367
11997,11546,9948
11998,2016,924
11999,5956,5596
12000,1193,1006
12001,6109,1370
12002,11467,11104
12003,11734,7837
12004,11799,1590
12005,11344,1758
12006,8623,8069
12007,3499,1831
12008,7418,3439
12009,8785,7976
12010,7170,6656
12011,11284,5906
12012,11203,11178
12013,11282,3372
12014,11954,11692
12015,11784,11410
12016,11683,4107
12017,11125,6990
12018,11930,1238
12019,11870,11366
12020,11540,1372
12021,5670,5567
12022,11255,11175
12023,11387,2304
12024,11935,11384
12025,3041,1751
12026,11782,4823
12027,4749,3132
12028,6755,6546
12029,11097,4022
12030,5008,752
12031,11505,3839
12032,5350,4135
12033,11301,8225
12034,12018,11768
12035,1109,586
12036,11736,11225
12037,11289,5700
12038,11077,7377
12039,11632,8365
12040,7462,1452
12041,11837,10903
12042,11511,11169
12043,9748,4198
12044,11114,10763
12045,4487,3956
12046,7496,7045
12047,11296,4379
12048,11680,5626
12049,11974,11433
12050,4078,3944
12051,11126,2414
12052,6652,5026
12053,11613,11402
12054,10939,2405
12055,5750,2962
12056,11241,1709
12057,12015,10667
12058,4602,4273
12059,9152,4674
12060,11397,7375
12061,11762,11699
12062,11836,11458
12063,11918,11797
12064,8230,3630
12065,9187,3665
12066,11817,11614
12067,1135,792
12068,3849,3619
12069,11629,11342
12070,2954,2367
12071,12057,11481
12072,11133,11063
12073,11802,4737
12074,300,218
12075,6440,2223
12076,10958,1002
12077,11746,11528
12078,11541,4331
12079,1884,1859
12080,11778,11184
12081,4703,2547
12082,8363,7867
12083,11780,11238
12084,11763,7177
12085,11535,4381
12086,11346,5773
12087,11405,4330
12088,11755,11712
12089,11319,9960
12090,9911,2644
12091,11967,11759
12092,11096,4239
12093,12014,9762
12094,11305,9607
12095,1768,1204
12096,6074,1050
12097,6853,6751
12098,11751,11714
12099,11508,2114
12100,11610,11379
12101,5053,4268
12102,11062,11058
12103,11024,10810
12104,8478,3825
12105,3588,1819
12106,11639,11259
12107,11809,11626
12108,9877,7283
12109,11790,3875
12110,7641,2435
12111,8849,2364
12112,11833,9506
12113,11934,11882
12114,11946,2859
12115,12049,11950
12116,7699,6911
12117,5442,2040
12118,7766,2333
12119,1051,465
12120,11810,11022
12121,11026,3683
12122,1595,599
12123,9634,7530
12124,11270,1354
12125,11489,2759
12126,11341,11012
12127,9915,9631
12128,11793,8686
12129,6773,6625
12130,2971,672
12131,8483,1697
12132,9671,2601
12133,11586,11436
12134,11984,11893
12135,11485,5678
12136,6305,6095
12137,11758,8058
12138,7558,5075
12139,11644,1119
12140,9791,9770
12141,9754,7349
12142,8654,8342
12143,6010,2150
12144,6626,883
12145,11798,11757
12146,2756,2423
12147,10449,4910
12148,11910,11681
12149,11690,9621
12150,11218,3913
12151,9867,8507
12152,6663,6650
12153,4709,2832
12154,4587,4511
12155,12113,11459
12156,11693,3923
12157,5909,2019
12158,12026,11373
12159,11395,1394
12160,11966,1548
12161,11841,8093
12162,11752,11576
12163,3631,2953
12164,11953,11753
12165,3220,243
12166,11501,2064
12167,7718,5186
12168,9642,3858
12169,9150,3126
12170,11830,122
12171,11468,8490
12172,11675,2609
12173,11618,11309
12174,5538,1362
12175,7488,7385
12176,11991,11375
12177,7241,5933
12178,11409,5846
12179,11522,4843
12180,12134,7152
12181,12034,11619
12182,11646,1430
12183,12071,3027
12184,11879,1351
12185,3449,3334
12186,11917,11733
12187,11685,11451
12188,11465,5465
12189,11199,9910
12190,3921,3895
12191,1855,1456
12192,12059,11875
12193,11500,170
12194,12181,12093
12195,7232,7053
12196,11444,4894
12197,8933,8903
12198,7972,5691
12199,12081,11939
12200,8352,1508
12201,12061,4214
12202,3364,3061
12203,8636,4292
12204,12128,12063
12205,8370,964
12206,11732,11623
12207,8251,3387
12208,11593,2348
12209,11300,11264
12210,9682,5435
12211,10506,2167
12212,11956,11658
12213,5318,5234
12214,11986,11960
12215,5910,1466
12216,1072,1067
12217,12193,11924
12218,11769,5524
12219,9117,4689
12220,2296,784
12221,11831,11358
12222,3182,2641
12223,8788,8021
12224,11804,11329
12225,11569,503
12226,11990,5702
12227,11645,8773
12228,11662,3428
12229,12039,11821
12230,2277,1110
12231,12004,11534
12232,2465,2215
12233,10819,7794
12234,5358,547
12235,2837,1839
12236,3962,1312
12237,4849,3123
12238,11630,8099
12239,12226,11425
12240,10848,3634
12241,11697,11331
12242,12155,11942
12243,822,192
12244,11641,11294
12245,12180,4814
12246,11643,11156
12247,3085,2546
12248,1860,1643
12249,11584,4394
12250,11430,7302
12251,7122,4924
12252,8555,2346
12253,11965,11767
12254,11592,1877
12255,11928,11710
12256,8890,7840
12257,11811,8813
12258,9658,6470
12259,6329,3874
12260,12047,639
12261,12137,6178
12262,11858,11423
12263,11997,8212
12264,12107,1505
12265,11970,1363
12266,11952,9955
12267,12161,12031
12268,11239,4397
12269,9788,1437
12270,285,75
12271,11073,6679
12272,11749,11471
12273,11556,2946
12274,5712,5523
12275,11349,1660
12276,12242,12188
12277,11694,630
12278,11566,11527
12279,12204,11636
12280,11611,7493
12281,12164,4345
12282,12013,11731
12283,9379,4069
12284,231,107
12285,7363,3522
12286,8835,6420
12287,6723,6561
12288,11711,1714
12289,12245,11908
12290,9021,6474
12291,3383,2148
12292,9437,5367
12293,4600,2139
12294,9057,9007
12295,11718,2220
12296,11033,5808
12297,11558,11137
12298,9600,9235
12299,11994,11705
12300,11756,1279
12301,11347,1507
12302,11971,4688
12303,11771,11231
12304,8479,5980
12305,11878,8775
12306,2354,2025
12307,7467,7178
12308,3754,3336
12309,12158,11548
12310,11649,5711
12311,12239,2579
12312,9559,5660
12313,9737,4965
12314,12123,536
12315,9517,2673
12316,4977,2534
12317,11738,10450
12318,4365,2897
12319,9988,1215
12320,7432,7400
12321,11400,6361
12322,4176,1824
12323,11929,716
12324,8206,4994
12325,7585,5032
12326,12212,12115
12327,11475,3527
12328,9805,6835
12329,11819,8121
12330,2951,1226
12331,12279,744
12332,12272,11937
12333,10977,4389
12334,2557,2358
12335,4085,1912
12336,11995,9739
12337,11307,4802
12338,12227,11695
12339,11869,440
12340,7889,1750
12341,2714,2098
12342,2629,2455
12343,11497,6930
12344,1741,129
12345,7475,7114
12346,3987,2597
12347,11322,6562
12348,12173,5389
12349,8138,7249
12350,7072,3289
12351,12281,11079
12352,11727,7173
12353,11883,7780
12354,7675,3918
12355,8781,4166
12356,9664,2705
12357,7949,1852
12358,11796,4509
12359,11560,5720
12360,5297,1919
12361,7690,5168
12362,11529,4677
12363,11183,11068
12364,12019,9507
12365,3781,280
12366,11860,11617
12367,12196,5161
12368,11992,1409
12369,11605,8580
12370,11777,572
12371,12194,951
12372,6328,4295
12373,11786,896
12374,12064,4477
12375,12289,12024
12376,7836,4472
12377,12060,11847
12378,5961,4839
12379,11899,7480
12380,6049,1282
12381,12261,12062
12382,12069,11678
12383,7262,6503
12384,11884,5185
12385,7891,142
12386,12077,7161
12387,11490,11449
12388,5863,5759
12389,8908,4798
12390,7350,7291
12391,12276,11567
12392,7314,7227
12393,11421,7347
12394,11980,11898
12395,11981,5112
12396,9793,5176
12397,1451,1075
12398,3905,3736
12399,11976,11775
12400,11703,11634
12401,3207,3144
12402,7616,1004
12403,587,118
12404,12109,4933
12405,11478,1729
12406,12183,3677
12407,11488,9606
12408,11701,11561
12409,12208,11261
12410,12091,11791
12411,11828,11493
12412,12332,12002
12413,11742,68
12414,3564,1920
12415,11895,11739
12416,8395,2633
12417,11962,3929
12418,11988,1961
12419,8986,8871
12420,9902,1804
12421,3618,1891
12422,11973,11539
12423,12375,12311
12424,8459,1668
12425,11620,9086
12426,7226,3722
12427,12238,7681
12428,7610,4906
12429,11776,9951
12430,8412,6463
12431,7095,6628
12432,11904,8786
12433,11855,1211
12434,12221,2036
12435,5958,1808
12436,8413,4597
12437,9660,3252
12438,11454,11009
12439,2254,2083
12440,6390,801
12441,11859,3609
12442,11200,10980
12443,11726,3375
12444,11517,1225
12445,12156,8701
12446,8948,3721
12447,3621,2062
12448,11340,9669
12449,11795,11469
12450,8410,8087
12451,12118,8081
12452,6288,5321
12453,4533,4340
12454,4936,3873
12455,12273,12079
12456,10882,3702
12457,11977,3062
12458,9795,1017
12459,4875,1352
12460,9913,1872
12461,11949,5988
12462,2188,1324
12463,12043,5415
12464,11280,1253
12465,4756,4110
12466,12209,4499
12467,12149,1490
12468,12253,11498
12469,4471,1484
12470,11520,10237
12471,8886,697
12472,5130,889
12473,5637,5247
12474,2798,985
12475,11851,11354
12476,12264,4812
12477,12020,278
12478,7548,1795
12479,7701,6145
12480,11676,8875
12481,11660,3703
12482,11622,11226
12483,2614,1120
12484,11938,2426
12485,2926,2829
12486,11536,8031
12487,11667,11581
12488,7671,5436
12489,5717,1740
12490,5155,2771
12491,12172,1521
12492,12391,12364
12493,6120,5515
12494,5796,4780
12495,11408,72
12496,453,261
12497,11951,7537
12498,10412,8123
12499,11404,10942
12500,12406,1653
12501,12428,11850
12502,3394,841
12503,8193,5533
12504,10389,6554
12505,7213,7211
12506,11303,7565
12507,12073,977
12508,12399,11866
12509,12142,4534
12510,5719,4496
12511,11871,11846
12512,1206,757
12513,12371,11944
12514,11913,11516
12515,12104,11628
12516,7850,6571
12517,12241,2735
12518,8147,1100
12519,11621,8171
12520,12187,7995
12521,11442,4901
12522,12135,7909
12523,5735,2689
12524,12046,8270
12525,12145,2186
12526,12005,11585
12527,11359,4874
12528,8662,8564
12529,313,200
12530,12260,9146
12531,12500,8066
12532,12088,7000
12533,7557,1327
12534,1889,1468
12535,7957,5399
12536,12083,7576
12537,11251,7164
12538,11562,7748
12539,11181,7463
12540,6036,3209
12541,12122,1564
12542,12186,15
12543,11948,11706
12544,7081,5093
12545,8437,8139
12546,12206,11679
12547,12179,11748
12548,11827,709
12549,11672,4275
12550,9781,5380
12551,12214,1090
12552,11892,11171
12553,2376,2241
12554,7272,6895
12555,12171,1190
12556,11743,1900
12557,9981,314
12558,11355,1074
12559,5365,2078
12560,8135,7528
12561,11999,7182
12562,6861,6793
12563,12066,11612
12564,9149,912
12565,8060,5514
12566,11982,11874
12567,8453,2941
12568,12098,2433
12569,2788,2543
12570,2334,1122
12571,12228,11832
12572,12017,11885
12573,11348,1159
12574,12072,11515
12575,12074,11377
12576,11412,9224
12577,5982,886
12578,7130,2861
12579,11740,6282
12580,3616,2424
12581,650,544
12582,5974,5569
12583,9953,9892
12584,12038,10825
12585,7518,4728
12586,6796,4899
12587,9715,5117
12588,12326,8103
12589,11801,11519
12590,12267,12114
12591,11686,119
12592,3397,3161
12593,1191,588
12594,11607,6839
12595,8920,2929
12596,8828,7132
12597,10887,1118
12598,12146,2022
12599,11940,1293
12600,12467,839
12601,12410,11826
12602,10910,6335
12603,12551,11564
12604,12423,12331
12605,12053,8229
12606,12347,6612
12607,5306,5127
12608,7556,1214
12609,3487,2386
12610,12351,5362
12611,11888,8847
12612,11891,1210
12613,11989,11313
12614,11357,6058
12615,9998,7880
12616,12404,12184
12617,11919,802
12618,8208,3566
12619,8246,1263
12620,12250,12102
12621,12369,8927
12622,11364,9820
12623,9828,4130
12624,12133,11704
12625,12309,8254
12626,9571,1113
12627,12178,2263
12628,11927,1995
12629,12231,551
12630,5972,1450
12631,5977,1997
12632,12563,12336
12633,11947,2736
12634,8945,5937
12635,12259,11839
12636,11889,11765
12637,11933,9792
12638,12554,11221
12639,8278,4376
12640,5431,4225
12641,12299,2970
12642,5336,1350
12643,11483,7621
12644,11843,7384
12645,12338,5848
12646,7824,3907
12647,11840,1474
12648,11955,7172
12649,12542,11969
12650,12366,7651
12651,11864,270
12652,7552,1539
12653,12247,2329
12654,12600,5531
12655,12290,11545
12656,9538,567
12657,7743,3767
12658,12099,5868
12659,12531,12041
12660,11814,9171
12661,12482,12192
12662,7020,7019
12663,12021,1227
12664,12271,5520
12665,12610,1818
12666,4667,3638
12667,12568,11651
12668,7886,1166
12669,5210,680
12670,9677,1680
12671,6845,6763
12672,12468,12411
12673,12513,12441
12674,8500,8257
12675,12492,838
12676,12491,8554
12677,7941,7685
12678,12359,6399
12679,11055,1030
12680,11571,3378
12681,12266,12143
12682,12275,4884
12683,2055,1169
12684,5157,1376
12685,7308,1313
12686,12154,7791
12687,2567,1396
12688,9562,2411
12689,2854,667
12690,11744,1980
12691,5201,1788
12692,11781,4038
12693,11853,6156
12694,11880,1007
12695,7751,2867
12696,12016,4028
12697,12166,6654
12698,8606,1572
12699,11975,11730
12700,12649,5817
12701,11603,11182
12702,12124,3071
12703,5680,4716
12704,9681,2079
12705,12125,3649
12706,365,259
12707,3416,2848
12708,4898,416
12709,8028,5836
12710,6545,86
12711,12382,2166
12712,12006,1942
12713,12147,11577
12714,11789,9563
12715,12182,3594
12716,12189,12103
12717,5105,203
12718,12519,12224
12719,12637,11964
12720,3892,3042
12721,9304,4412
12722,6887,6583
12723,12117,9901
12724,12201,9975
12725,5692,1358
12726,11299,6986
12727,12148,12011
12728,12546,769
12729,12055,994
12730,257,59
12731,3973,3738
12732,12625,476
12733,5482,155
12734,12032,12000
12735,10944,17
12736,7761,5895
12737,12665,12474
12738,11507,7657
12739,12126,9760
12740,11502,10315
12741,12603,7554
12742,12042,11747
12743,12678,12367
12744,12141,9884
12745,11376,4347
12746,11805,8735
12747,2342,1089
12748,1761,1216
12749,4419,1814
12750,12243,11716
12751,1780,1563
12752,12627,12413
12753,12153,12012
12754,12246,3672
12755,1310,1040
12756,12629,12508
12757,12265,8660
12758,4179,1378
12759,12611,12514
12760,11915,1134
12761,9619,3065
12762,4261,1530
12763,12235,11968
12764,12476,12282
12765,12433,12162
12766,12700,12673
12767,12590,6393
12768,12095,7637
12769,1470,1424
12770,12176,11829
12771,7461,7330
12772,9730,9693
12773,12130,12100
12774,4030,9
12775,3706,931
12776,12486,2269
12777,12417,189
12778,12520,12455
12779,9572,2003
12780,12599,8286
12781,12525,9766
12782,11650,11370
12783,12362,12054
12784,11785,3812
12785,11439,624
12786,442,273
12787,5900,5797
12788,3392,3158
12789,12659,6212
12790,11838,5437
12791,12414,12229
12792,12056,3890
12793,11506,5859
12794,12400,12337
12795,12484,11923
12796,12511,7063
12797,11533,1085
12798,2881,837
12799,4059,3238
12800,12626,11900
12801,12037,11985
12802,8425,7921
12803,11849,5590
12804,12303,7307
12805,4406,2678
12806,12163,9439
12807,8024,7848
12808,12444,2221
12809,5985,944
12810,5319,666
12811,11844,3437
12812,4207,1551
12813,11530,2157
12814,12199,5188
12815,11845,6581
12816,7268,2207
12817,12715,1967
12818,7935,3558
12819,12578,8696
12820,12507,11902
12821,6454,817
12822,3458,2593
12823,12387,11606
12824,7374,6708
12825,8051,7412
12826,6083,1160
12827,12645,12475
12828,11609,4251
12829,1790,291
12830,11835,4571
12831,12051,5561
12832,11482,9586
12833,12300,2691
12834,12675,4907
12835,7422,1009
12836,12579,2125
12837,12517,12274
12838,12278,298
12839,688,28
12840,12386,6369
12841,12560,5259
12842,11209,7533
12843,12789,11867
12844,9839,6458
12845,7638,965
12846,7133,5706
12847,11922,2470
12848,12434,12105
12849,2115,724
12850,12314,12139
12851,1270,590
12852,7012,1461
12853,11911,7727
12854,1648,1244
12855,12588,5236
12856,8159,4006
12857,12753,11820
12858,7064,4097
12859,11624,7894
12860,7134,6735
12861,8613,5250
12862,12435,12022
12863,12377,11943
12864,11957,8075
12865,7501,4540
12866,6850,6777
12867,9587,1989
12868,7693,7198
12869,12040,2248
12870,11707,6055
12871,11741,4174
12872,12249,11638
12873,6946,6820
12874,5000,3647
12875,12728,12144
12876,12781,8272
12877,7625,2355
12878,4504,4325
12879,5291,3940
12880,4411,557
12881,6208,6022
12882,11463,1146
12883,12741,2577
12884,7084,5924
12885,11788,3389
12886,11816,4437
12887,8631,1274
12888,11941,5310
12889,12814,12601
12890,11890,1104
12891,3471,3177
12892,12327,25
12893,12432,4768
12894,9756,2249
12895,11591,11316
12896,7679,6432
12897,12106,4321
12898,12526,5809
12899,12151,1787
12900,3725,3081
12901,3248,3141
12902,12776,1982
12903,5283,5005
12904,12538,4403
12905,8726,4139
12906,12050,11418
12907,7587,3788
12908,8599,5996
12909,12834,12096
12910,12620,4943
12911,12604,12541
12912,11972,11691
12913,12660,11764
12914,11723,4532
12915,9811,593
12916,12207,6285
12917,12295,7145
12918,4772,3776
12919,9115,4337
12920,12205,4845
12921,12737,751
12922,12843,12658
12923,4825,4566
12924,8244,1184
12925,12804,730
12926,12664,5905
12927,7640,6585
12928,2495,1822
12929,4743,2778
12930,6085,2312
12931,12415,12339
12932,12330,12120
12933,9048,3432
12934,12461,5623
12935,12298,9816
12936,6740,5506
12937,10999,7187
12938,12504,11392
12939,4957,4217
12940,9679,1644
12941,6761,6586
12942,4735,2677
12943,12321,12048
12944,12833,6114
12945,12836,11523
12946,7546,602
12947,4448,2459
12948,12216,12067
12949,12644,2738
12950,12233,4467
12951,12240,8780
12952,5921,2298
12953,12886,12796
12954,4027,1732
12955,12732,12651
12956,5276,2227
12957,4771,4212
12958,3883,3549
12959,11659,7332
12960,12408,5970
12961,11035,925
12962,4911,1624
12963,12556,12543
12964,12574,12368
12965,6737,6662
12966,12667,4730
12967,12329,8878
12968,12724,12348
12969,12555,2449
12970,3263,1011
12971,2878,581
12972,12635,12225
12973,12357,3778
12974,12420,12165
12975,7059,3160
12976,12477,4856
12977,12655,12628
12978,11887,9093
12979,6412,1316
12980,12370,5045
12981,12190,9842
12982,12537,11696
12983,12010,5862
12984,6770,6715
12985,12505,7009
12986,260,255
12987,3871,1266
12988,12301,1364
12989,12654,12310
12990,11648,2235
12991,12777,12363
12992,12785,12076
12993,7015,3054
12994,11842,6938
12995,12609,4418
12996,12762,685
12997,5558,3342
12998,11852,5776
12999,9311,2904
13000,12875,12855
13001,12112,617
13002,8772,7011
13003,12324,11897
13004,9329,3226
13005,12598,681
13006,6833,2701
13007,4745,3519
13008,8643,4409
13009,12766,12757
13010,9453,7549
13011,7664,2928
13012,12612,1493
13013,11905,6880
13014,12160,4572
13015,12353,5672
13016,5754,3946
13017,8816,1516
13018,12685,11909
13019,12838,12605
13020,12883,1559
13021,12168,8624
13022,12457,11655
13023,12499,11886
13024,12614,12200
13025,12711,11456
13026,12530,11873
13027,12027,1841
13028,8979,8110
13029,12443,5295
13030,12456,3532
13031,12532,357
13032,12719,12647
13033,4032,2131
13034,12922,12452
13035,11406,6766
13036,4000,3501
13037,7420,5013
13038,7847,1467
13039,12458,12254
13040,12501,5828
13041,12412,663
13042,12740,6825
13043,12897,4930
13044,12909,9433
13045,12619,829
13046,5709,1005
13047,12521,4248
13048,12964,12549
13049,13000,12780
13050,3974,3063
13051,5499,1014
13052,7801,3517
13053,11666,4002
13054,6775,2851
13055,12248,4724
13056,12916,867
13057,12333,8417
13058,12430,2154
13059,12485,8041
13060,12236,4220
13061,2228,146
13062,12244,12003
13063,8105,2605
13064,12770,12572
13065,12784,4133
13066,7210,4384
13067,12573,1027
13068,12636,11774
13069,12341,11725
13070,12232,9870
13071,12409,11822
13072,12640,12632
13073,9747,2033
13074,12084,9504
13075,9924,2804
13076,8227,3718
13077,5544,843
13078,8720,7606
13079,12864,12593
13080,9875,6950
13081,3757,992
13082,12674,12522
13083,13020,11983
13084,12268,9755
13085,12393,7185
13086,12702,12427
13087,6426,2213
13088,11901,887
13089,13009,12924
13090,3795,3587
13091,8698,895
13092,12424,12319
13093,12884,12394
13094,4271,996
13095,3676,2767
13096,12743,12373
13097,4958,4869
13098,12710,8706
13099,7665,4932
13100,12622,6064
13101,3359,675
13102,12944,12911
13103,12023,4343
13104,12648,10969
13105,7728,7650
13106,6870,6707
13107,12767,12108
13108,12921,12718
13109,12693,12262
13110,12769,12159
13111,12195,7360
13112,12464,2799
13113,11926,5786
13114,12750,9957
13115,12548,9958
13116,11205,8675
13117,4377,2458
13118,12945,12381
13119,3331,383
13120,12764,12681
13121,11615,8312
13122,11582,4178
13123,5265,4915
13124,7808,7118
13125,12479,5527
13126,12756,12445
13127,13044,4627
13128,3852,3728
13129,3284,1240
13130,9089,350
13131,11803,9860
13132,7105,6613
13133,5124,1556
13134,12405,12402
13135,13034,12837
13136,7577,655
13137,12305,12217
13138,11722,3865
13139,2649,1482
13140,12641,8219
13141,13041,1167
13142,12277,12025
13143,9308,5417
13144,12436,11998
13145,12407,12035
13146,1921,1053
13147,12294,4983
13148,12029,11914
13149,12988,12379
13150,12823,4850
13151,8794,7726
13152,8026,5765
13153,12825,12280
13154,11766,2615
13155,12257,317
13156,12870,5860
13157,13107,12255
13158,12791,12220
13159,5965,1756
13160,13141,13127
13161,12966,12893
13162,5227,3581
13163,12454,3604
13164,4552,3521
13165,2152,1580
13166,12976,12119
13167,5087,1853
13168,6325,3242
13169,13096,8338
13170,12528,3791
13171,12831,11906
13172,5547,4423
13173,12765,990
13174,2907,339
13175,11674,136
13176,12584,11263
13177,8109,2456
13178,13102,12925
13179,995,786
13180,11773,3490
13181,12078,12045
13182,12223,2451
13183,6190,2257
13184,13089,8373
13185,11825,8276
13186,12716,12323
13187,5647,3520
13188,9469,6831
13189,7643,5517
13190,13108,332
13191,12827,12203
13192,12847,1427
13193,12934,11863
13194,12536,7964
13195,13029,12782
13196,12001,11979
13197,12800,12759
13198,12690,3537
13199,8117,4795
13200,12950,11457
13201,12931,1245
13202,4606,4219
13203,12488,1152
13204,12876,8861
13205,9923,8130
13206,13184,12977
13207,12425,400
13208,12466,8801
13209,5485,5419
13210,12989,343
13211,334,179
13212,13097,13031
13213,12431,1129
13214,12871,3568
13215,12087,7745
13216,12356,7149
13217,9424,9084
13218,12518,5025
13219,7779,7507
13220,12738,11192
13221,12397,2442
13222,12813,12506
13223,12772,1764
13224,12473,12446
13225,11051,6696
13226,3339,623
13227,6469,1543
13228,12489,2521
13229,12820,12713
13230,12930,12566
13231,12480,12384
13232,12080,11894
13233,2042,2024
13234,4997,4570
13235,5065,4253
13236,6659,5805
13237,12170,412
13238,2409,2319
13239,12450,6258
13240,12742,12481
13241,8476,4235
13242,12763,12686
13243,5252,1738
13244,13148,1477
13245,12972,3658
13246,12752,12086
13247,12503,1932
13248,12794,4458
13249,12312,8339
13250,13049,5378
13251,5111,424
13252,11792,1435
13253,12817,1140
13254,11896,5475
13255,13178,842
13256,12926,5594
13257,2889,331
13258,6028,4617
13259,12960,7144
13260,8354,5915
13261,13052,12302
13262,12808,11818
13263,8228,3038
13264,13255,12494
13265,12862,4258
13266,13135,13024
13267,13230,8267
13268,12515,10001
13269,3481,2910
13270,12498,830
13271,11579,11413
13272,2537,1348
13273,9647,8862
13274,12646,4259
13275,3729,2931
13276,12696,8464
13277,12396,1896
13278,12729,1127
13279,12472,11921
13280,12863,12720
13281,1934,318
13282,8544,8341
13283,6226,5775
13284,9946,8102
13285,12967,12845
13286,12995,1873
13287,13264,3997
13288,3687,2156
13289,9685,7566
13290,13126,12666
13291,13109,12085
13292,9502,3288
13293,8131,1611
13294,12689,1307
13295,7955,6259
13296,12714,11684
13297,11494,403
13298,13250,12395
13299,13118,13086
13300,13287,12773
13301,6379,2065
13302,9783,2211
13303,13160,12451
13304,12345,2885
13305,9550,5471
13306,12889,11446
13307,9690,6304
13308,12567,12438
13309,9694,446
13310,13083,1192
13311,7871,6204
13312,8199,1156
13313,13092,1665
13314,12790,3251
13315,12439,12110
13316,5432,5348
13317,2858,1147
13318,13190,8987
13319,2356,692
13320,12175,11987
13321,11724,5521
13322,3525,2440
13323,5352,3230
13324,13040,12565
13325,12215,6442
13326,5074,2723
13327,12459,6452
13328,8037,2095
13329,5843,3232
13330,7788,5903
13331,7787,3585
13332,9521,2551
13333,12613,9744
13334,11249,8702
13335,13232,4432
13336,12403,747
13337,8759,5550
13338,6005,4726
13339,12545,5741
13340,2252,899
13341,12672,12263
13342,12697,7116
13343,9835,5583
13344,12539,7397
13345,12030,11441
13346,12917,12842
13347,11783,1531
13348,13206,12694
13349,13318,5264
13350,6927,6818
13351,9973,8692
13352,12923,3048
13353,12840,12616
13354,12422,12291
13355,9961,737
13356,7655,473
13357,12344,12304
13358,13310,13193
13359,7071,4576
13360,12890,6127
13361,7893,1494
13362,13158,4807
13363,12316,900
13364,13229,8054
13365,7141,2600
13366,13266,5507
13367,3376,3016
13368,13056,4592
13369,3380,2210
13370,13012,1319
13371,12668,12462
13372,2807,1641
13373,13300,12778
13374,8204,5316
13375,12582,519
13376,1899,733
13377,2812,758
13378,12839,3801
13379,7849,1267
13380,13140,12589
13381,7512,6926
13382,7266,7109
13383,13256,11415
13384,12706,9282
13385,7339,7147
13386,12963,1959
13387,12661,11824
13388,4395,248
13389,12288,546
13390,8071,5160
13391,12487,9717
13392,8220,2119
13393,5755,2410
13394,13348,8092
13395,7379,1395
13396,7755,5257
13397,13120,1938
13398,5973,1401
13399,8485,8078
13400,13013,12416
13401,13278,13210
13402,4787,745
13403,7820,2236
13404,7326,7214
13405,13185,5568
13406,12797,8803
13407,13068,12033
13408,13088,13015
13409,12524,7795
13410,13022,2751
13411,11745,6045
13412,12121,11438
13413,7912,948
13414,9220,8822
13415,12643,11616
13416,12392,7387
13417,12318,2924
13418,13397,12089
13419,12553,5875
13420,12293,1408
13421,12969,12167
13422,13298,12980
13423,8616,2483
13424,5426,960
13425,9939,7997
13426,13373,2044
13427,12733,9914
13428,11318,3417
13429,1614,1269
13430,11411,11360
13431,3120,2707
13432,13346,7087
13433,13014,11925
13434,12872,773
13435,13306,13173
13436,13161,12269
13437,12874,12577
13438,4769,3817
13439,8609,7543
13440,13194,543
13441,7359,7336
13442,12478,8401
13443,13212,7329
13444,9522,3155
13445,12129,6559
13446,12727,1056
13447,12683,2267
13448,12902,1724
13449,12569,8657
13450,5061,2216
13451,12213,1196
13452,9540,6253
13453,8063,766
13454,12523,8180
13455,12552,9632
13456,13025,12633
13457,11945,6822
13458,12951,6155
13459,3911,3082
13460,12365,307
13461,13225,12343
13462,12745,4221
13463,12671,6637
13464,12809,800
13465,5861,5263
13466,13079,12219
13467,12009,4603
13468,5501,1667
13469,7244,2168
13470,13369,4968
13471,8975,5600
13472,11881,5067
13473,13246,12885
13474,13137,12317
13475,7767,3256
13476,12982,7965
13477,13215,7301
13478,13366,13187
13479,8444,7697
13480,13242,3933
13481,13418,13341
13482,9067,5416
13483,13157,11665
13484,12252,2141
13485,5280,5058
13486,7378,6290
13487,12904,12544
13488,13057,12092
13489,8374,7954
13490,1722,552
13491,11963,3989
13492,5382,491
13493,9673,4550
13494,9569,9346
13495,2503,1581
13496,12007,3313
13497,1999,1998
13498,12910,4127
13499,12140,9676
13500,12448,9645
13501,7498,1183
13502,12679,8665
13503,13221,1460
13504,8393,8328
13505,7460,1170
13506,13260,12571
13507,13115,12460
13508,2093,1359
13509,13407,13349
13510,13303,13019
13511,13134,8570
13512,8115,3296
13513,5815,4213
13514,13478,7085
13515,13084,5320
13516,13100,12483
13517,12535,7707
13518,13422,9552
13519,13333,12682
13520,7324,5392
13521,12471,12313
13522,2642,1880
13523,13354,12691
13524,12490,3270
13525,12940,2590
13526,12198,1827
13527,13401,12801
13528,13514,7436
13529,9890,9627
13530,13201,13093
13531,12955,8261
13532,2171,535
13533,7667,418
13534,3750,2855
13535,13181,3879
13536,12848,12793
13537,12354,3556
13538,1584,583
13539,13021,1026
13540,12597,1811
13541,5047,3696
13542,12234,5395
13543,13204,5139
13544,9929,4453
13545,6776,6726
13546,13362,13285
13547,13051,8601
13548,11721,2165
13549,920,700
13550,12292,9043
13551,13166,11854
13552,12775,12533
13553,13151,8367
13554,6815,346
13555,11920,4512
13556,12905,6482
13557,10668,8333
13558,12527,4923
13559,12968,3204
13560,4332,836
13561,12914,1716
13562,11978,4346
13563,12131,9554
13564,8854,8598
13565,13254,9815
13566,12990,12602
13567,5757,3424
13568,2935,1688
13569,13386,12676
13570,13214,12322
13571,7049,2422
13572,13365,13069
13573,8010,6956
13574,12360,4801
13575,6377,326
13576,12726,6948
13577,13039,11876
13578,9864,549
13579,1986,779
13580,11958,5971
13581,13426,13018
13582,13023,12680
13583,13155,12850
13584,13394,13048
13585,1323,1042
13586,2925,1671
13587,13528,12739
13588,13546,13518
13589,13335,12920
13590,2604,1571
13591,13395,13290
13592,12237,8715
13593,9577,6147
13594,13252,12558
13595,12684,1021
13596,2795,2479
13597,12335,4140
13598,7545,2659
13599,12771,12596
13600,7051,2406
13601,7846,5537
13602,13125,5997
13603,4815,2871
13604,13581,12534
13605,13191,11903
13606,13474,12152
13607,12058,7582
13608,13064,12561
13609,12717,4744
13610,13267,12297
13611,2427,1185
13612,1532,764
13613,12421,3639
13614,12052,3505
13615,12754,5390
13616,12419,7647
13617,12075,4984
13618,12465,9176
13619,9609,529
13620,7043,2311
13621,12587,1237
13622,13559,13082
13623,8493,5814
13624,8422,7910
13625,7879,5215
13626,7722,1149
13627,13169,13128
13628,12036,4468
13629,12346,2481
13630,12953,12497
13631,13506,13156
13632,12888,1116
13633,13032,809
13634,13297,13030
13635,13358,12846
13636,12792,1221
13637,8129,7856
13638,7763,2239
13639,13138,949
13640,13196,9023
13641,13197,4700
13642,13357,11687
13643,13195,8744
13644,3399,209
13645,7235,1620
13646,13584,13045
13647,2599,851
13648,420,67
13649,13114,12699
13650,12550,4963
13651,5792,1309
13652,12127,3730
13653,13447,6176
13654,292,238
13655,8011,6536
13656,13222,12835
13657,7890,1629
13658,8806,6811
13659,1385,1189
13660,12251,4635
13661,8540,6668
13662,9695,2349
13663,12852,514
13664,13646,13245
13665,12044,7392
13666,12807,2359
13667,8814,5922
13668,8528,2324
13669,7862,1962
13670,7233,2461
13671,13480,13387
13672,8320,7212
13673,13509,13149
13674,12547,11996
13675,13440,957
13676,7687,937
13677,13353,657
13678,12028,3386
13679,13543,13053
13680,13072,2734
13681,13275,1957
13682,6743,6675
13683,6310,2561
13684,8730,1517
13685,13186,13001
13686,13203,6087
13687,12795,1402
13688,5095,2369
13689,4443,2535
13690,12150,5196
13691,13604,13519
13692,9307,8191
13693,12191,5363
13694,6494,2552
13695,8154,2037
13696,9193,4019
13697,6981,6787
13698,13202,11504
13699,13257,12211
13700,12070,9962
13701,8360,684
13702,6485,6284
13703,13496,4057
13704,13677,13238
13705,12979,4493
13706,13081,618
13707,13591,13224
13708,12768,1561
13709,13510,13364
13710,1749,775
13711,12580,5551
13712,6334,4049
13713,13368,12811
13714,3999,2952
13715,5406,702
13716,12650,2100
13717,13446,8637
13718,13410,8405
13719,7040,2502
13720,13536,12296
13721,13208,12816
13722,6101,1048
13723,7175,3433
13724,9727,9539
13725,12736,9417
13726,13691,13448
13727,13550,13062
13728,4792,3557
13729,12856,12821
13730,11993,8717
13731,13587,13291
13732,7288,7030
13733,6392,6015
13734,13033,11857
13735,13220,12734
13736,5976,648
13737,12873,6885
13738,12581,986
13739,13071,1748
13740,4927,4319
13741,12723,11794
13742,13259,1941
13743,5219,4746
13744,13162,1960
13745,12389,6003
13746,8481,2416
13747,12352,7068
13748,13136,184
13749,337,133
13750,6904,6886
13751,13359,9763
13752,13466,2533
13753,4779,2153
13754,9289,3515
13755,13624,656
13756,2671,1927
13757,11453,6601
13758,13074,2014
13759,8297,3318
13760,13704,13627
13761,13223,2715
13762,12617,2251
13763,13555,4543
13764,8008,1488
13765,12138,8995
13766,13207,12853
13767,13476,13038
13768,12653,2501
13769,4541,1371
13770,4451,2431
13771,8939,7711
13772,13517,5622
13773,9104,5068
13774,13687,13456
13775,7818,3953
13776,13299,13279
13777,5822,2226
13778,12306,11936
13779,8185,1340
13780,13679,8260
13781,12698,1459
13782,13391,13327
13783,8383,5129
13784,2720,268
13785,13324,9883
13786,9881,9713
13787,13435,12608
13788,12340,1637
13789,5301,1939
13790,8114,166
13791,13307,12372
13792,13142,4656
13793,6584,2106
13794,12992,12849
13795,5144,3223
13796,4029,312
13797,9094,1318
13798,12942,2761
13799,13110,12575
13800,13643,13171
13801,12692,2075
13802,8597,1314
13803,8680,2524
13804,11868,4513
13805,11378,6461
13806,4618,1783
13807,13443,9854
13808,13703,8642
13809,9542,9529
13810,13477,2428
13811,7658,1597
13812,7564,435
13813,3293,3272
13814,13726,13265
13815,13688,13321
13816,13635,8356
13817,13680,12998
13818,9994,545
13819,12949,9710
13820,13003,1634
13821,13405,13043
13822,8435,2787
13823,13139,12859
13824,12798,8690
13825,13525,12380
13826,3917,266
13827,12390,7061
13828,2460,2250
13829,498,275
13830,4203,3078
13831,12991,12101
13832,8737,5341
13833,13421,3611
13834,13589,11668
13835,6366,6187
13836,5745,2763
13837,2628,1752
13838,13650,13588
13839,12913,12857
13840,8249,674
13841,9794,4781
13842,12974,3870
13843,11320,10559
13844,13633,13294
13845,13035,2984
13846,6033,554
13847,13309,11657
13848,12437,2478
13849,13467,12557
13850,13153,12860
13851,12068,2515
13852,8273,3635
13853,8456,1369
13854,13607,4407
13855,9949,9746
13856,13527,13244
13857,9231,6311
13858,13389,12712
13859,13280,7123
13860,13801,13323
13861,7866,1723
13862,13147,2505
13863,4336,114
13864,13649,6321
13865,2891,2351
13866,1862,989
13867,13664,13005
13868,13640,13103
13869,13498,4524
13870,13531,13483
13871,12761,5752
13872,7772,1514
13873,12824,12429
13874,13213,8628
13875,8474,5587
13876,12973,4385
13877,12638,9909
13878,13720,7516
13879,11912,6909
13880,13717,11834
13881,13707,13146
13882,13526,12748
13883,13709,13641
13884,6914,137
13885,6697,6616
13886,3651,256
13887,2087,1019
13888,13211,258
13889,8688,1909
13890,8521,2052
13891,12624,6879
13892,13304,8007
13893,7333,7139
13894,13671,12657
13895,5756,5725
13896,4664,3700
13897,4459,4229
13898,13164,12760
13899,13370,8133
13900,13838,12829
13901,12308,2810
13902,12350,7918
13903,8519,1805
13904,7926,2242
13905,3301,2726
13906,13060,6269
13907,13839,13787
13908,9327,1973
13909,13124,9242
13910,8017,2475
13911,13334,12334
13912,12442,7500
13913,13622,13293
13914,13816,5579
13915,3543,1428
13916,1547,1259
13917,8203,4404
13918,13814,9328
13919,13061,1157
13920,6179,2997
13921,12899,2289
13922,12978,3104
13923,12932,3406
13924,5645,3808
13925,13675,12841
13926,13075,2230
13927,13218,8224
13928,13583,13326
13929,13636,13253
13930,9968,7296
13931,926,505
13932,5791,5184
13933,12230,6146
13934,9055,631
13935,5857,3591
13936,8009,7861
13937,3224,1054
13938,3822,3661
13939,13774,13313
13940,12570,8369
13941,12746,5311
13942,6537,301
13943,7110,4973
13944,9952,7297
13945,4542,4313
13946,8144,898
13947,3656,584
13948,12703,2212
13949,13472,12202
13950,8004,7520
13951,9199,6590
13952,13606,13054
13953,13731,13605
13954,3749,467
13955,13881,13492
13956,9166,4747
13957,13464,13453
13958,12935,12880
13959,13626,13247
13960,12774,1669
13961,5268,3006
13962,12621,8884
13963,8747,8512
13964,11040,7282
13965,7035,3603
13966,13063,1901
13967,6929,6923
13968,13454,12943
13969,2122,1365
13970,2001,612
13971,13460,252
13972,13500,4061
13973,6731,6725
13974,7150,2610
13975,13502,12851
13976,12907,1640
13977,13328,13239
13978,13432,12937
13979,13065,3682
13980,7352,7246
13981,9665,2824
13982,9164,2961
13983,7540,1285
13984,13953,13630
13985,11713,607
13986,13170,12865
13987,13154,4342
13988,7983,7534
13989,106,42
13990,3140,3008
13991,12374,2179
13992,5730,5630
13993,12453,4062
13994,13632,12502
13995,2446,2187
13996,13674,12449
13997,13914,13228
13998,13716,13642
13999,13481,13336
14000,9837,2173
14001,8523,7372
14002,13900,10009
14003,13867,13673
14004,12132,9787
14005,12663,4144
14006,8548,4669
14007,12708,9570
14008,7527,5687
14009,13274,9661
14010,13319,2126
14011,13552,6462
14012,13487,5081
14013,5942,5138
14014,13047,3848
14015,13918,13833
14016,8732,2028
14017,12744,7603
14018,13058,12388
14019,13883,13436
14020,12512,7415
14021,13345,4424
14022,13425,6542
14023,7797,6340
14024,13786,12688
14025,12469,8904
14026,5850,5571
14027,8912,1012
14028,12447,5770
14029,6373,4987
14030,2389,1181
14031,13844,13647
14032,13491,6068
14033,13026,9483
14034,7322,5060
14035,13516,2295
14036,13248,1701
14037,9999,9834
14038,9511,1918
14039,12861,2113
14040,4215,3803
14041,4739,4621
14042,8498,7736
14043,4846,3171
14044,12725,8928
14045,13663,12320
14046,13686,12634
14047,12805,5804
14048,8107,4495
14049,13634,9050
14050,13412,12701
14051,11806,9157
14052,13296,6040
14053,13150,908
14054,13869,13268
14055,6808,3612
14056,12606,9649
14057,5269,2401
14058,13952,12938
14059,8716,1341
14060,13192,8488
14061,12881,12342
14062,13955,13612
14063,9032,4691
14064,13530,1612
14065,13535,13090
14066,13507,783
14067,4287,1061
14068,7653,2471
14069,8033,4503
14070,13995,2124
14071,13085,7257
14072,12210,9551
14073,9699,4
14074,1410,509
14075,9249,823
14076,9519,2390
14077,13711,12981
14078,13553,13442
14079,12858,7209
14080,12705,12283
14081,9825,7312
14082,14002,13419
14083,12704,4816
14084,8400,696
14085,9270,1686
14086,13859,13586
14087,13380,12197
14088,13780,13249
14089,13511,12418
14090,13794,12810
14091,13569,2996
14092,14015,13871
14093,5734,1469
14094,7402,1117
14095,13996,12631
14096,7506,2322
14097,9382,3277
14098,13698,13539
14099,13413,2864
14100,13116,11647
14101,13617,810
14102,12895,9137
14103,13112,7661
14104,12815,3632
14105,12786,3737
14106,13822,7367
14107,14082,12987
14108,6709,6642
14109,1802,1024
14110,13538,9859
14111,13361,11445
14112,14034,7593
14113,6449,844
14114,13567,12892
14115,9503,4971
14116,13878,13785
14117,4148,2002
14118,13760,6053
14119,13554,8589
14120,3951,861
14121,12218,8112
14122,13913,13776
14123,13200,6312
14124,13660,13145
14125,5457,3988
14126,7924,5782
14127,3020,279
14128,11094,1412
14129,13363,1540
14130,13438,8532
14131,13428,13101
14132,14107,13282
14133,13271,1069
14134,8055,1844
14135,13301,5131
14136,9719,5603
14137,3446,3398
14138,8305,585
14139,12896,12355
14140,3133,3114
14141,4858,3613
14142,5955,2745
14143,6732,2050
14144,11856,7093
14145,13234,9640
14146,14075,8301
14147,3710,1763
14148,12799,6441
14149,13338,9532
14150,13182,12509
14151,13099,6293
14152,8440,5164
14153,12378,2117
14154,14092,13399
14155,13849,1431
14156,13122,1902
14157,12957,921
14158,12440,6430
14159,13651,13566
14160,13997,7490
14161,12806,4623
14162,4761,1568
14163,8953,2717
14164,12830,12358
14165,1326,493
14166,13094,12928
14167,8719,8614
14168,13721,377
14169,13620,7311
14170,7817,1728
14171,14132,13927
14172,14171,13870
14173,13894,13007
14174,9819,9409
14175,14168,8841
14176,7016,1194
14177,13484,12869
14178,13556,11931
14179,13383,7222
14180,5870,1258
14181,13631,633
14182,13693,9886
14183,13087,12286
14184,12894,2554
14185,3617,336
14186,3215,2529
14187,9738,966
14188,4694,2862
14189,13834,532
14190,13609,1864
14191,12912,310
14192,13954,7482
14193,13999,5825
14194,13216,907
14195,13845,12818
14196,13337,8040
14197,4804,4665
14198,13628,13610
14199,13912,13551
14200,12787,8472
14201,13645,2345
14202,1721,1
14203,13767,13608
14204,5812,5563
14205,14154,13523
14206,9933,5451
14207,13858,1356
14208,12618,3705
14209,12398,6622
14210,8549,3135
14211,12997,4048
14212,13925,13179
14213,8812,952
14214,12828,12576
14215,13347,9505
14216,13811,51
14217,13111,1070
14218,13837,12948
14219,12970,7881
14220,13276,5604
14221,12962,7946
14222,13144,1260
14223,13678,61
14224,13459,13262
14225,9533,3278
14226,5646,2271
14227,13706,12749
14228,13782,13016
14229,8793,3888
14230,9041,423
14231,13042,6629
14232,8503,6418
14233,13452,1155
14234,13856,13807
14235,13765,3584
14236,13928,5887
14237,6609,202
14238,14205,12529
14239,12287,6960
14240,14064,7260
14241,13666,13188
14242,13784,3233
14243,12822,2965
14244,12383,7346
14245,13907,70
14246,5071,3823
14247,14019,523
14248,13189,8001
14249,14086,4596
14250,13375,3044
14251,4626,4515
14252,13972,12177
14253,2217,1331
14254,6056,603
14255,13991,12695
14256,3752,946
14257,3833,3442
14258,6152,6105
14259,13557,2268
14260,13433,12376
14261,8950,2027
14262,3434,2291
14263,13261,4254
14264,13898,12898
14265,13455,6578
14266,13091,439
14267,2920,2441
14268,13891,6700
14269,13690,12111
14270,3494,1499
14271,7052,319
14272,9528,4864
14273,12285,11642
14274,14238,14181
14275,2190,217
14276,12258,4516
14277,9920,3017
14278,14062,13815
14279,13665,1651
14280,7897,397
