6000,2338,1598
6001,6000,4167
6002,4103,2145
6003,5418,4091
6004,5141,2403
6005,3885,3643
6006,4488,2309
6007,6001,5098
6008,6005,5243
6009,5411,3234
6010,6007,5342
6011,5290,3977
6012,4361,2030
6013,6006,3069
6014,4183,1281
6015,6008,6002
6016,4080,3755
6017,5156,5070
6018,5134,5128
6019,4479,4297
6020,4797,3526
6021,2340,2138
6022,6010,3261
6023,5388,4266
6024,3686,2860
6025,6003,5361
6026,6004,5695
6027,6011,3920
6028,5827,1219
6029,6014,2133
6030,6013,5364
6031,6015,4264
6032,5907,2395
6033,5545,5343
6034,4489,4426
6035,6030,2374
6036,6032,6022
6037,6012,5480
6038,6031,6027
6039,6018,6017
6040,6036,4073
6041,5461,47
6042,6029,4116
6043,4364,4355
6044,3827,3712
6045,6038,6034
6046,6035,4291
6047,6020,4134
6048,6042,2559
6049,2243,477
6050,6025,3108
6051,6040,1315
6052,1242,433
6053,6021,96
6054,6051,5439
6055,6033,6026
6056,6039,5115
6057,6037,2383
6058,4429,3928
6059,4339,2387
6060,5767,3292
6061,4387,4204
6062,6016,2746
6063,6049,2661
6064,3950,1201
6065,6054,5011
6066,6019,4450
6067,4189,2051
6068,5226,4185
6069,6057,4233
6070,6047,3539
6071,6053,1951
6072,6067,6048
6073,3650,2070
6074,6046,4378
6075,6023,4197
6076,6069,2279
6077,4170,4047
6078,6045,2497
6079,4270,94
6080,6050,3298
6081,6063,2306
6082,6028,4181
6083,6076,6052
6084,4036,3427
6085,4159,4154
6086,6064,3763
6087,6078,4369
6088,6073,1013
6089,6055,2222
6090,6085,6074
6091,3768,3346
6092,1926,1857
6093,6009,5919
6094,3068,3036
6095,6077,6059
6096,6041,4165
6097,6058,4035
6098,5878,3707
6099,4457,4070
6100,4380,4012
6101,1096,390
6102,5491,4007
6103,4280,3860
6104,3290,150
6105,6089,6082
6106,6083,5136
6107,6060,3377
6108,6072,5241
6109,6081,4599
6110,4362,4327
6111,6062,4087
6112,6056,3899
6113,6087,5024
6114,6108,4584
6115,6098,6090
6116,6094,6075
6117,5175,3023
6118,6113,5806
6119,6096,3019
6120,6084,6065
6121,6044,4368
6122,6080,3530
6123,6043,5288
6124,6070,117
6125,6114,33
6126,5203,5077
6127,6120,3689
6128,6106,4539
6129,6079,6071
6130,6102,4083
6131,6128,5834
6132,2430,2287
6133,6097,3666
6134,3153,1177
6135,6127,3600
6136,6107,2464
6137,6111,3088
6138,6125,2074
6139,6117,4180
6140,5453,4113
6141,6118,3734
6142,4754,53
6143,6137,3260
6144,6088,74
6145,4470,4317
6146,4436,4230
6147,409,207
6148,6119,5020
6149,6092,6066
6150,6109,5325
6151,6091,5240
6152,6141,6105
6153,6131,1098
6154,6116,4354
6155,6135,1357
6156,6153,6061
6157,6143,6103
6158,6149,6133
6159,6104,3033
6160,6152,6086
6161,6144,6095
6162,6154,6130
6163,4344,4111
6164,5787,2477
6165,3095,2259
6166,2331,2302
6167,6136,2118
6168,6068,6024
6169,6122,1984
6170,6138,6115
6171,6155,3208
6172,4818,3998
6173,2582,220
6174,6150,6124
6175,6123,3203
6176,6169,6167
6177,6110,5090
6178,6171,4120
6179,5298,3908
6180,3970,79
6181,5369,3171
6182,6175,41
6183,6178,4302
6184,6093,3856
6185,6148,5333
6186,4492,4125
6187,3279,3015
6188,5747,5580
6189,389,20
6190,5148,2339
6191,3711,3691
6192,5386,4284
6193,5525,2099
6194,6156,6101
6195,6160,3146
6196,4077,4020
6197,6183,5180
6198,6170,5715
6199,6161,4138
6200,5285,2680
6201,4866,4173
6202,3982,2264
6203,2057,1649
6204,6162,6159
6205,4051,1838
6206,6195,1073
6207,4260,3047
6208,6100,3753
6209,5222,5062
6210,6197,3300
6211,6198,6134
6212,3698,3555
6213,6206,1742
6214,6184,43
6215,6112,3919
6216,6204,6129
6217,6213,4308
6218,4890,4525
6219,5182,3319
6220,6174,1084
6221,6099,1347
6222,6210,4192
6223,6185,4353
6224,6217,3438
6225,3429,3276
6226,6194,815
6227,5478,5375
6228,6157,3606
6229,6224,6186
6230,4373,2108
6231,6121,5043
6232,5762,4137
6233,6146,4013
6234,6180,4326
6235,6190,2104
6236,5445,3550
6237,6220,3110
6238,6140,4210
6239,6222,6145
6240,6223,3610
6241,4720,2273
6242,6158,4262
6243,5492,5261
6244,6151,5936
6245,6176,6164
6246,6202,1137
6247,5059,3670
6248,5584,1342
6249,6229,6192
6250,3770,3391
6251,4200,2071
6252,4236,465
6253,6228,4175
6254,6168,168
6255,398,367
6256,6177,3083
6257,3695,1523
6258,5374,1536
6259,6226,1131
6260,6214,4011
6261,6235,4033
6262,6234,5764
6263,4131,1349
6264,6240,5360
6265,4050,3708
6266,6242,6139
6267,6163,4481
6268,6259,2164
6269,5376,3185
6270,6249,1188
6271,4784,4628
6272,6245,5811
6273,6216,5918
6274,3805,3022
6275,5042,4039
6276,6215,4228
6277,6179,3057
6278,6268,714
6279,6270,2466
6280,6221,1544
6281,6239,6207
6282,6165,1657
6283,6172,5373
6284,6173,490
6285,215,77
6286,6277,6264
6287,6132,2816
6288,6279,6231
6289,3633,135
6290,4250,4060
6291,6241,4314
6292,2662,1093
6293,6254,5125
6294,6193,2035
6295,6253,5697
6296,6199,2317
6297,6273,5559
6298,6166,1881
6299,6211,2232
6300,4476,3403
6301,6266,6182
6302,6281,5278
6303,6272,5652
6304,4897,2008
6305,6299,3799
6306,6244,3681
6307,2120,497
6308,6288,4960
6309,6191,4269
6310,6205,5948
6311,2580,429
6312,4392,4360
6313,6201,4498
6314,6284,6237
6315,3456,3173
6316,6302,4696
6317,6296,4157
6318,6305,6261
6319,6219,4044
6320,1446,1018
6321,6250,3447
6322,6260,1747
6323,4094,3506
6324,6262,3064
6325,6316,6297
6326,6188,5625
6327,6256,3909
6328,1892,1154
6329,6295,2729
6330,6308,2438
6331,2679,1439
6332,4298,4040
6333,6225,5199
6334,5794,3246
6335,1778,1133
6336,6304,6278
6337,5876,5565
6338,6332,3496
6339,3205,1968
6340,6330,5473
6341,6257,4147
6342,3629,3244
6343,5474,204
6344,253,112
6345,6283,2443
6346,6303,5383
6347,6271,4529
6348,6196,2193
6349,6267,5262
6350,5304,5172
6351,4438,1777
6352,6317,5884
6353,3359,3187
6354,6289,6287
6355,6203,2378
6356,5027,4370
6357,6326,4752
6358,4705,4536
6359,4877,2917
6360,6238,6232
6361,6328,2849
6362,6340,4056
6363,410,138
6364,6251,5181
6365,6218,4315
6366,3183,3004
6367,151,86
6368,6293,3495
6369,6306,4671
6370,6300,1566
6371,285,75
6372,401,368
6373,6147,5100
6374,4484,4231
6375,5357,2328
6376,6329,6327
6377,1834,251
6378,2536,1195
6379,6362,6263
6380,6318,6142
6381,6282,5657
6382,6346,4382
6383,6342,4146
6384,6325,2199
6385,3189,2294
6386,6276,4142
6387,4612,4158
6388,5591,4058
6389,3365,3310
6390,2244,2233
6391,3769,3683
6392,6291,3961
6393,6274,2391
6394,5470,5412
6395,6319,4715
6396,6379,6309
6397,5899,1567
6398,6352,4123
6399,1489,1478
6400,3441,246
6401,5995,2181
6402,6324,5683
6403,6243,2368
6404,6398,6233
6405,6361,6336
6406,4480,3356
6407,4108,1292
6408,6294,3561
6409,2522,1631
6410,6310,3954
6411,6208,3826
6412,1481,353
6413,5147,243
6414,6382,5722
6415,5554,1647
6416,6380,6354
6417,1150,1052
6418,6369,6209
6419,6396,3098
6420,6349,4286
6421,6384,6343
6422,6355,6292
6423,5785,1295
6424,5403,4793
6425,6298,3137
6426,4066,1425
6427,6286,3717
6428,5648,4184
6429,3448,1144
6430,6255,72
6431,5050,3184
6432,5468,1646
6433,2685,1890
6434,6345,4272
6435,3131,89
6436,6248,2085
6437,6357,3846
6438,6409,6275
6439,6280,3051
6440,6405,6246
6441,6258,1283
6442,6410,124
6443,6314,4917
6444,6320,1321
6445,6301,1928
6446,6339,3220
6447,5143,1675
6448,4679,281
6449,4670,371
6450,4830,4439
6451,5097,4444
6452,449,152
6453,6408,6312
6454,6419,6402
6455,6414,4182
6456,5874,5253
6457,6392,3229
6458,6333,6315
6459,4009,2332
6460,4190,2380
6461,4435,3259
6462,4654,4106
6463,6442,6421
6464,4112,1239
6465,3449,3029
6466,6440,4986
6467,6351,6322
6468,6463,3459
6469,231,107
6470,6427,5679
6471,6455,6454
6472,6416,3100
6473,3905,3902
6474,6252,4256
6475,6370,1265
6476,6395,6368
6477,6443,170
6478,6418,4072
6479,5799,4067
6480,2832,1423
6481,6377,1039
6482,6439,6381
6483,6411,6373
6484,6445,4105
6485,6360,1220
6486,6478,6334
6487,6376,5197
6488,6472,5099
6489,1661,501
6490,6470,6126
6491,62,12
6492,5981,5512
6493,6435,237
6494,6468,6426
6495,6466,5170
6496,6321,3374
6497,6433,6341
6498,6212,5248
6499,6364,4318
6500,6488,1504
6501,6247,1107
6502,6457,4422
6503,6487,6446
6504,3761,97
6505,6404,1338
6506,6313,4188
6507,3596,2886
6508,6434,3400
6509,5014,3273
6510,5165,4335
6511,453,261
6512,1275,1082
6513,6494,2149
6514,6495,4537
6515,6285,73
6516,4490,2015
6517,1513,880
6518,6372,392
6519,6338,5629
6520,6458,3674
6521,5469,5230
6522,6471,6366
6523,4710,1676
6524,6386,4420
6525,6348,2192
6526,6189,4288
6527,6485,2412
6528,6484,6441
6529,6514,2632
6530,5205,2511
6531,6477,4893
6532,6492,5883
6533,6422,1840
6534,6363,354
6535,6480,3814
6536,6393,2523
6537,6403,1603
6538,1772,1589
6539,6500,901
6540,6503,6467
6541,257,59
6542,5780,3529
6543,6227,5176
6544,6486,3819
6545,6399,1815
6546,4014,1308
6547,6335,4143
6548,6529,3469
6549,3967,2352
6550,6513,6425
6551,6522,6508
6552,6378,5398
6553,6505,2308
6554,6460,3372
6555,1334,1272
6556,6499,6387
6557,6358,4697
6558,4945,4473
6559,6390,6347
6560,5813,4349
6561,6528,1020
6562,4408,4100
6563,6539,2487
6564,6323,4101
6565,6415,6365
6566,3781,252
6567,6407,5420
6568,6530,3943
6569,1433,357
6570,3369,413
6571,6420,3601
6572,2183,2129
6573,4604,3366
6574,6551,6501
6575,6383,3742
6576,3294,1615
6577,6563,3164
6578,4734,218
6579,6436,5651
6580,4969,2301
6581,6459,6375
6582,6476,3959
6583,5447,3590
6584,6550,4462
6585,6524,4150
6586,6200,3457
6587,6423,5502
6588,4399,3836
6589,4316,2375
6590,5852,4372
6591,6577,6553
6592,5313,4293
6593,6584,6538
6594,146,37
6595,6374,4088
6596,4591,3395
6597,6491,171
6598,6540,5153
6599,6544,6497
6600,2393,2337
6601,5171,1141
6602,6571,6265
6603,6337,5727
6604,6593,5838
6605,5422,4367
6606,6490,3440
6607,6307,5802
6608,2343,1040
6609,6518,119
6610,3043,103
6611,6533,5856
6612,6574,2256
6613,6483,6448
6614,5384,2792
6615,4474,403
6616,6482,6413
6617,6561,1708
6618,6464,1825
6619,6181,2103
6620,4964,4117
6621,6187,1979
6622,6612,5209
6623,6605,1924
6624,6531,1991
6625,6532,6502
6626,2255,2174
6627,4252,3626
6628,4972,4757
6629,6618,6438
6630,6391,4076
6631,4508,3018
6632,4375,4244
6633,3307,3041
6634,6622,3269
6635,6311,9
6636,3254,1886
6637,4485,3413
6638,6437,1372
6639,6504,3958
6640,5133,270
6641,6604,6562
6642,3085,2546
6643,6585,6558
6644,6579,5696
6645,6548,6371
6646,4015,3492
6647,3470,1941
6648,6429,4440
6649,6606,6350
6650,6552,4246
6651,6451,1126
6652,6527,5553
6653,6634,6565
6654,5913,5708
6655,6617,3212
6656,6580,4433
6657,5983,2344
6658,6591,6523
6659,1577,1035
6660,6489,722
6661,5270,4118
6662,6641,6581
6663,2314,762
6664,6610,5631
6665,6616,1734
6666,3904,3079
6667,6397,3944
6668,6394,5518
6669,4041,3285
6670,3966,3922
6671,6475,5886
6672,6535,5472
6673,6520,4166
6674,6449,5359
6675,1180,527
6676,6572,6506
6677,3360,3094
6678,3907,1457
6679,4826,1345
6680,6269,4630
6681,6599,2564
6682,4371,2910
6683,5939,4093
6684,5078,4237
6685,6598,5166
6686,6645,793
6687,5930,5321
6688,5489,4226
6689,6655,1311
6690,6662,1692
6691,4300,4025
6692,4141,2844
6693,6624,987
6694,6653,5779
6695,6406,4023
6696,6498,6461
6697,5452,5001
6698,6545,6493
6699,5415,5324
6700,6597,1329
6701,3869,3210
6702,6431,5214
6703,6629,4471
6704,6643,4151
6705,6658,3971
6706,6694,5740
6707,3332,2176
6708,6582,5421
6709,3540,1400
6710,6689,4031
6711,6642,2329
6712,6519,5576
6713,6693,658
6714,5146,4350
6715,5851,1497
6716,6660,6417
6717,440,343
6718,6515,1375
6719,6588,4126
6720,6690,6625
6721,3384,287
6722,6536,5401
6723,6705,115
6724,6521,5466
6725,6534,2565
6726,4891,4441
6727,3900,2007
6728,6631,3286
6729,6611,5934
6730,6638,5931
6731,6230,4910
6732,6713,742
6733,3373,2584
6734,6542,200
6735,6453,3588
6736,1835,1605
6737,6649,3243
6738,6686,6672
6739,6517,1087
6740,6681,2550
6741,5555,4010
6742,4282,3258
6743,2507,2202
6744,6692,6637
6745,4187,3547
6746,6589,2432
6747,4074,2929
6748,5956,5596
6749,6720,3820
6750,2514,1746
6751,6564,3648
6752,6636,2047
6753,3385,1994
6754,6652,6516
6755,6749,6549
6756,6708,5318
6757,6627,3510
6758,6479,1498
6759,6644,963
6760,6706,6687
6761,6723,3299
6762,3103,2455
6763,6496,4021
6764,260,255
6765,6656,4034
6766,3375,3222
6767,6712,6567
6768,5434,2751
6769,6432,3221
6770,6556,2353
6771,6710,3960
6772,6428,3046
6773,5212,5104
6774,6755,6632
6775,6737,6447
6776,2276,17
6777,3136,491
6778,1877,1320
6779,6465,370
6780,4004,1415
6781,6547,4843
6782,1193,1006
6783,5888,5710
6784,6729,1337
6785,3721,4
6786,6709,5121
6787,6481,2010
6788,5624,3986
6789,4571,495
6790,6774,6569
6791,5019,3387
6792,5699,2988
6793,6756,6586
6794,5994,1707
6795,6685,4613
6796,6668,1450
6797,6771,5292
6798,6704,4191
6799,6512,4301
6800,1814,508
6801,3213,1266
6802,6738,4950
6803,6602,4263
6804,3910,1660
6805,6761,6726
6806,6359,4590
6807,5265,4915
6808,5677,1585
6809,3831,3225
6810,6665,4216
6811,3306,929
6812,6696,3918
6813,6805,4115
6814,6651,1693
6815,6677,5618
6816,6388,4906
6817,5817,219
6818,6802,6650
6819,6790,6734
6820,1967,1856
6821,6674,3382
6822,6732,4509
6823,6813,6784
6824,6730,6401
6825,6767,3743
6826,6795,5009
6827,3211,3209
6828,6787,6715
6829,6633,6575
6830,1299,1282
6831,6613,442
6832,6600,2282
6833,6797,2911
6834,1757,460
6835,6769,6587
6836,2472,1251
6837,3314,317
6838,6456,5144
6839,6595,4397
6840,6673,6573
6841,5385,3345
6842,6718,4581
6843,4733,4008
6844,6620,1503
6845,6635,184
6846,6702,5511
6847,4487,4285
6848,6740,5254
6849,6717,6675
6850,6546,4055
6851,4224,3817
6852,6779,3675
6853,6818,1114
6854,4393,1091
6855,6566,307
6856,6583,4442
6857,6826,4119
6858,6798,5202
6859,3554,3090
6860,5929,3172
6861,6353,279
6862,6848,6543
6863,6663,2081
6864,6760,6754
6865,4901,2130
6866,6812,3309
6867,6751,4674
6868,6630,5289
6869,6525,1224
6870,4929,4878
6871,4749,3132
6872,3123,2878
6873,3160,3087
6874,6819,6739
6875,6601,2218
6876,6810,5636
6877,6759,5717
6878,6735,3802
6879,4168,1068
6880,6537,4089
6881,4739,4394
6882,6716,6703
6883,6853,6822
6884,5306,5127
6885,6748,6664
6886,4668,2240
6887,3671,1230
6888,4939,3101
6889,6874,6752
6890,6695,4351
6891,3399,2759
6892,1125,626
6893,4941,2366
6894,5911,2480
6895,6507,3297
6896,1398,1037
6897,6462,3442
6898,5869,4875
6899,6823,5564
6900,6444,1463
6901,5083,2955
6902,6707,6385
6903,6509,3825
6904,6824,5820
6905,6889,6733
6906,6596,3197
6907,6669,1821
6908,439,108
6909,6829,4845
6910,3394,3257
6911,6803,6775
6912,6724,4122
6913,6899,6786
6914,6570,1424
6915,6833,5345
6916,6864,6791
6917,6736,339
6918,6684,202
6919,3921,1552
6920,6905,1883
6921,2494,192
6922,6700,310
6923,6920,3504
6924,6916,6770
6925,6828,6727
6926,6913,6863
6927,3283,3193
6928,5750,2962
6929,6788,6728
6930,5534,500
6931,6621,4954
6932,6876,4391
6933,6858,3929
6934,6356,2687
6935,6578,300
6936,6757,2621
6937,6639,1758
6938,4418,4006
6939,6722,6671
6940,6923,1557
6941,6603,5606
6942,6862,6857
6943,6557,5210
6944,2928,314
6945,6698,1737
6946,5237,1186
6947,6895,6831
6948,6915,1382
6949,438,259
6950,5096,5012
6951,4063,3619
6952,5664,3169
6953,6883,6367
6954,3228,2367
6955,6940,5149
6956,6890,4565
6957,5909,2019
6958,4743,2778
6959,6725,3854
6960,6657,906
6961,4059,3238
6962,6389,3488
6963,6903,2938
6964,6474,4347
6965,6948,935
6966,6667,3574
6967,5719,4496
6968,6924,5322
6969,5586,2361
6970,6926,6817
6971,6768,5808
6972,6838,6424
6973,6842,298
6974,6745,2335
6975,6878,6816
6976,6721,6608
6977,6942,2877
6978,3634,3312
6979,6965,344
6980,6846,5943
6981,5354,167
6982,3313,1831
6983,6615,6541
6984,6680,2185
6985,5272,1643
6986,6955,2360
6987,5821,5599
6988,6932,5331
6989,6970,2420
6990,6780,6555
6991,5858,3630
6992,6968,4245
6993,4454,545
6994,6986,6867
6995,6904,2388
6996,5004,2416
6997,6825,6777
6998,4377,1079
6999,6814,4464
7000,6731,4666
7001,6839,6623
7002,5988,5504
7003,6931,4738
7004,6793,3694
7005,6773,3672
7006,470,51
7007,3340,2423
7008,5830,1051
7009,4983,2686
7010,6992,6688
7011,6628,4611
7012,6929,5535
7013,587,118
7014,6808,5540
7015,6869,3192
7016,3002,1384
7017,7010,5739
7018,5548,1537
7019,6840,872
7020,5067,3003
7021,6979,6947
7022,6849,1367
7023,6763,1083
7024,6989,6896
7025,6994,1306
7026,5991,2742
7027,6988,876
7028,6933,189
7029,6925,860
7030,6927,6648
7031,6559,5368
7032,6866,6661
7033,6953,4835
7034,6943,1132
7035,7025,4588
7036,4310,2534
7037,5500,1168
7038,7017,6880
7039,6901,6882
7040,6526,6430
7041,6331,286
7042,4689,1819
7043,5350,3056
7044,7024,1606
7045,4979,4383
7046,6654,5925
7047,5281,4881
7048,6778,1017
7049,7027,6640
7050,7022,5242
7051,3198,1917
7052,6977,3785
7053,6966,4078
7054,3517,3472
7055,6844,6804
7056,6850,6799
7057,7039,1393
7058,292,238
7059,6554,1619
7060,7012,5818
7061,6510,5109
7062,6809,3527
7063,425,337
7064,7038,2105
7065,6911,2297
7066,6590,1253
7067,1876,360
7068,5032,3989
7069,7065,2056
7070,6473,3945
7071,2234,210
7072,7028,2454
7073,5493,4413
7074,6892,6845
7075,6619,4846
7076,6741,4099
7077,7035,5661
7078,6990,6450
7079,6888,1386
7080,6765,6746
7081,7033,6946
7082,498,275
7083,6697,1868
7084,6997,1894
7085,7019,3996
7086,6792,1959
7087,6679,2547
7088,6975,2638
7089,6666,3479
7090,7029,1529
7091,6854,4135
7092,7044,2170
7093,3514,1390
7094,5395,5358
7095,7064,6887
7096,7071,5746
7097,5678,5029
7098,6851,2143
7099,6820,1430
7100,4029,312
7101,5949,1187
7102,6714,4097
7103,7092,1505
7104,7000,6806
7105,6885,2676
7106,1530,1379
7107,6935,3407
7108,5889,5810
7109,7095,7047
7110,6758,3581
7111,4796,3236
7112,7052,6909
7113,7004,6987
7114,5036,4475
7115,7077,5006
7116,7081,6789
7117,5456,736
7118,6941,5906
7119,2450,68
7120,6897,3329
7121,7045,6744
7122,5647,4914
7123,6938,3487
7124,6877,6800
7125,2567,838
7126,6594,1601
7127,7115,7015
7128,6995,278
7129,5448,5438
7130,6939,1218
7131,7072,6452
7132,6914,199
7133,6886,3549
7134,6830,1333
7135,7085,5600
7136,6719,3378
7137,4968,3380
7138,7043,6782
7139,5441,2296
7140,6614,2861
7141,6576,4273
7142,6894,1095
7143,7103,7090
7144,6856,1029
7145,7109,6647
7146,420,318
7147,7020,3061
7148,106,42
7149,7112,1101
7150,3914,3868
7151,7036,879
7152,7116,2097
7153,7127,7018
7154,6907,4379
7155,7049,6821
7156,3773,3740
7157,4542,4313
7158,7021,1368
7159,6984,6659
7160,6999,46
7161,2060,1591
7162,7152,7087
7163,7032,4043
7164,5680,3435
7165,7153,3255
7166,5974,5569
7167,7145,6912
7168,6982,4057
7169,7134,1297
7170,1710,1216
7171,6910,5391
7172,6762,4329
7173,6951,4054
7174,7069,5723
7175,3178,778
7176,5769,397
7177,7165,1034
7178,7149,6859
7179,7076,6835
7180,7008,2064
7181,7162,6879
7182,7058,6609
7183,4130,2897
7184,3940,3722
7185,5297,1919
7186,179,61
7187,6971,6796
7188,6412,892
7189,7167,2508
7190,1204,88
7191,6978,229
7192,5751,5703
7193,5718,2461
7194,7177,1434
7195,6785,291
7196,2326,1041
7197,7113,1304
7198,7083,6815
7199,7181,1291
7200,7189,5686
7201,7143,7057
7202,6980,4430
7203,4857,4763
7204,6959,6743
7205,7124,7014
7206,6766,3084
7207,805,635
7208,7194,3972
7209,7158,1579
7210,4406,2678
7211,7002,1586
7212,299,186
7213,334,258
7214,4295,4279
7215,5475,705
7216,4898,416
7217,7088,3995
7218,5617,5074
7219,6881,6772
7220,3669,1206
7221,2943,2836
7222,5601,1787
7223,7050,1602
7224,4343,4305
7225,6742,4553
7226,7034,4597
7227,5577,3832
7228,7009,629
7229,6945,6922
7230,6711,5793
7231,6783,5689
7232,7041,6568
7233,3402,3322
7234,3803,3024
7235,5145,2743
7236,7200,7001
7237,4337,3876
7238,4813,4677
7239,5849,5602
7240,6678,4259
7241,7168,3775
7242,7209,5425
7243,5900,5797
7244,1923,1648
7245,6983,423
7246,7208,2160
7247,4899,2324
7248,7150,7121
7249,6956,6841
7250,2637,2088
7251,7178,5508
7252,7080,2112
7253,5194,3818
7254,7201,6919
7255,7136,6400
7256,7246,7055
7257,3021,129
7258,6969,2880
7259,7256,7130
7260,6750,2150
7261,7219,2866
7262,6875,1417
7263,7053,4482
7264,7084,2485
7265,6646,3638
7266,7236,7197
7267,6906,400
7268,7254,2978
7269,5895,1932
7270,6832,2096
7271,7042,3128
7272,4030,2197
7273,6936,4127
7274,7169,15
7275,7111,7031
7276,7163,4225
7277,7079,5224
7278,5637,1532
7279,3653,476
7280,7175,7135
7281,6937,5809
7282,6676,4767
7283,1435,1028
7284,4160,3231
7285,5910,1466
7286,7138,7091
7287,4499,3821
7288,4691,3311
7289,7251,7195
7290,5365,2078
7291,7060,3622
7292,6776,1350
7293,5387,3642
7294,7233,2827
7295,7266,6781
7296,6972,593
7297,5233,4219
7298,7264,2646
7299,7204,28
7300,7174,6699
7301,6801,784
7302,2602,1044
7303,7074,5279
7304,6976,1422
7305,5692,1358
7306,5691,1827
7307,5533,1149
7308,6930,3347
7309,1348,350
7310,7073,2608
7311,5848,4235
7312,6836,1645
7313,7046,4468
7314,7268,7101
7315,3165,2760
7316,4675,3532
7317,6855,280
7318,7242,2798
7319,4600,1408
7320,7011,1824
7321,7205,7142
7322,7211,5777
7323,7110,5706
7324,3824,2993
7325,6921,6898
7326,7223,7107
7327,7180,6670
7328,7318,739
7329,3170,1656
7330,6928,1127
7331,6985,1860
7332,6868,6607
7333,7280,3859
7334,7289,5407
7335,4543,2881
7336,7231,7128
7337,5065,4253
7338,7199,1560
7339,3155,2372
7340,6981,862
7341,7258,7078
7342,7146,272
7343,7155,3049
7344,5731,1748
7345,4985,4583
7346,2757,1108
7347,7295,7122
7348,4911,1624
7349,7140,2812
7350,7003,6973
7351,6950,1473
7352,7259,7037
7353,7089,3232
7354,7170,1761
7355,7273,1885
7356,7105,5286
7357,7338,4703
7358,7328,4345
7359,7312,2408
7360,7245,7006
7361,6682,4973
7362,7126,6944
7363,7062,3778
7364,6960,1164
7365,6963,452
7366,6949,3835
7367,7314,1904
7368,4932,4294
7369,7291,5803
7370,5961,4839
7371,7248,3624
7372,5877,1429
7373,7296,4037
7374,7352,5488
7375,7075,6884
7376,7358,3984
7377,6860,6837
7378,7282,4641
7379,7067,6794
7380,7367,3009
7381,7129,4239
7382,7347,7086
7383,3397,3161
7384,6934,2493
7385,5008,4437
7386,7125,791
7387,6974,2509
7388,7059,6811
7389,7172,4768
7390,3895,1613
7391,5945,5778
7392,7357,6747
7393,5563,331
7394,7380,3348
7395,7308,4292
7396,6961,5397
7397,7355,7334
7398,7173,4461
7399,3705,468
7400,7374,7333
7401,7104,1062
7402,7250,2300
7403,7394,4410
7404,6872,4261
7405,7300,7263
7406,4258,3751
7407,7232,1237
7408,6954,837
7409,7252,5980
7410,6891,5155
7411,7343,5712
7412,7023,3073
7413,7160,5195
7414,7382,7179
7415,7376,7171
7416,7159,7123
7417,7132,3892
7418,7131,4416
7419,7298,1925
7420,5590,395
7421,7403,1510
7422,4400,4026
7423,7277,6993
7424,6917,2136
7425,3735,2635
7426,4726,3052
7427,7040,7030
7428,4504,4325
7429,7141,6753
7430,7392,1214
7431,7118,6560
7432,6290,2837
7433,7241,3499
7434,7411,7369
7435,6852,1454
7436,1274,1067
7437,7225,3728
7438,7421,7274
7439,1376,923
7440,7271,3887
7441,7302,6701
7442,7229,7148
7443,7066,1679
7444,7299,122
7445,5294,916
7446,5670,975
7447,7154,5266
7448,3618,1891
7449,6865,2458
7450,7056,4467
7451,7400,5958
7452,6952,2738
7453,5356,5124
7454,7414,2781
7455,3764,1209
7456,2152,1580
7457,7438,7371
7458,4560,565
7459,984,70
7460,6962,4572
7461,6344,143
7462,3354,3122
7463,7240,7226
7464,6511,223
7465,7454,6683
7466,5268,3006
7467,7397,5378
7468,7415,3665
7469,7401,5429
7470,4695,3702
7471,4133,3812
7472,7202,5957
7473,7151,1156
7474,7119,4984
7475,5162,4587
7476,5432,5234
7477,7378,7007
7478,7467,5056
7479,6908,6
7480,6843,4251
7481,7465,7391
7482,5002,3978
7483,7106,2310
7484,2248,1452
7485,7451,662
7486,7005,5390
7487,7261,6871
7488,7434,7356
7489,7320,4577
7490,7187,7051
7491,7102,5315
7492,7305,346
7493,7418,473
7494,7099,1217
7495,7419,1111
7496,7468,1976
7497,7284,4699
7498,5566,2258
7499,4095,4079
7500,7198,4535
7501,7485,7196
7502,7469,4686
7503,7260,6902
7504,6964,4221
7505,1551,1002
7506,7332,7061
7507,7478,7301
7508,7026,2895
7509,5211,2996
7510,7218,5660
7511,5538,1362
7512,7227,3797
7513,7216,4376
7514,7276,5340
7515,7234,3657
7516,7120,2405
7517,5975,1279
7518,5487,5192
7519,7501,7293
7520,7412,6873
7521,7349,2926
7522,7082,196
7523,7322,7321
7524,7496,3631
7525,7483,776
7526,7457,7389
7527,7424,1507
7528,7139,572
7529,7354,6834
7530,7430,789
7531,7519,5771
7532,7481,5594
7533,5164,4497
7534,7524,7188
7535,1870,1562
7536,7364,7326
7537,7336,1353
7538,7117,972
7539,7475,6870
7540,7407,1471
7541,7531,7262
7542,7507,6861
7543,3932,435
7544,7214,2530
7545,3331,383
7546,7315,579
7547,3913,2006
7548,7222,424
7549,3858,3251
7550,4735,2677
7551,7526,7390
7552,5965,4330
7553,7309,3432
7554,5759,4451
7555,7409,7372
7556,7048,1104
7557,7534,5450
7558,7215,2594
7559,6893,2643
7560,3615,1914
7561,7444,7190
7562,2311,95
7563,7203,4766
7564,5903,1128
7565,5815,4213
7566,7541,7495
7567,5118,716
7568,4412,1955
7569,4923,4874
7570,7013,2711
7571,5016,446
7572,7417,7133
7573,7494,7303
7574,5589,610
7575,7439,5455
7576,7530,7093
7577,5201,249
7578,7489,4174
7579,7359,5517
7580,7097,5000
7581,7431,7235
7582,3917,266
7583,7323,5927
7584,5028,3877
7585,7342,161
7586,7286,2260
7587,7551,1681
7588,7385,7275
7589,5720,3202
7590,4443,2535
7591,7471,7221
7592,7353,5843
7593,7294,3875
7594,7330,1033
7595,7557,7341
7596,7319,529
7597,7384,4728
7598,1729,191
7599,1402,365
7600,7217,4727
7601,3376,3016
7602,7387,1878
7603,7566,5066
7604,7587,5267
7605,7377,358
7606,4177,1543
7607,7405,7114
7608,7287,2207
7609,7542,7278
7610,7555,7257
7611,7576,7459
7612,7604,915
7613,7532,7249
7614,7515,6847
7615,7544,4212
7616,7547,5196
7617,2825,2593
7618,7609,7509
7619,7612,7570
7620,4455,4092
7621,149,10
7622,7423,3730
7623,1614,1269
7624,1913,1085
7625,2379,2286
7626,7603,5327
7627,7373,3082
7628,3594,412
7629,3985,3218
7630,7447,639
7631,7281,7100
7632,7563,7502
7633,3182,2641
7634,7448,5047
7635,7626,1322
7636,4858,3613
7637,7339,2098
7638,3339,1739
7639,5283,1826
7640,7220,4278
7641,6626,5711
7642,4352,4065
7643,7350,7304
7644,7619,5531
7645,5868,3792
7646,7094,547
7647,4448,2459
7648,7635,2148
7649,1370,407
7650,7600,7440
7651,4922,933
7652,3162,1460
7653,7648,7488
7654,7325,2590
7655,5964,5860
7656,7166,3044
7657,7503,7270
7658,316,306
7659,7267,7210
7660,3651,256
7661,7279,2467
7662,7413,4693
7663,4179,1378
7664,7644,5235
7665,7643,7442
7666,7182,273
7667,4085,1912
7668,7618,5449
7669,7613,7450
7670,1686,363
7671,7559,1076
7672,7472,2572
7673,7212,351
7674,7460,1548
7675,993,765
7676,5622,4022
7677,7445,7386
7678,7611,7540
7679,7656,4606
7680,7446,5367
7681,5442,2634
7682,5933,5440
7683,7573,979
7684,4203,3078
7685,7346,7144
7686,7664,7340
7687,6918,236
7688,7435,7206
7689,7324,475
7690,7607,7493
7691,7463,5773
7692,5280,5058
7693,7561,7473
7694,7508,2691
7695,7668,1590
7696,5026,3505
7697,7578,4803
7698,7500,7054
7699,4936,3275
7700,7539,1116
7701,7307,7269
7702,7238,4458
7703,7669,7610
7704,1247,790
7705,7703,7672
7706,7230,5873
7707,7164,5971
7708,4836,3483
7709,7477,1113
7710,466,313
7711,5276,2921
7712,5524,2069
7713,7193,2470
7714,4994,1634
7715,7098,268
7716,7228,3127
7717,5861,2139
7718,7686,2854
7719,7520,1651
7720,1394,434
7721,7224,5316
7722,7161,7096
7723,7527,7517
7724,1359,843
7725,7063,133
7726,7213,7186
7727,7523,5894
7728,7470,7360
7729,7255,848
7730,5701,2714
7731,7363,25
7732,7311,2034
7733,6991,5864
7734,7631,91
7735,3409,2947
7736,5126,2995
7737,5190,3289
7738,7361,1983
7739,5833,1257
7740,7678,7677
7741,7548,2141
7742,7698,7695
7743,4761,1568
7744,7366,694
7745,1437,1210
7746,7521,2829
7747,7443,1170
7748,7605,949
7749,7427,263
7750,7288,7265
7751,7606,5317
7752,7348,6807
7753,5311,1118
7754,7456,7437
7755,4271,3948
7756,7705,5872
7757,5960,5688
7758,2557,2510
7759,3750,3428
7760,7584,943
7761,3020,2075
7762,7756,5404
7763,7718,7368
7764,3074,849
7765,4178,2885
7766,7653,1859
7767,7685,2615
7768,7595,1818
7769,7556,1319
7770,7766,1666
7771,2079,1414
7772,7740,940
7773,7536,1032
7774,7763,4681
7775,185,67
7776,7762,5076
7777,6996,4519
7778,7550,4019
7779,7768,796
7780,7388,2673
7781,7772,3104
7782,7297,2213
7783,4882,1250
7784,4957,4217
7785,7781,1211
7786,4576,1811
7787,7598,1839
7788,7474,2414
7789,7779,7774
7790,7185,4801
7791,4018,361
7792,4220,1312
7793,4744,203
7794,7379,1340
7795,1494,175
7796,7290,4534
7797,7770,2495
7798,7785,7665
7799,7497,803
7800,4395,248
7801,7016,3873
7802,7727,1559
7803,4792,1395
7804,7588,7449
7805,7402,601
7806,7728,7316
7807,5482,2411
7808,7583,5523
7809,7070,3632
7810,7797,7560
7811,176,31
7812,3964,2313
7813,7441,3462
7814,6900,2251
7815,7416,1122
7816,4403,781
7817,2465,2215
7818,7670,7630
7819,7733,1701
7820,7514,4241
7821,7650,7487
7822,274,205
7823,7498,686
7824,7674,7429
7825,7632,2945
7826,7742,3884
7827,7362,2228
7828,7810,7535
7829,7453,3515
7830,3404,1571
7831,7637,7627
7832,5185,3224
7833,5363,1456
7834,457,56
7835,7581,134
7836,7776,7625
7837,7828,2371
7838,2671,1927
7839,2278,1709
7840,7709,2712
7841,7657,2091
7842,7837,1022
7843,3536,1611
7844,7683,7628
7845,4283,3500
7846,3762,137
7847,7589,5844
7848,7723,7579
7849,5800,3168
7850,5922,2961
7851,7662,5274
7852,3822,3661
7853,5085,213
7854,4764,3386
7855,7842,7655
7856,7693,1768
7857,2788,2543
7858,3729,232
7859,4933,1339
7860,7773,1965
7861,7761,7554
7862,5168,598
7863,7622,7375
7864,7855,2107
7865,7572,2970
7866,7327,2220
7867,1622,1075
7868,7614,7351
7869,7659,1313
7870,1587,496
7871,7365,254
7872,7836,7680
7873,7176,4658
7874,7821,3544
7875,7804,6998
7876,7864,4578
7877,7335,4517
7878,7654,3791
7879,7789,7331
7880,7147,3248
7881,3991,2189
7882,7826,7755
7883,5954,5867
7884,7525,7404
7885,4682,1556
7886,7506,7486
7887,5007,750
7888,3925,1388
7889,7719,7702
7890,4086,3896
7891,7283,1285
7892,7537,104
7893,7820,5151
7894,7433,6236
7895,7552,2456
7896,4716,3847
7897,3392,3158
7898,7504,7420
7899,7708,13
7900,7529,7306
7901,7713,7432
7902,7398,7381
7903,5807,4549
7904,7751,2542
7905,7729,1697
7906,5558,3342
7907,7716,7638
7908,7882,194
7909,7794,1410
7910,7597,2354
7911,5583,426
7912,7860,4777
7913,7802,2436
7914,7884,7856
7915,7247,1365
7916,7874,7815
7917,3389,304
7918,7901,541
7919,7847,7691
7920,7586,5423
7921,7617,4717
7922,7808,7452
7923,7908,4736
7924,7410,3270
7925,4000,3501
7926,7798,517
7927,4424,1441
7928,2551,1119
7929,5782,1175
7930,7769,1129
7931,7749,109
7932,4540,2665
7933,7748,3865
7934,7746,7399
7935,7848,7624
7936,7903,4163
7937,7923,7876
7938,7818,1327
7939,7881,7788
7940,4275,1409
7941,7841,7722
7942,5963,5587
7943,7688,7395
7944,7137,2210
7945,178,84
7946,7840,7575
7947,4148,303
7948,1810,283
7949,7813,5349
7950,5428,2476
7951,7569,3437
7952,7479,493
7953,2188,1324
7954,1691,1030
7955,5976,2633
7956,7879,2847
7957,5902,1061
7958,481,87
7959,451,130
7960,7591,3682
7961,7640,6592
7962,7741,7484
7963,504,319
7964,7183,2266
7965,5822,3017
7966,3215,2529
7967,7931,3744
7968,5068,415
7969,7721,4005
7970,5075,3795
7971,7717,7546
7972,4320,3316
7973,7706,3480
7974,5669,3318
7975,7846,3709
7976,4332,836
7977,7651,7574
7978,7715,2720
7979,7426,4199
7980,7615,7253
7981,7593,4992
7982,7476,4098
7983,7825,746
7984,4411,2965
7985,7867,7787
7986,7814,7608
7987,5049,1134
7988,5770,4495
7989,7671,7602
7990,7700,4531
7991,3774,1973
7992,7892,7872
7993,7956,4608
7994,7492,1795
7995,7935,7641
7996,4114,2237
7997,5875,2376
7998,7863,7851
7999,7930,1677
8000,3396,3007
8001,7993,7912
8002,7734,5419
8003,3039,1872
8004,7666,1655
8005,7699,3035
8006,7807,155
8007,7594,5700
8008,7673,1950
8009,1952,1625
8010,5890,5537
8011,7875,7645
8012,7831,7730
8013,7553,1181
8014,7937,659
8015,7568,7337
8016,7941,1120
8017,7926,4709
8018,7865,7512
8019,7370,114
8020,7313,5091
8021,7801,7191
8022,7393,5052
8023,7344,1740
8024,7827,1323
8025,7835,5685
8026,4988,4977
8027,7992,2082
8028,7780,2050
8029,944,800
8030,7184,5291
8031,5743,4769
8032,8017,540
8033,7938,7905
8034,7767,6764
8035,5163,1704
8036,3663,624
8037,7983,7914
8038,7844,510
8039,7970,7868
8040,7422,4107
8041,7689,2848
8042,7921,655
8043,7823,7285
8044,7902,7690
8045,7900,2348
8046,7977,7580
8047,2072,772
8048,7585,1572
8049,7962,7739
8050,4756,4110
8051,7731,5757
8052,2785,227
8053,8027,5106
8054,480,233
8055,5675,1502
8056,3256,3062
8057,7861,3230
8058,8033,7480
8059,7738,2327
8060,8044,7707
8061,7765,2303
8062,7975,1833
8063,7946,7920
8064,7990,7918
8065,4432,878
8066,5634,3325
8067,7649,1346
8068,1875,296
8069,7687,4016
8070,8001,1184
8071,7829,4935
8072,7720,3806
8073,4718,3277
8074,3625,2753
8075,7904,7406
8076,7675,7292
8077,5665,4574
8078,5607,3947
8079,4324,1066
8080,4616,1453
8081,7676,3383
8082,7436,7239
8083,4500,2597
8084,8032,7558
8085,8016,2023
8086,8038,7909
8087,3855,3811
8088,1749,411
8089,7793,5105
8090,467,322
8091,7621,348
8092,7661,7528
8093,7745,1167
8094,5330,139
8095,8014,2385
8096,7513,7491
8097,7967,3050
8098,7505,5277
8099,8053,7620
8100,6469,4062
8101,8095,7759
8102,7998,7843
8103,8070,444
8104,7750,7694
8105,7889,7592
8106,8007,7878
8107,7913,1146
8108,7754,3852
8109,8103,4706
8110,7461,1
8111,7969,928
8112,2896,2254
8113,7747,5972
8114,7599,7510
8115,7943,4692
8116,7981,7907
8117,8013,2867
8118,7816,865
8119,2883,297
8120,5870,2457
8121,7681,3464
8122,7764,4124
8123,7744,3509
8124,8109,909
8125,7886,3727
8126,8084,606
8127,5733,966
8128,8099,3293
8129,5855,4513
8130,461,406
8131,7924,2771
8132,8128,7243
8133,8046,7819
8134,717,528
8135,2907,1016
8136,7697,4802
8137,8126,7726
8138,5444,110
8139,7895,5023
8140,8107,5592
8141,8124,7995
8142,5246,995
8143,5859,2169
8144,7849,7428
8145,7652,3054
8146,7629,2688
8147,4365,3086
8148,7778,2761
8149,8097,7893
8150,7877,4798
8151,3837,2656
8152,8025,7947
8153,8045,1714
8154,8019,4336
8155,8132,4856
8156,7917,1776
8157,3725,3081
8158,3952,2252
8159,7979,7458
8160,7499,3578
8161,8063,2705
8162,1361,1238
8163,7871,7156
8164,7108,5754
8165,8018,604
8166,8137,1396
8167,6958,1380
8168,7933,7736
8169,4825,3048
8170,5471,4883
8171,5955,2745
8172,8101,1461
8173,3350,3305
8174,8141,7971
8175,7939,7919
8176,7887,5405
8177,8172,7997
8178,8140,1897
8179,7696,5823
8180,8174,2462
8181,7955,1508
8182,441,341
8183,8139,5528
8184,5499,1014
8185,8177,8092
8186,7964,7490
8187,2486,1563
8188,387,144
8189,7786,3575
8190,8004,7858
8191,8060,8020
8192,7549,5437
8193,8180,3953
8194,3494,1499
8195,3418,1600
8196,3296,1832
8197,7516,4896
8198,8051,524
8199,5738,1194
8200,2446,2009
8201,2990,1391
8202,7799,4477
8203,7869,5130
8204,8185,7922
8205,7796,1516
8206,7068,586
8207,7852,5323
8208,7425,1939
8209,8193,8135
8210,2478,1354
8211,5154,2390
8212,3898,751
8213,8064,4511
8214,7701,1665
8215,3058,234
8216,3767,1793
8217,1638,602
8218,3235,7
8219,8166,3801
8220,8155,1626
8221,8042,1445
8222,7310,1381
8223,8220,8113
8224,8204,8123
8225,7660,7317
8226,5937,5893
8227,3336,2810
8228,8209,8086
8229,7803,1160
8230,7980,3417
8231,211,111
8232,8224,4814
8233,7989,7616
8234,7934,7533
8235,5850,5571
8236,8039,1403
8237,7812,5305
8238,8232,904
8239,7329,5970
8240,4319,3591
8241,7986,1159
8242,7543,5494
8243,8085,8028
8244,7973,7455
8245,7545,1515
8246,8133,8011
8247,7704,2933
8248,8219,38
8249,8178,7511
8250,8191,8040
8251,8114,7916
8252,7833,1263
8253,8153,8023
8254,8002,2625
8255,8248,990
8256,7679,4419
8257,8238,190
8258,8106,7954
8259,8257,8055
8260,8081,3931
8261,3433,3154
8262,8150,7408
8263,6967,4038
8264,8059,7596
8265,8255,1050
8266,8102,605
8267,7682,4061
8268,8146,1472
8269,3710,1763
8270,2489,1642
8271,8058,7482
8272,8104,2726
8273,8022,2889
8274,1721,1183
8275,7988,3621
8276,4664,3115
8277,7806,7805
8278,8259,5054
8279,7714,5013
8280,7396,4104
8281,7862,7538
8282,8214,8043
8283,7994,7932
8284,1008,58
8285,4634,3126
8286,8071,7885
8287,7800,1936
8288,8037,4737
8289,4214,157
8290,8278,8266
8291,5920,4725
8292,8256,8175
8293,7562,4952
8294,8246,8223
8295,8108,1351
8296,5836,5063
8297,3227,93
8298,8265,1694
8299,8029,5985
8300,8230,3431
8301,7978,7857
8302,8165,3452
8303,8247,8118
8304,506,436
8305,8012,5716
8306,8121,7464
8307,7898,3787
8308,7157,2716
8309,8290,8075
8310,8034,4342
8311,7737,2125
8312,3697,1796
8313,3303,142
8314,8168,187
8315,7950,5245
8316,8136,8111
8317,8076,5336
8318,7771,4816
8319,8115,5092
8320,8298,4907
8321,8251,2750
8322,7929,692
8323,5057,2739
8324,7522,24
8325,3616,1863
8326,8309,3611
8327,8197,7633
8328,7915,2295
8329,8024,1314
8330,8320,743
8331,7961,5501
8332,8122,4243
8333,7795,7345
8334,8179,3602
8335,8258,8228
8336,8295,2033
8337,8105,8087
8338,8026,982
8339,8067,2068
8340,165,30
8341,7927,4069
8342,8330,1305
8343,1191,588
8344,3419,2767
8345,8338,8288
8346,5724,5426
8347,8192,7782
8348,7634,3639
8349,5698,288
8350,8302,2707
8351,5790,5257
8352,4149,1355
8353,8326,734
8354,7910,328
8355,2146,2127
8356,8149,8021
8357,8221,8161
8358,8213,7758
8359,5435,2856
8360,7928,4781
8361,2165,1569
8362,7880,3011
8363,8198,3531
8364,8264,710
8365,2406,1706
8366,8335,1426
8367,7999,1493
8368,4483,373
8369,1670,1561
8370,3055,2853
8371,8253,8249
8372,8366,8162
8373,4573,454
8374,8321,824
8375,8294,8202
8376,4779,1155
8377,8151,4778
8378,8353,8159
8379,8372,2247
8380,8203,448
8381,1316,325
8382,8342,874
8383,3756,1802
8384,5392,1244
8385,7976,1862
8386,347,327
8387,5039,3788
8388,8336,8116
8389,5107,4759
8390,418,63
8391,7866,4238
8392,5053,4268
8393,7809,3736
8394,1942,419
8395,8345,685
8396,8276,5022
8397,8009,5138
8398,2417,1841
8399,8378,562
8400,8319,8236
8401,8379,4632
8402,2503,1581
8403,7639,5446
8404,8272,7911
8405,5129,5037
8406,8176,7984
8407,8250,7571
8408,8375,712
8409,5626,1233
8410,4712,4533
8411,8041,377
8412,8079,166
8413,8229,8072
8414,3974,3063
8415,8408,8181
8416,7985,7850
8417,8322,4194
8418,7873,4049
8419,8399,5575
8420,4075,3992
8421,1385,1189
8422,8419,1152
8423,8350,8035
8424,8357,8093
8425,8374,1658
8426,8243,8074
8427,8052,3882
8428,5863,302
8429,5776,5753
8430,8314,7582
8431,5905,5862
8432,7965,2226
8433,8170,2644
8434,8186,1741
8435,8260,8120
8436,4254,3951
8437,8415,2116
8438,8422,8316
8439,8189,8065
8440,7896,7760
8441,8437,8096
8442,8401,8282
8443,5547,4423
8444,8358,8216
8445,3699,2835
8446,3874,1784
8447,7839,1599
8448,3204,2110
8449,8208,3649
8450,1641,672
8451,7752,4794
8452,4586,3038
8453,8156,2863
8454,8425,8047
8455,2657,1728
8456,8407,4389
8457,7790,2
8458,3871,3580
8459,8441,5379
8460,5623,924
8461,8397,7949
8462,7894,2570
8463,5300,3880
8464,2167,39
8465,3471,3351
8466,5912,3949
8467,2156,1774
8468,4385,1852
8469,8145,1451
8470,4139,2345
8471,8271,7845
8472,2346,2020
8473,4384,3849
8474,8138,4943
8475,7777,3667
8476,8406,1317
8477,4934,3367
8478,8263,8057
8479,8438,7936
8480,5944,5644
8481,5402,3983
8482,3851,8
8483,8339,856
8484,8395,1766
8485,7383,3151
8486,5010,3278
8487,8301,4622
8488,5666,3579
8489,8442,936
8490,8424,8382
8491,5561,217
8492,8489,846
8493,5609,2386
8494,8459,4421
8495,8329,7906
8496,7945,499
8497,8056,5103
8498,7577,2864
8499,5598,4002
8500,8327,8050
8501,7968,148
8502,8492,2094
8503,1431,701
8504,8333,3481
8505,7982,5348
8506,8502,1995
8507,8479,8061
8508,7987,3460
8509,4657,2773
8510,5495,4928
8511,8356,5112
8512,8506,1786
8513,8233,2084
8514,8212,4919
8515,8303,2599
8516,8237,2652
8517,8292,1064
8518,8461,7817
8519,8507,8226
8520,2357,2245
8521,8494,3071
8522,8512,761
8523,8281,983
8524,5319,1182
8525,8522,669
8526,7244,4618
8527,8519,8300
8528,4940,2087
8529,8310,3130
8530,7732,2219
8531,8418,8152
8532,8434,1682
8533,8241,2157
8534,8252,8184
8535,8082,8049
8536,5229,5069
8537,8523,8521
8538,7952,92
8539,8003,7783
8540,4493,269
8541,8199,6957
8542,8462,4274
8543,2973,1855
8544,8525,7940
8545,8527,7647
8546,2872,1963
8547,7944,2040
8548,7824,4602
8549,8125,8100
8550,8110,8048
8551,5645,3808
8552,8363,4333
8553,5854,3981
8554,8380,8183
8555,3829,336
8556,8163,4524
8557,8528,1019
8558,8545,8404
8559,8549,5302
8560,1986,779
8561,4673,1689
8562,2960,1145
8563,8391,2039
8564,5921,2298
8565,7991,7883
8566,8426,2669
8567,5353,240
8568,8364,7784
8569,4032,2131
8570,4623,989
8571,5238,209
8572,8423,8234
8573,8447,1221
8574,7724,2046
8575,7667,4140
8576,7711,3771
8577,8222,5072
8578,8466,5516
8579,8164,1094
8580,5915,4017
8581,5527,2042
8582,5663,2782
8583,8544,553
8584,2787,1521
8585,7775,1700
8586,8454,5514
8587,1690,1267
8588,8413,1117
8589,8388,2319
8590,5608,1009
8591,8005,4548
8592,4965,4959
8593,8484,988
8594,8277,4700
8595,8583,8444
8596,4887,1054
8597,8206,3976
8598,8558,8483
8599,8360,2090
8600,4997,4570
8601,3291,3206
8602,8537,3645
8603,5400,4961
8604,5826,5671
8605,8367,8284
8606,8471,7743
8607,3102,2496
8608,8593,977
8609,7948,3813
8610,7646,5132
8611,8098,691
8612,3393,3226
8613,3014,2045
8614,7564,4701
8615,8532,1442
8616,8227,4425
8617,8602,1328
8618,1957,1459
8619,8595,8534
8620,8254,8117
8621,7565,2701
8622,2577,2223
8623,4924,4650
8624,5749,1310
8625,8490,4751
8626,8354,768
8627,8511,8377
8628,7959,1934
8629,8456,5479
8630,8385,1594
8631,5814,1895
8632,8134,859
8633,8539,8315
8634,7684,1173
8635,8513,571
8636,8619,8416
8637,8392,4198
8638,7272,3508
8639,8091,422
8640,8119,201
8641,5506,484
8642,8337,1980
8643,8088,2983
8644,8629,8160
8645,8187,1780
8646,4958,4869
8647,8598,740
8648,1628,1151
8649,214,164
8650,8606,8439
8651,5332,3930
8652,4366,1059
8653,8586,8143
8654,2891,2036
8655,8400,3923
8656,1535,1243
8657,1972,576
8658,8625,8608
8659,5015,55
8660,3475,3150
8661,2979,2802
8662,7891,4762
8663,8427,7854
8664,8381,2561
8665,2682,2429
8666,8112,1136
8667,8520,5756
8668,2095,1756
8669,8617,8171
8670,5198,729
8671,8589,8332
8672,8450,1492
8673,4390,4128
8674,5828,1779
8675,8412,2552
8676,8430,1903
8677,7888,1582
8678,8341,8129
8679,8390,52
8680,8323,1549
8681,8244,5839
8682,8642,8073
8683,3398,3308
8684,8533,1021
8685,8283,1592
8686,8131,7207
8687,8273,3262
8688,5825,1072
8689,7792,3201
8690,8389,8127
8691,5709,1005
8692,4873,4568
8693,8647,1945
8694,8669,78
8695,8636,2629
8696,8572,1671
8697,8574,2093
8698,8594,877
8699,2269,719
8700,8694,8318
8701,8627,8089
8702,1609,1558
8703,8469,3233
8704,4967,4561
8705,2636,1922
8706,8693,814
8707,5748,5585
8708,7838,145
8709,8695,5351
8710,8435,1258
8711,4902,2270
8712,8706,4955
8713,8676,474
8714,4452,4398
8715,5120,212
8716,1545,1166
8717,8240,8154
8718,8552,8468
8719,8201,2690
8720,2505,1596
8721,8190,332
8722,3560,3334
8723,8239,7899
8724,3543,1428
8725,8348,3134
8726,8291,241
8727,3881,2186
8728,8700,2799
8729,2858,1147
8730,8205,8200
8731,8440,2312
8732,8712,3839
8733,5982,886
8734,2280,1470
8735,4551,414
8736,7642,3490
8737,7960,2958
8738,4205,3135
8739,8728,8516
8740,2833,2221
8741,5714,3754
8742,8709,5414
8743,3484,2700
8744,8503,2957
8745,8644,333
8746,8615,8475
8747,8573,3890
8748,8488,5673
8749,8495,8306
8750,8068,831
8751,2994,1743
8752,7712,1192
8753,5567,1227
8754,4850,4747
8755,8569,7972
8756,8742,3658
8757,8732,1468
8758,8757,8699
8759,3635,2925
8760,8517,2544
8761,3042,2539
8762,8756,8698
8763,3585,1820
8764,8169,4566
8765,8745,2515
8766,8588,3186
8767,3133,3114
8768,8535,8328
8769,8664,4931
8770,8762,3080
8771,5880,4580
8772,5730,5630
8773,8217,3037
8774,5568,4136
8775,8325,5551
8776,8681,8563
8777,5942,622
8778,8758,8739
8779,8684,2168
8780,8760,8467
8781,8460,822
8782,4772,3776
8783,8279,2413
8784,8653,8398
8785,8597,1109
8786,8671,2409
8787,4299,3620
8788,8491,2263
8789,1226,850
8790,8559,3668
8791,342,80
8792,8554,748
8793,8780,1048
8794,2483,1916
8795,8210,7636
8796,8770,8518
8797,8054,225
8798,8090,430
8799,8305,2600
8800,8289,5094
8801,8317,8062
8802,8449,3288
8803,8515,2920
8804,7567,3701
8805,8655,8312
8806,8778,8682
8807,464,54
8808,5760,3280
8809,8688,8566
8810,8531,4334
8811,7601,3032
8812,8721,32
8813,8784,866
8814,5582,1620
8815,8361,8296
8816,2404,1901
8817,8262,4512
8818,8463,7753
8819,7822,335
8820,5765,3143
8821,8611,3703
8822,5853,5729
8823,8701,8584
8824,7897,5515
8825,3924,643
8826,8542,4206
8827,8548,5604
8828,4617,698
8829,8417,8371
8830,8182,1484
8831,8796,715
8832,8787,2941
8833,8831,1964
8834,5061,2216
8835,8458,4688
8836,5174,2241
8837,8498,1788
8838,8411,2871
8839,8833,8538
8840,7951,5653
8841,8565,3247
8842,3685,2323
8843,8556,8474
8844,4582,2524
8845,1371,459
8846,8362,3364
8847,8448,5572
8848,3889,745
8849,8493,8365
8850,4346,3556
8851,8650,7953
8852,3264,2651
8853,8806,4585
8854,7834,5252
8855,1669,1249
8856,8630,8570
8857,2162,808
8858,5763,4592
8859,8839,8158
8860,5186,1576
8861,8813,4865
8862,4741,1298
8863,8810,7963
8864,8658,523
8865,8765,4082
8866,5796,4780
8867,8859,1363
8868,5219,4746
8869,5805,594
8870,8478,5352
8871,4201,3804
8872,8851,8514
8873,8867,3405
8874,2658,2463
8875,8497,5208
8876,8167,5542
8877,8635,548
8878,8786,657
8879,8878,5161
8880,3147,2537
8881,8861,2727
8882,8148,2953
8883,8873,8579
8884,1309,1215
8885,8299,5060
8886,3274,1762
8887,5597,2969
8888,5055,3716
8889,8547,8010
8890,8196,4453
8891,8747,8373
8892,8883,1966
8893,8568,8510
8894,5741,4694
8895,8710,5399
8896,5947,4404
8897,8799,8006
8898,1933,428
8899,8334,197
8900,8892,888
8901,8582,8311
8902,8446,4624
8903,8500,3423
8904,650,544
8905,8900,8476
8906,8235,5973
8907,8803,1752
8908,8809,1325
8909,8530,5783
8910,8853,4974
8911,4640,1234
8912,8546,8344
8913,1823,1407
8914,8805,8287
8915,8881,8499
8916,8812,8567
8917,8656,4466
8918,5560,3903
8919,8910,2011
8920,8347,1026
8921,8746,8654
8922,5427,4724
8923,4563,2175
8924,8211,5503
8925,8245,7590
8926,8501,3747
8927,8687,5812
8928,8696,2369
8929,8405,4646
8930,8726,4447
8931,8620,81
8932,8905,839
8933,8481,1616
8934,8457,3844
8935,3263,1011
8936,8639,66
8937,8864,2555
8938,8692,4331
8939,8628,8008
8940,3841,1716
8941,8078,2086
8942,8823,8429
8943,8783,5908
8944,1449,381
8945,8827,7735
8946,3850,3335
8947,8487,1785
8948,8793,8776
8949,8908,8877
8950,8932,1546
8951,8409,2439
8952,8662,8036
8953,2187,2080
8954,8792,8668
8955,8685,3582
8956,8618,8274
8957,7832,4895
8958,2533,1531
8959,3993,1003
8960,8895,8816
8961,8393,3863
8962,5529,2265
8963,8937,4556
8964,8919,8677
8965,8928,8766
8966,8872,3706
8967,2349,1854
8968,5832,3287
8969,2253,1287
8970,8749,8675
8971,8865,382
8972,8971,8725
8973,8950,8672
8974,8964,8581
8975,4930,2980
8976,2935,2874
8977,5646,2271
8978,8890,8280
8979,8963,8605
8980,1982,1185
8981,8891,4912
8982,5603,4908
8983,8845,8829
8984,3646,3129
8985,8261,5635
8986,8828,8592
8987,8719,2583
8988,8331,5789
8989,8504,4486
8990,8683,3446
8991,4338,1745
8992,8477,1163
8993,8686,8657
8994,8432,503
8995,8931,5684
8996,955,567
8997,2595,704
8998,3557,224
8999,8000,3476
9000,8956,8550
9001,8225,4510
9002,8974,8914
9003,7958,408
9004,4669,2693
9005,559,558
9006,8666,8268
9007,3190,76
9008,8711,1654
9009,8879,2206
9010,8610,614
9011,8541,8307
9012,8973,1477
9013,8857,1908
9014,9012,1496
9015,5189,5031
9016,985,913
9017,8702,1783
9018,8843,8713
9019,8983,2654
9020,8031,2616
9021,8916,8884
9022,8242,7925
9023,8678,801
9024,9006,8915
9025,1804,1790
9026,4755,4472
9027,8962,8779
9028,5693,4635
9029,7518,2902
9030,8383,8142
9031,8215,2513
9032,8955,2318
9033,1993,1099
9034,1588,208
9035,8882,4655
9036,8431,5520
9037,9019,8752
9038,8907,1207
9039,5217,141
9040,3458,902
9041,8708,1004
9042,3140,2948
9043,9016,9014
9044,4257,1971
9045,8737,613
9046,8704,4970
9047,1369,1280
9048,7663,5271
9049,8285,2601
9050,3121,1889
9051,8396,3700
9052,5200,1711
9053,8960,7757
9054,8529,8195
9055,3524,1759
9056,3533,708
9057,8979,741
9058,8410,4340
9059,8436,3662
9060,8275,7942
9061,8297,1672
9062,4927,1806
9063,8893,8633
9064,8267,4045
9065,9057,136
9066,9002,8835
9067,8308,5804
9068,8717,5562
9069,5490,226
9070,8970,8470
9071,9043,8632
9072,8714,8622
9073,8394,5064
9074,8948,8847
9075,5847,5045
9076,8402,2997
9077,1907,1789
9078,8690,1540
9079,8954,5775
9080,8972,5329
9081,5081,623
9082,9071,8775
9083,9065,2155
9084,7966,1225
9085,8764,8304
9086,8858,4903
9087,8899,8801
9088,8769,8540
9089,147,126
9090,4871,4723
9091,8849,3077
9092,9037,1668
9093,8934,8015
9094,9082,1816
9095,8641,8069
9096,8875,7890
9097,9083,8421
9098,8945,1069
9099,9094,590
9100,8077,3338
9101,7623,3679
9102,9099,2022
9103,7237,2724
9104,8863,8815
9105,8790,4396
9106,8920,8794
9107,8543,2811
9108,1420,427
9109,5167,3117
9110,8293,3266
9111,8718,3424
9112,9009,8980
9113,8614,1803
9114,8351,5632
9115,9102,8902
9116,9070,8703
9117,8433,2227
9118,8724,1097
9119,8080,2851
9120,5835,1715
9121,4804,4267
9122,1352,599
9123,8804,5117
9124,5917,2932
9125,8443,3738
9126,9115,8994
9127,8697,2992
9128,8911,2083
9129,8949,777
9130,5734,1199
9131,8966,942
9132,4248,2801
9133,8995,4215
9134,8942,3956
9135,5633,309
9136,4414,1042
9137,5034,3317
9138,9126,9085
9139,4807,4805
9140,8965,4667
9141,8897,5882
9142,9141,3911
9143,8781,8734
9144,8270,2605
9145,8576,305
9146,9066,8940
9147,8643,180
9148,9092,957
9149,9107,8720
9150,8903,2721
9151,8729,2426
9152,9030,1024
9153,2868,2604
9154,8551,2134
9155,8947,4603
9156,8777,1989
9157,8453,2501
9158,8555,3617
9159,9074,8788
9160,8585,443
9161,4208,378
9162,8741,8616
9163,9146,8580
9164,8869,5752
9165,8870,8428
9166,2422,375
9167,9148,8587
9168,9032,8624
9169,8452,1071
9170,8612,3075
9171,8840,4704
9172,9134,8368
9173,8414,3436
9174,7859,1539
9175,4053,228
9176,8651,5616
9177,1674,177
9178,8689,3962
9179,8802,5301
9180,9079,889
9181,9080,8505
9182,8866,2250
9183,9138,1007
9184,9100,4687
9185,8748,8646
9186,4359,3569
9187,4196,21
9188,8730,2964
9189,8147,1805
9190,3379,102
9191,8768,1798
9192,9183,4812
9193,9131,4880
9194,2106,29
9195,3878,1520
9196,8750,2102
9197,8846,4863
9198,9192,1639
9199,9013,1575
9200,8817,554
9201,9163,2620
9202,8993,8571
9203,8359,2976
9204,8753,8621
9205,8715,3324
9206,9198,5263
9207,9140,8761
9208,9201,825
9209,9206,1427
9210,5507,4409
9211,9209,8951
9212,9208,9025
9213,7192,2717
9214,9036,8844
9215,8485,3752
9216,9211,8837
9217,9181,9015
9218,8909,5742
9219,4809,3239
9220,8727,3493
9221,8557,640
9222,9097,8663
9223,4642,2304
9224,9212,8836
9225,9021,9008
9226,9024,8674
9227,9193,8926
9228,2642,1880
9229,9112,3415
9230,8482,4990
9231,1474,16
9232,9167,1527
9233,9027,1722
9234,9216,1938
9235,9226,5187
9236,8083,2003
9237,2449,2166
9238,9116,9053
9239,5046,324
9240,8376,2153
9241,9105,3941
9242,9234,9038
9243,123,23
9244,8561,8355
9245,9224,812
9246,8754,5213
9247,8821,8680
9248,5135,952
9249,8738,5389
9250,2190,763
9251,4528,4218
9252,9054,8623
9253,8600,1808
9254,8820,4771
9255,9133,8508
9256,9150,7974
9257,4844,827
9258,9222,4676
9259,4775,3726
9260,9172,8591
9261,2123,1318
9262,9155,546
9263,8094,2776
9264,9104,8231
9265,9127,9049
9266,8751,7957
9267,7870,4982
9268,2908,1684
9269,8472,1331
9270,8403,3512
9271,5979,649
9272,8626,4889
9273,5977,1997
9274,1817,1623
9275,8218,4909
9276,9068,8785
9277,8795,5256
9278,5713,1421
9279,1479,538
9280,9258,8976
9281,9242,8922
9282,1848,169
9283,9245,9023
9284,9217,8637
9285,9139,4773
9286,9280,5465
9287,3842,3408
9288,5996,2740
9289,9252,9098
9290,9162,9111
9291,8526,2447
9292,8988,8771
9293,7710,2460
9294,8938,8207
9295,9129,702
9296,9281,1781
9297,9227,5362
9298,9283,3572
9299,9296,8986
9300,4463,2177
9301,9091,3636
9302,9298,9264
9303,2899,2796
9304,8811,293
9305,4966,1929
9306,8575,5463
9307,2289,1483
9308,9299,8856
9309,9225,5227
9310,9235,9039
9311,9310,8921
9312,9050,735
9313,8889,5522
9314,2364,1231
9315,8885,802
9316,8862,5232
9317,9199,9128
9318,9229,4894
9319,9286,8661
9320,9106,2394
9321,9188,3194
9322,9052,3521
9323,3466,3076
9324,8343,2857
9325,9232,8564
9326,9295,8691
9327,4828,3454
9328,9207,8759
9329,2805,326
9330,4620,3987
9331,9308,5443
9332,8957,8596
9333,9331,3593
9334,9333,1667
9335,3327,83
9336,8451,3242
9337,8888,8723
9338,9319,5417
9339,8992,2184
9340,9233,8838
9341,9334,4841
9342,8733,2285
9343,4938,3388
9344,9302,8800
9345,4289,4202
9346,9341,8987
9347,9076,2027
9348,8904,542
9349,5087,1853
9350,9284,5089
9351,5220,925
9352,8927,3576
9353,5676,3853
9354,9149,900
9355,9059,820
9356,3341,2623
9357,9344,1078
9358,8917,8648
9359,9045,970
9360,1241,1088
9361,5095,1998
9362,9159,5335
9363,9346,1161
9364,5621,3414
9365,2901,2525
9366,4795,4745
9367,2695,2384
9368,8638,1475
9369,5410,2109
9370,9363,9309
9371,8978,1695
9372,9160,8981
9373,9168,2171
9374,9260,1864
9375,8952,4152
9376,9191,8667
9377,8740,8599
9378,8860,1190
9379,9142,620
9380,5702,5642
9381,9062,8925
9382,8941,8912
9383,479,195
9384,9262,1528
9385,8464,5299
9386,8601,3328
9387,1921,764
9388,9223,5310
9389,8340,99
9390,8744,5110
9391,9060,8144
9392,5071,3823
9393,8194,1058
9394,9370,706
9395,9303,2299
9396,3426,2203
9397,4121,2655
9398,549,518
9399,8731,5539
9400,920,700
9401,3109,2021
9402,9357,2115
9403,9007,8789
9404,5755,2410
9405,9402,9086
9406,9136,2018
9407,9001,2708
9408,1476,1065
9409,9185,9143
9410,9301,1633
9411,9290,752
9412,9270,5005
9413,9325,8913
9414,4341,2342
9415,9326,8967
9416,3195,3149
9417,992,680
9418,2398,1974
9419,9028,8670
9420,9405,2479
9421,7853,3522
9422,8826,3696
9423,9067,1106
9424,9394,2954
9425,1750,1637
9426,9318,3656
9427,9420,749
9428,9072,8997
9429,1850,1578
9430,9118,1782
9431,9379,3676
9432,9041,8773
9433,216,172
9434,1797,494
9435,9424,1584
9436,9427,9075
9437,8998,1844
9438,9063,3845
9439,9000,8369
9440,9435,683
9441,8716,1525
9442,5641,4211
9443,3640,2950
9444,8420,3570
9445,5690,3223
9446,9362,9157
9447,9393,9297
9448,9436,8894
9449,1685,1595
9450,3368,2563
9451,1412,585
9452,9440,783
9453,9180,660
9454,8959,2900
9455,9338,9147
9456,9452,1264
9457,4307,2224
9458,8944,2931
9459,9289,8603
9460,9263,564
9461,9415,1829
9462,9219,1985
9463,5269,664
9464,9202,758
9465,5573,2355
9466,9426,8609
9467,9276,2859
9468,5578,3583
9469,9200,4848
9470,9413,5513
9471,5249,4503
9472,4545,2475
9473,2481,1636
9474,9456,9078
9475,8834,5416
9476,9455,9373
9477,7692,3295
9478,9328,5131
9479,9446,1232
9480,6827,1360
9481,8818,8798
9482,9124,8649
9483,9447,9361
9484,9103,5273
9485,9475,5239
9486,8562,396
9487,9179,532
9488,9035,8854
9489,9197,8842
9490,9382,9366
9491,3848,1943
9492,8346,960
9493,9474,1610
9494,8722,1294
9495,5735,2689
9496,9466,8848
9497,9018,492
9498,198,125
9499,9275,2500
9500,9256,3647
9501,9376,1012
9502,9241,469
9503,8935,8645
9504,9493,627
9505,9165,9055
9506,9196,2828
9507,9087,2322
9508,9374,9205
9509,7466,830
9510,9431,3216
9511,9448,9182
9512,3489,153
9513,9356,3177
9514,9321,8509
9515,9221,539
9516,9504,4644
9517,9516,9432
9518,4407,4276
9519,5866,2049
9520,9511,1411
9521,8822,2612
9522,8906,887
9523,9096,8030
9524,9265,7830
9525,8445,399
9526,8924,526
9527,2440,2293
9528,9313,113
9529,9409,9088
9530,8352,3272
9531,9236,262
9532,9390,2972
9533,9520,1374
9534,9248,3834
9535,9255,4552
9536,9533,9381
9537,9384,5093
9538,9517,9430
9539,9073,1356
9540,9048,1344
9541,9122,1564
9542,5725,2445
9543,9536,9467
9544,9113,9046
9545,9268,3421
9546,9470,9428
9547,9476,4627
9548,5619,3105
9549,9378,9237
9550,9478,3637
9551,9543,3148
9552,9316,2968
9553,9348,5424
9554,9547,8830
9555,9538,1736
9556,9461,8968
9557,8130,49
9558,9109,9034
9559,9551,2967
9560,9253,276
9561,9559,9247
9562,9304,1800
9563,5829,5654
9564,9312,842
9565,8953,2124
9566,4643,271
9567,9311,9017
9568,8455,2052
9569,9508,3592
9570,9238,2946
9571,9123,5308
9572,9550,9453
9573,9411,9399
9574,9101,9081
9575,9352,9132
9576,9350,5640
9577,1307,667
9578,8936,1719
9579,9561,8782
9580,8958,2627
9581,5986,3571
9582,3265,3112
9583,9108,873
9584,3605,3552
9585,9246,193
9586,8943,8387
9587,9231,1174
9588,9579,2649
9589,9555,4730
9590,9300,8370
9591,9354,3607
9592,9438,709
9593,9554,2842
9594,9593,5339
9595,9250,1373
9596,2370,1612
9597,9292,9040
9598,4242,3713
9599,9218,4169
9600,9135,2028
9601,8880,1077
9602,766,731
9603,5370,3381
9604,9340,1148
9605,9588,4876
9606,3267,2585
9607,9056,3912
9608,9570,9541
9609,9337,8473
9610,9594,8855
9611,5459,3704
9612,8604,1775
9613,9589,2589
9614,9613,899
9615,4595,4207
9616,9125,8774
9617,9156,744
9618,9372,345
9619,4949,320
9620,9605,9406
9621,4852,2927
9622,8560,711
9623,9490,9317
9624,9306,3867
9625,5116,2728
9626,9272,3443
9627,9496,896
9628,9592,9556
9629,8975,8577
9630,5543,4707
9631,9117,3330
9632,9483,3519
9633,9497,2609
9634,9574,581
9635,9614,2807
9636,9457,1702
9637,9569,5431
9638,5544,1726
9639,9635,8868
9640,9254,5924
9641,9528,9501
9642,9620,4541
9643,9546,2912
9644,8984,5216
9645,9610,1278
9646,9645,9507
9647,9267,3664
9648,5662,2076
9649,9572,9529
9650,9642,9144
9651,3444,3271
9652,9320,5526
9653,8929,4621
9654,5992,5990
9655,2850,2024
9656,9407,9153
9657,4815,128
9658,9534,2249
9659,9639,1644
9660,9121,656
9661,8324,1197
9662,9650,8578
9663,9423,8814
9664,1100,352
9665,9659,5467
9666,9637,631
9667,9458,4358
9668,9278,1405
9669,8961,3612
9670,9643,1981
9671,9011,8590
9672,8901,372
9673,9662,3687
9674,9285,795
9675,9627,2268
9676,9444,9371
9677,9488,8989
9678,1130,841
9679,9459,9419
9680,8985,678
9681,8640,3478
9682,2736,2663
9683,9051,338
9684,9386,2588
9685,9673,9171
9686,9119,8313
9687,9500,8918
9688,9064,2441
9689,9502,9239
9690,9567,8982
9691,9410,9151
9692,9665,9398
9693,9670,4639
9694,9408,8486
9695,8939,8797
9696,9623,845
9697,9169,8286
9698,9176,2172
9699,9685,9249
9700,9273,5865
9701,2211,828
9702,4987,1703
9703,9632,893
9704,9692,5259
9705,9699,9666
9706,2755,811
9707,9604,9315
9708,9460,9269
9709,9513,8465
9710,3240,3181
9711,9355,1074
9712,9005,4879
9713,9293,5638
9714,5140,4790
9715,932,183
9716,282,127
9717,9061,4833
9718,8772,8269
9719,8991,3439
9720,9530,4851
9721,9661,3249
9722,9704,4660
9723,9322,8876
9724,9693,9130
9725,8743,4494
9726,9703,9487
9727,4449,3138
9728,9722,2424
9729,9690,5887
9730,9421,9158
9731,9479,1538
9732,8977,8841
9733,9728,895
9734,3467,3139
9735,9585,2893
9736,3684,819
9737,9509,9084
9738,5320,3988
9739,4567,4042
9740,9486,5959
9741,9417,9400
9742,9510,3450
9743,9469,1142
9744,9656,3749
9745,9646,9506
9746,2820,918
9747,3116,2421
9748,9733,1203
9749,9729,2723
9750,2101,1000
9751,9731,5846
9752,9261,3008
9753,9608,3843
9754,9215,908
9755,9687,9342
9756,9314,1570
9757,9640,9277
9758,4417,3498
9759,8898,3434
9760,9748,759
9761,9626,9189
9762,9698,315
9763,9004,2576
9764,9760,730
9765,9332,630
9766,295,69
9767,9745,775
9768,9705,5341
9769,5681,5674
9770,2952,2764
9771,8705,8384
9772,9751,5658
9773,9764,4171
9774,2065,1847
9775,2013,1080
9776,9573,9026
9777,9773,511
9778,3355,3059
9779,3410,3337
9780,9753,9449
9781,3026,2660
9782,9609,9576
9783,3883,1799
9784,9767,5123
9785,9768,637
9786,3879,3587
9787,9164,5627
9788,8524,1047
9789,9377,8536
9790,9583,9358
9791,9114,2209
9792,9628,747
9793,9442,1915
9794,8930,3028
9795,9749,9524
9796,2949,2538
9797,9505,2431
9798,9784,5188
9799,9649,9044
9800,9203,2037
9801,9480,607
9802,9537,9347
9803,9564,9388
9804,9414,3118
9805,9675,9560
9806,5744,3344
9807,159,36
9808,9336,9178
9809,9777,2433
9810,3237,3107
9811,4656,3012
9812,9568,2236
9813,9799,9532
9814,9724,804
9815,9726,9437
9816,9809,5792
9817,9667,1500
9818,9785,5033
9819,9816,1364
9820,9535,2389
9821,5728,356
9822,9819,9552
9823,9031,1081
9824,4721,2939
9825,4708,4445
9826,9814,9033
9827,9742,9220
9828,9288,9244
9829,9798,688
9830,9152,9047
9831,5758,1343
9832,9818,1920
9833,9822,2235
9834,9833,1092
9835,5656,1286
9836,2117,673
9837,9375,4615
9838,5408,374
9839,9795,9485
9840,5745,2763
9841,9834,792
9842,9841,4516
9843,9830,5819
9844,9677,2453
9845,9020,2882
9846,9214,1807
9847,9842,9641
9848,9679,5774
9849,6691,4491
9850,9780,9154
9851,1727,330
9852,9652,2490
9853,9832,4636
9854,9587,619
9855,3973,3551
9856,9782,8673
9857,9644,4748
9858,9663,2569
9859,9617,1918
9860,9723,9022
9861,9145,1440
9862,9853,9655
9863,9772,1541
9864,9862,1822
9865,9792,9527
9866,9829,851
9867,5574,1495
9868,9391,8896
9869,9864,724
9870,9805,9746
9871,9802,2200
9872,9259,2830
9873,8634,912
9874,9482,2904
9875,9869,9850
9876,4991,2631
9877,2770,1958
9878,3906,3584
9879,9562,8755
9880,9713,9671
9881,9494,5295
9882,9558,3096
9883,9771,9195
9884,9689,4102
9885,9815,679
9886,8736,5923
9887,9826,2884
9888,9887,9775
9889,9392,4161
9890,9863,9596
9891,9754,9368
9892,3157,1760
9893,9597,757
9894,355,173
9895,9471,9464
9896,9866,8679
9897,4523,3589
9898,9820,9755
9899,9875,5997
9900,9899,9803
9901,8969,2809
9902,8933,4386
9903,9549,1336
9904,4357,4109
9905,9847,670
9906,9905,9865
9907,9885,9674
9908,9090,1387
9909,9324,3916
9910,5051,806
9911,4684,3535
9912,9683,9190
9913,2684,2578
9914,1289,1055
9915,9870,1724
9916,2779,1744
9917,9839,9515
9918,9403,721
9919,9788,8707
9920,9856,3315
9921,9526,2664
9922,9599,9204
9923,9618,2744
9924,9923,8946
9925,3358,2154
9926,9900,9890
9927,4564,3250
9928,9730,8887
9929,5396,3523
9930,9844,1268
9931,9495,9240
9932,9857,8763
9933,9915,9859
9934,9544,4645
9935,9848,4144
9936,2055,1169
9937,9489,1931
9938,9776,9522
9939,9473,2540
9940,9906,9591
9941,9387,1053
9942,3891,1962
9943,1038,760
9944,9797,9607
9945,9732,9691
9946,9694,9335
9947,9827,9531
9948,9624,4096
9949,9514,2451
9950,9781,3363
9951,2966,818
9952,9369,826
9953,9871,9425
9954,9601,9042
9955,4760,2239
9956,9700,9616
9957,9837,9680
9958,9380,926
9959,9266,5611
9960,9429,3156
9961,9765,4176
9962,8852,4527
9963,9465,2435
9964,2984,1663
9965,9688,816
9966,432,163
9967,9896,969
9968,9940,2358
9969,5536,976
9970,2484,26
9971,5668,2000
9972,9968,2373
9973,2201,1102
9974,9629,1874
9975,9893,5643
9976,9854,9439
9977,9578,9557
9978,9888,5966
9979,9895,9813
9980,9920,5841
9981,9359,3253
9982,1662,482
9983,4885,4629
9984,9967,1975
9985,4808,727
9986,9600,4770
9987,9903,9696
9988,3482,3349
9989,9633,9462
9990,9926,5380
9991,1031,937
9992,2277,1110
9993,9503,8807
9994,9173,3486
9995,9672,1488
9996,8659,1680
9997,9412,7725
9998,9416,8173
9999,9972,520
10000,9719,2734
10001,9990,9186
10002,8825,1664
10003,2122,162
10004,9877,5247
10005,5557,4311
10006,5588,3089
10007,9978,9539
10008,10001,2791
10009,9902,9518
10010,9743,5484
10011,9584,9194
10012,9794,9708
10013,8874,1303
10014,9917,5786
10015,1240,456
10016,9676,4823
10017,10008,914
10018,10017,9351
10019,9984,9823
10020,9787,9636
10021,5556,5021
10022,9586,9499
10023,1935,1485
10024,10018,867
10025,9976,9577
10026,10024,9228
10027,3304,364
10028,3979,3939
10029,9741,882
10030,4626,1326
10031,9999,1899
10032,9619,45
10033,9937,9935
10034,9907,1555
10035,10031,9717
10036,9808,9707
10037,9657,9329
10038,9738,5457
10039,10026,4732
10040,8832,7462
10041,10014,9791
10042,9279,615
10043,9761,1554
10044,1198,140
10045,10035,905
10046,9931,561
10047,9953,5667
10048,1448,1235
10049,9491,844
10050,9664,9553
10051,2730,773
10052,9010,2272
10053,5250,2113
10054,9330,2334
10055,5736,3245
10056,5485,4048
10057,3786,2772
10058,3934,1621
10059,4849,3933
10060,9949,9565
10061,9831,8652
10062,10039,3302
10063,10007,699
10064,9933,1871
10065,10034,2579
10066,9542,2014
10067,10062,1699
10068,3980,533
10069,3430,1717
10070,4900,595
10071,9828,9681
10072,10019,2333
10073,5142,90
10074,9840,5255
10075,9959,9682
10076,3861,1330
10077,9941,3534
10078,927,922
10079,9801,8349
10080,9625,9540
10081,9980,4309
10082,10081,2875
10083,4859,2012
10084,10045,9975
10085,10084,4765
10086,4046,703
10087,10063,1884
10088,5615,2002
10089,9747,1956
10090,10010,9305
10091,10041,2840
10092,4786,4506
10093,2482,881
10094,10085,994
10095,4806,603
10096,4546,3362
10097,9930,9658
10098,9879,3627
10099,9343,4942
10100,10082,2725
10101,10067,9961
10102,10073,9294
10103,9339,4024
10104,9120,1270
10105,9979,3748
10106,5570,2817
10107,9737,3465
10108,10101,1547
10109,2400,2194
10110,4465,4322
10111,5840,3520
10112,9711,3145
10113,9956,9855
10114,10108,1200
10115,5687,417
10116,10054,9947
10117,9909,9651
10118,10094,1245
10119,8850,5184
10120,10114,9757
10121,4998,485
10122,10087,9678
10123,10091,608
10124,10120,4963
10125,9938,3893
10126,10072,884
10127,9957,9898
10128,9807,8819
10129,9581,3352
10130,9981,9881
10131,9836,9712
10132,10022,1550
10133,7996,1153
10134,3040,486
10135,9481,2956
10136,10123,10050
10137,10065,9739
10138,10064,9987
10139,10124,1482
10140,4886,1712
10141,9612,1718
10142,10126,907
10143,9790,9740
10144,10142,9686
10145,10125,10100
10146,2804,2230
10147,10043,9580
10148,10139,666
10149,10148,965
10150,4605,2624
10151,8990,3060
10152,9638,1593
10153,10149,5550
10154,2198,1341
10155,8613,3282
10156,10122,1001
10157,10118,2427
10158,10157,3609
10159,9934,934
10160,4459,4328
10161,10153,4381
10162,10158,2971
10163,2038,560
10164,9353,648
10165,10162,829
10166,10137,1999
10167,5088,3595
10168,10144,707
10169,10161,10136
10170,8066,2977
10171,10165,2808
10172,9563,9451
10173,9912,9566
10174,9389,3176
10175,3106,362
10176,9602,767
10177,10025,1597
10178,9095,8553
10179,9575,1653
10180,9291,4609
10181,10171,9851
10182,10181,9695
10183,10047,9395
10184,10009,9868
10185,10168,1688
10186,9521,431
10187,9858,4557
10188,5476,1996
10189,10029,9812
10190,2288,645
10191,3603,340
10192,10105,9958
10193,8480,5837
10194,10116,5139
10195,2402,1277
10196,4290,2873
10197,9003,3320
10198,10051,9653
10199,9789,3188
10200,10177,9924
10201,9634,4842
10202,9230,105
10203,9210,5672
10204,1849,85
10205,10090,9852
10206,9621,9463
10207,10192,10156
10208,9089,3968
10209,10182,875
10210,9093,1196
10211,9720,3175
10212,9901,9889
10213,9213,289
10214,2053,1954
10215,9735,1738
10216,2173,1089
10217,9287,1723
10218,8824,2713
10219,9668,813
10220,4405,2290
10221,10209,10138
10222,9660,2179
10223,3142,2196
10224,9697,9684
10225,9648,4819
10226,9595,2834
10227,9257,2553
10228,9548,5204
10229,9974,5282
10230,10166,10038
10231,9603,799
10232,10185,5497
10233,10232,4619
10234,9804,1514
10235,9590,1205
10236,10199,8923
10237,10169,2999
10238,9744,2674
10239,9571,4864
10240,9989,4637
10241,9944,5914
10242,10241,5989
10243,9763,2703
10244,10000,9422
10245,10233,10154
10246,9993,1801
10247,9918,2951
10248,10237,1765
10249,10248,2735
10250,4993,2267
10251,5984,2305
10252,3758,3053
10253,10249,2100
10254,9800,1618
10255,10220,9752
10256,9492,2862
10257,10256,9786
10258,5732,2913
10259,9519,5581
10260,10130,3888
10261,10253,10228
10262,10261,5150
10263,8735,967
10264,9793,2397
10265,9861,1583
10266,10230,10077
10267,9137,35
10268,9418,5935
10269,9184,5458
10270,10095,9908
10271,9882,5521
10272,10238,9883
10273,9965,174
10274,9433,3
10275,10262,10004
10276,9884,9058
10277,10179,9846
10278,9845,2915
10279,10020,1640
10280,10279,2428
10281,2261,1882
10282,10187,9910
10283,10194,10180
10284,10275,769
10285,10221,3690
10286,9995,1178
10287,9948,4363
10288,10245,487
10289,9385,3092
10290,9945,2715
10291,9880,9251
10292,9872,522
10293,10285,894
10294,10284,5236
10295,10266,10240
10296,10283,9484
10297,9878,9404
10298,10294,2119
10299,10229,4084
10300,10298,1273
10301,10032,4304
10302,10293,2161
10303,10040,8665
10304,9702,2762
10305,10147,2924
10306,10127,10074
10307,3422,2919
10308,10113,1300
10309,5433,2377
10310,9615,4916
10311,10302,10059
10312,10311,1490
10313,483,301
10314,10300,10098
10315,10036,552
10316,9769,2469
10317,10046,1112
10318,1260,618
10319,2571,537
10320,9892,264
10321,2653,1465
10322,9874,9307
10323,5605,2381
10324,10246,9806
10325,10314,10207
10326,10282,10016
10327,9756,509
10328,4888,3938
10329,10260,5344
10330,9166,2316
10331,3371,823
10332,5816,2283
10333,4356,2031
10334,10291,2359
10335,10312,514
10336,9994,9962
10337,9441,3870
10338,10143,9817
10339,10132,9734
10340,10058,1509
10341,10287,10145
10342,3207,3144
10343,9997,4999
10344,10335,9963
10345,10318,10189
10346,7811,265
10347,9349,2704
10348,4193,2575
10349,9345,1751
10350,10288,1015
10351,10344,868
10352,10215,10176
10353,9161,5987
10354,9873,2212
10355,10103,9919
10356,10013,5215
10357,10351,531
10358,4662,2089
10359,10289,9985
10360,1902,5
10361,2325,2225
10362,10315,9701
10363,10325,10206
10364,10363,857
10365,4740,4532
10366,10357,9843
10367,10290,2292
10368,10203,9922
10369,10201,2839
10370,9932,9860
10371,10254,2748
10372,10183,10071
10373,9849,250
10374,9838,2838
10375,10286,4502
10376,9783,1629
10377,10112,4948
10378,10052,9468
10379,4680,4431
10380,10265,1063
10381,3784,1404
10382,9512,5885
10383,2959,2940
10384,10141,10075
10385,472,206
10386,2591,394
10387,4989,3013
10388,10304,10042
10389,10366,5102
10390,9954,3420
10391,10389,9715
10392,10242,188
10393,9779,3411
10394,9998,9725
10395,9545,1284
10396,4460,4209
10397,10210,9523
10398,10391,10186
10399,10364,634
10400,9824,2648
10401,10350,10097
10402,10030,4515
10403,10005,5704
10404,10354,10033
10405,10349,2870
10406,5682,1335
10407,2617,1143
10408,10398,903
10409,10347,4956
10410,9110,2382
10411,3503,646
10412,5639,1397
10413,10151,9029
10414,9778,4052
10415,2448,999
10416,1732,1731
10417,9946,2442
10418,2987,2814
10419,2159,855
10420,10345,2016
10421,10198,671
10422,10399,3564
10423,10362,3507
10424,5030,447
10425,10408,9991
10426,9631,4579
10427,10376,10023
10428,10422,5382
10429,10066,5891
10430,384,19
10431,9721,2545
10432,10170,2614
10433,10280,10226
10434,10088,4164
10435,1043,515
10436,10184,2062
10437,1261,1176
10438,10306,4501
10439,9925,2205
10440,10272,9647
10441,10401,9891
10442,2813,1960
10443,10425,3513
10444,2001,713
10445,10239,9622
10446,10317,5707
10447,10420,10104
10448,10375,10093
10449,10428,10152
10450,10341,9274
10451,10443,557
10452,10451,10068
10453,10099,4810
10454,10333,9921
10455,2586,2498
10456,10305,3553
10457,9174,1444
10458,8886,5892
10459,10438,2784
10460,10322,9327
10461,10252,684
10462,10334,5951
10463,10449,9992
10464,10463,10089
10465,10452,1208
10466,863,675
10467,1491,1486
10468,2865,2562
10469,10273,3065
10470,10307,3343
10471,311,244
10472,10301,131
10473,10299,3200
10474,10465,5073
10475,10308,10231
10476,8157,2982
10477,9396,4596
10478,10464,3565
10479,10478,3975
10480,10474,10015
10481,10480,10441
10482,9187,3113
10483,10119,653
10484,10450,10378
10485,120,100
10486,10421,10296
10487,10479,5552
10488,10367,9759
10489,10295,2630
10490,10173,1978
10491,10128,9069
10492,2831,2468
10493,10487,2257
10494,8188,329
10495,10200,4661
10496,10373,9282
10497,10448,2491
10498,10224,9774
10499,10489,931
10500,5223,3790
10501,580,536
10502,158,27
10503,10499,10271
10504,10446,9939
10505,9727,1254
10506,10310,10110
10507,10355,10257
10508,9983,2937
10509,10493,810
10510,10327,1673
10511,10509,1469
10512,5307,4195
10513,10263,4817
10514,5337,1836
10515,9928,9472
10516,9977,2697
10517,3807,1683
10518,2067,1524
10519,3326,2399
10520,10217,2396
10521,9450,2765
10522,10247,9630
10523,9943,1887
10524,10490,10397
10525,10409,9971
10526,3604,3577
10527,2048,958
10528,2229,1988
10529,9951,9825
10530,10277,4753
10531,10155,9770
10532,2824,2769
10533,9750,3333
10534,10330,9986
10535,8999,1627
10536,10368,5705
10537,10511,2981
10538,10423,10227
10539,10537,10377
10540,10475,9886
10541,10539,974
10542,3997,1553
10543,10481,10369
10544,10211,9952
10545,10495,10012
10546,10174,10135
10547,9821,3451
10548,10462,10431
10549,391,323
10550,10276,10197
10551,10244,3809
10552,9454,1139
10553,10456,2262
10554,10417,10324
10555,10343,8496
10556,10541,1770
10557,2741,573
10558,5111,521
10559,10264,10219
10560,9796,3737
10561,10212,10121
10562,9736,5659
10563,10102,4649
10564,2004,1248
10565,10390,10255
10566,10404,4526
10567,10556,10433
10568,10146,10060
10569,9669,3857
10570,1873,1271
10571,10392,9364
10572,10303,3528
10573,10434,5932
10574,10196,2128
10575,1896,1713
10576,10445,1228
10577,10533,4287
10578,9758,1049
10579,9955,2737
10580,1501,445
10581,10567,551
10582,10175,4348
10583,5978,1659
10584,10545,9714
10585,10216,3491
10586,1909,1632
10587,10581,10131
10588,9477,3673
10589,10566,10222
10590,10006,737
10591,5221,3688
10592,10476,8660
10593,10106,5519
10594,10339,9170
10595,3301,1846
10596,10484,10436
10597,10269,9434
10598,10587,9606
10599,10588,3445
10600,10598,10503
10601,10268,1753
10602,10504,9936
10603,9916,1687
10604,10172,5334
10605,10278,4249
10606,10411,10092
10607,10515,4862
10608,10316,9762
10609,10553,2025
10610,10096,1725
10611,10160,4229
10612,10529,723
10613,5610,647
10614,10329,636
10615,10337,9443
10616,10037,5381
10617,10385,230
10618,4981,638
10619,10416,4247
10620,10589,10563
10621,10488,10429
10622,10274,366
10623,3485,919
10624,10551,9942
10625,1977,1392
10626,10459,4522
10627,10548,3608
10628,10213,1948
10629,5952,2063
10630,10538,10447
10631,9911,4822
10632,10584,10543
10633,10600,1861
10634,5593,3284
10635,10208,9964
10636,1733,1124
10637,10521,9582
10638,4995,2242
10639,10633,3793
10640,9960,3957
10641,10639,964
10642,10562,10413
10643,10626,10507
10644,10370,2092
10645,10178,221
10646,3166,3005
10647,10632,478
10648,2914,1057
10649,10258,1526
10650,10576,5406
10651,4240,2650
10652,7791,3546
10653,9810,3031
10654,10486,617
10655,3714,3390
10656,10164,798
10657,5926,3733
10658,9498,488
10659,10086,2568
10660,10534,10243
10661,10568,10338
10662,10522,10426
10663,9914,1406
10664,10641,10483
10665,10609,10235
10666,10384,10251
10667,10604,10267
10668,4799,1987
10669,10079,4648
10670,10111,9897
10671,4559,2499
10672,10664,10297
10673,10380,898
10674,3545,755
10675,10647,1135
10676,9969,1157
10677,9397,385
10678,10611,5901
10679,10069,2437
10680,10672,2855
10681,10083,1462
10682,10586,1843
10683,5044,625
10684,3281,1121
10685,1105,689
10686,10159,4653
10687,2330,2217
10688,2675,2208
10689,9525,3766
10690,9811,4428
10691,10505,4145
10692,5795,3833
10693,10190,4853
10694,10666,10602
10695,10616,10455
10696,10675,10352
10697,10218,9360
10698,10510,4698
10699,10544,4593
10700,10561,10205
10701,10680,10427
10702,3199,3000
10703,9367,1506
10704,10379,4713
10705,10701,1900
10706,10571,9988
10707,10706,10371
10708,2916,1650
10709,10453,10332
10710,10516,10011
10711,10070,4742
10712,3840,404
10713,10686,5898
10714,10596,5993
10715,10630,10356
10716,10696,786
10717,10716,809
10718,10466,9876
10719,10501,10319
10720,10631,10550
10721,10460,3463
10722,10673,10432
10723,2869,1255
10724,10705,9365
10725,4868,3693
10726,10473,9598
10727,771,284
10728,3477,3124
10729,10597,2639
10730,5831,2975
10731,9709,9175
10732,10605,10513
10733,10698,1171
10734,10570,9718
10735,10500,5628
10736,10724,10049
10737,10736,10313
10738,10498,9323
10739,2336,2121
10740,9177,1533
10741,10536,10530
10742,10737,2618
10743,359,235
10744,4550,1443
10745,2622,1458
10746,10115,10107
10747,10717,951
10748,10742,1138
10749,10644,1893
10750,10669,10424
10751,10715,10372
10752,10654,939
10753,5946,1036
10754,10535,4980
10755,10236,2274
10756,5798,5532
10757,2598,1447
10758,10621,1517
10759,10532,10134
10760,4153,2520
10761,4232,3927
10762,10444,10388
10763,10526,834
10764,10477,5791
10765,10758,10583
10766,3732,575
10767,10281,2043
10768,10748,1332
10769,10768,10188
10770,10582,10080
10771,10405,3097
10772,2659,1534
10773,10747,10733
10774,10700,4401
10775,10061,2005
10776,4652,4562
10777,10722,10601
10778,2320,1162
10779,10769,5496
10780,10607,5650
10781,10234,4832
10782,2892,1937
10783,10403,4162
10784,1930,1512
10785,10773,2556
10786,10419,720
10787,5962,4071
10788,2307,2275
10789,10779,10594
10790,10650,2777
10791,10414,2696
10792,10418,3864
10793,885,597
10794,959,956
10795,10340,5177
10796,10789,3677
10797,10259,4265
10798,5122,2407
10799,10796,10707
10800,10774,948
10801,10382,5620
10802,10540,10394
10803,10689,10326
10804,3473,349
10805,10250,10163
10806,10497,1056
10807,3866,971
10808,10225,10053
10809,4750,4281
10810,10785,2506
10811,10810,642
10812,9716,9383
10813,10554,10546
10814,10799,633
10815,10814,10643
10816,10671,3461
10817,9445,8607
10818,10677,8791
10819,10811,591
10820,10620,4665
10821,2531,1949
10822,10615,10472
10823,10461,4518
10824,9996,2752
10825,10662,981
10826,10820,3969
10827,10525,2795
10828,10819,10721
10829,1045,455
10830,10765,10439
10831,10815,5462
10832,10751,3001
10833,10828,5157
10834,10714,10458
10835,10574,1432
10836,3370,3091
10837,10831,10708
10838,10645,82
10839,10833,10150
10840,10400,1246
10841,10710,9077
10842,10002,1970
10843,3518,2026
10844,10625,10572
10845,10402,4456
10846,10837,5486
10847,10133,4685
10848,10839,10558
10849,10764,3120
10850,4569,1940
10851,10709,10469
10852,10552,2549
10853,10846,3757
10854,2341,2151
10855,2794,1879
10856,10848,5355
10857,10560,10440
10858,10755,10027
10859,10359,5772
10860,10140,2548
10861,10853,1812
10862,10803,10415
10863,10482,3623
10864,10795,4296
10865,10749,609
10866,10806,10750
10867,10752,4521
10868,10454,945
10869,10861,2195
10870,10869,530
10871,10628,9401
10872,10870,10670
10873,10832,10745
10874,10872,10827
10875,2158,14
10876,10778,574
10877,10520,3901
10878,10699,10559
10879,10703,4633
10880,10874,2667
10881,10880,5312
10882,10383,9611
10883,10856,10223
10884,10734,10057
10885,10881,1767
10886,10270,2073
10887,10867,10777
10888,10834,5879
10889,10826,10109
10890,10771,1172
10891,10885,854
10892,10891,10435
10893,10321,10309
10894,10518,9970
10895,10888,4028
10896,10467,946
10897,10713,890
10898,10892,2452
10899,5314,5086
10900,10395,1866
10901,10844,10575
10902,10725,10393
10903,10692,10365
10904,10898,10614
10905,10608,2887
10906,8631,1865
10907,9243,2528
10908,10612,10292
10909,10656,921
10910,2797,98
10911,10800,10704
10912,10883,853
10913,10873,2754
10914,10889,4227
10915,10912,652
10916,10904,10690
10917,10729,10129
10918,2066,738
10919,10805,10694
10920,10523,2521
10921,2471,998
10922,10636,5207
10923,10191,181
10924,10895,10741
10925,10676,10573
10926,10915,10794
10927,4222,968
10928,10595,3915
10929,10055,2793
10930,10524,3455
10931,10830,5998
10932,10926,535
10933,10914,10348
10934,10855,10719
10935,10932,10661
10936,10916,519
10937,10930,10665
10938,10866,10202
10939,5287,5113
10940,10746,10637
10941,10913,10864
10942,10762,681
10943,10336,4722
10944,10933,10776
10945,10787,1202
10946,10519,10381
10947,10635,3558
10948,10629,2281
10949,10936,2610
10950,10911,10801
10951,10470,1617
10952,9927,3425
10953,10949,10442
10954,4872,4374
10955,10829,10457
10956,10906,9973
10957,10953,10542
10958,10580,242
10959,10935,3798
10960,182,11
10961,10691,10642
10962,10825,3072
10963,5079,2560
10964,10720,4446
10965,10964,3723
10966,3789,2698
10967,10957,10606
10968,10967,10878
10969,10502,8386
10970,10648,10638
10971,5498,2845
10972,10862,3573
10973,10117,1630
10974,5509,1419
10975,10682,10660
10976,10865,10667
10977,10959,1947
10978,10977,4714
10979,10860,780
10980,9706,1851
10981,10978,10494
10982,10968,817
10983,10410,4782
10984,10982,2114
10985,10984,9966
10986,10374,2132
10987,10790,4971
10988,4920,696
10989,10527,2603
10990,10346,10204
10991,10851,869
10992,10738,10619
10993,10802,10531
10994,10985,10649
10995,10028,3628
10996,5264,2526
10997,10941,9913
10998,10603,1771
10999,10214,4925
11000,10994,1212
11001,10920,5137
11002,11000,5436
11003,11002,4776
11004,10921,1905
11005,10875,4064
11006,10962,10887
11007,10836,4892
11008,5338,3152
11009,10845,8996
11010,10981,10942
11011,11010,10744
11012,10634,2246
11013,11003,10659
11014,11013,10585
11015,10003,5481
11016,10997,10412
11017,10919,1259
11018,10809,774
11019,11014,10945
11020,10857,5179
11021,11011,697
11022,11019,1910
11023,11021,10557
11024,10859,10323
11025,10517,3660
11026,11022,5454
11027,4944,1992
11028,11026,10931
11029,10731,1401
11030,11023,5193
11031,11030,11016
11032,10695,10663
11033,10723,4791
11034,10763,10564
11035,10640,5048
11036,2291,911
11037,10578,2347
11038,3241,2178
11039,10944,10711
11040,10775,10618
11041,11028,883
11042,11041,1608
11043,3641,1399
11044,2731,40
11045,10847,4223
11046,10897,2492
11047,11042,2419
11048,11017,10468
11049,11047,10993
11050,10961,10555
11051,10757,10753
11052,10627,471
11053,2783,463
11054,9982,4855
11055,11049,5326
11056,11055,3027
11057,5510,4555
11058,10849,10732
11059,10651,5549
11060,4953,294
11061,11056,1416
11062,4598,3159
11063,11039,10506
11064,10813,10754
11065,10952,2350
11066,10817,1773
11067,10679,3406
11068,11031,9950
11069,10824,5080
11070,5152,3416
11071,11068,807
11072,10900,10590
11073,10683,4824
11074,9904,3559
11075,5737,3741
11076,11071,1792
11077,11061,5160
11078,10781,10730
11079,3034,2786
11080,10792,3537
11081,10485,405
11082,11076,1604
11083,10905,2029
11084,10437,4538
11085,10963,2611
11086,11082,2803
11087,10808,10195
11088,11046,10901
11089,10947,3990
11090,1010,222
11091,10924,10624
11092,10613,10331
11093,2822,65
11094,4554,2747
11095,10890,4978
11096,10992,1276
11097,11077,10928
11098,11097,5761
11099,11086,693
11100,5206,687
11101,1366,1262
11102,11052,10988
11103,11098,4690
11104,10991,10929
11105,10886,2790
11106,11103,10909
11107,11063,11034
11108,1911,1290
11109,11106,2574
11110,10925,1867
11111,10577,725
11112,11109,682
11113,11102,10879
11114,4505,753
11115,2775,1755
11116,5950,897
11117,10938,10688
11118,10782,1791
11119,4837,4774
11120,5579,1413
11121,11099,5451
11122,11121,3830
11123,11122,10896
11124,11112,10970
11125,11124,11048
11126,10999,10491
11127,10972,10835
11128,3644,1383
11129,11125,616
11130,11029,10655
11131,11096,4788
11132,11129,1837
11133,11123,961
11134,10902,3412
11135,10430,379
11136,11006,10858
11137,11132,1467
11138,10943,641
11139,2519,1252
11140,11015,10987
11141,11133,663
11142,10652,3680
11143,2647,2527
11144,5251,2645
11145,11141,3525
11146,11137,2502
11147,10907,388
11148,11020,10973
11149,5347,1086
11150,10975,5953
11151,11146,5025
11152,10167,10076
11153,11145,570
11154,11153,11009
11155,10965,10657
11156,11154,10979
11157,10360,10320
11158,11151,835
11159,11107,11091
11160,2918,1025
11161,10685,10565
11162,10923,10078
11163,11158,2238
11164,11163,832
11165,10986,10658
11166,11164,11018
11167,10804,5999
11168,5101,2846
11169,10976,3816
11170,1730,245
11171,4068,48
11172,9867,1301
11173,11166,10877
11174,11156,583
11175,11174,10668
11176,11175,3815
11177,2473,2182
11178,11024,3886
11179,11078,1828
11180,11104,3772
11181,4132,1794
11182,11173,11033
11183,11182,4821
11184,10547,2558
11185,11183,1090
11186,11185,10934
11187,11186,996
11188,11187,10056
11189,11117,2392
11190,11188,1293
11191,10780,3563
11192,11176,2554
11193,11190,10840
11194,10048,5649
11195,10797,10759
11196,11032,5159
11197,11060,4838
11198,10471,794
11199,5178,4831
11200,5191,1888
11201,10882,10772
11202,2974,1990
11203,11066,10868
11204,11193,11087
11205,10922,600
11206,10599,4255
11207,10908,10823
11208,10407,4918
11209,11192,891
11210,11209,11089
11211,10950,10697
11212,10937,4913
11213,11004,2532
11214,11084,10894
11215,11210,3946
11216,11204,5225
11217,11179,2365
11218,11216,11064
11219,11025,10718
11220,11215,369
11221,11220,2474
11222,8767,991
11223,10955,9835
11224,11221,11085
11225,11138,10508
11226,3965,3219
11227,11130,556
11228,11184,2672
11229,5228,2135
11230,10674,861
11231,11083,11053
11232,10841,9766
11233,10740,2434
11234,11218,10989
11235,5108,3268
11236,11234,1720
11237,10653,4520
11238,5871,4610
11239,11236,11205
11240,10514,2766
11241,11224,11036
11242,11239,568
11243,11242,11080
11244,11241,2401
11245,11244,2425
11246,10927,674
11247,10386,5768
11248,11245,5346
11249,11243,1418
11250,11169,11168
11251,11196,11131
11252,11127,2903
11253,10821,3516
11254,4800,852
11255,10406,2963
11256,11249,10884
11257,4820,3541
11258,11161,11134
11259,11035,10528
11260,10693,9654
11261,11027,5309
11262,11211,11100
11263,11256,10342
11264,10838,10496
11265,11250,11058
11266,3045,1769
11267,11263,569
11268,11267,10996
11269,5614,840
11270,10687,5328
11271,10910,290
11272,2774,421
11273,11268,11252
11274,11248,11005
11275,11274,11001
11276,11111,2756
11277,11072,2592
11278,2719,489
11279,11232,3163
11280,5530,4081
11281,11008,2733
11282,10743,116
11283,11275,910
11284,11136,10940
11285,10760,10021
11286,11180,5017
11287,11065,10917
11288,11140,10592
11289,11230,676
11290,10843,10786
11291,11283,4672
11292,11143,10822
11293,11113,11057
11294,10818,10044
11295,1223,1165
11296,11273,11178
11297,10954,10793
11298,3567,611
11299,4478,3872
11300,10998,3167
11301,11148,458
11302,10980,654
11303,11291,2418
11304,11203,2581
11305,11217,756
11306,11296,11213
11307,11284,10328
11308,11306,11110
11309,11279,10990
11310,10767,797
11311,11240,11150
11312,10983,10739
11313,10842,10726
11314,5231,4312
11315,11303,11276
11316,11315,695
11317,11316,11246
11318,2054,239
11319,11007,3217
11320,10876,4702
11321,11144,3800
11322,11317,11069
11323,11308,10784
11324,10951,10903
11325,11323,11189
11326,11258,11227
11327,11322,2619
11328,11327,11262
11329,4631,2986
11330,437,50
11331,11037,10893
11332,11265,11040
11333,10387,1518
11334,11139,4854
11335,11328,5035
11336,11335,582
11337,11159,10807
11338,11337,4860
11339,11336,733
11340,11325,505
11341,11340,11225
11342,11155,10995
11343,11341,11229
11344,2444,516
11345,10770,2351
11346,11339,1027
11347,11343,732
11348,11197,10850
11349,10791,3214
11350,11347,11120
11351,11350,2517
11352,10684,3796
11353,10756,10193
11354,11351,2732
11355,11067,5784
11356,11233,1573
11357,11354,11292
11358,11338,2415
11359,11212,10728
11360,10353,2789
11361,11160,2666
11362,11346,1140
11363,11095,4827
11364,11362,11051
11365,11357,0
11366,1103,661
11367,11359,11313
11368,11079,5483
11369,11365,11214
11370,11369,11293
11371,11195,4921
11372,11300,726
11373,4861,1845
11374,11301,10610
11375,11370,11305
11376,11364,11118
11377,11376,11329
11378,11255,5766
11379,11307,10766
11380,5293,2894
11381,11088,10946
11382,4575,847
11383,1869,1635
11384,11377,612
11385,11298,11105
11386,11073,10361
11387,5003,947
11388,11285,10591
11389,11094,10956
11390,9710,4731
11391,5038,821
11392,11384,5505
11393,11231,11059
11394,10852,9271
11395,10816,3678
11396,11286,2137
11397,11358,10899
11398,11054,10396
11399,11392,543
11400,5726,950
11401,11397,11050
11402,11379,566
11403,11311,11237
11404,11375,5371
11405,11404,4589
11406,11399,5183
11407,577,507
11408,11090,2876
11409,2843,770
11410,11405,1754
11411,11406,2058
11412,11321,11202
11413,11345,4303
11414,11280,1565
11415,5694,376
11416,11228,2768
11417,11411,2362
11418,11417,11270
11419,11191,3111
11420,11410,644
11421,10918,2356
11422,11251,11208
11423,2998,2607
11424,11219,2694
11425,11092,5430
11426,11288,11277
11427,11418,10492
11428,11420,5897
11429,10812,1480
11430,11427,11207
11431,10971,57
11432,11428,4787
11433,11432,11260
11434,11126,10958
11435,11396,11114
11436,4946,3724
11437,11198,2934
11438,10579,2692
11439,11172,4758
11440,11433,11289
11441,11331,11199
11442,11363,4847
11443,3497,1813
11444,11147,11135
11445,11401,5394
11446,11440,4884
11447,11446,11381
11448,2315,154
11449,3935,2670
11450,11326,5781
11451,11162,5409
11452,11447,3568
11453,11452,11356
11454,11430,3739
11455,11454,1070
11456,4234,1256
11457,11374,986
11458,11342,5393
11459,11435,11290
11460,11455,1696
11461,11223,5040
11462,10863,4469
11463,11349,3066
11464,11460,11389
11465,11453,11257
11466,11465,787
11467,11466,3566
11468,11445,4975
11469,11201,10593
11470,11177,2180
11471,11467,11355
11472,1858,1377
11473,11334,2722
11474,11264,18
11475,11312,5084
11476,11468,11368
11477,11422,2890
11478,11391,3838
11479,10569,3720
11480,5303,3453
11481,11442,4711
11482,11471,3252
11483,11482,1179
11484,11353,2922
11485,11458,10678
11486,11194,60
11487,11483,632
11488,11487,2284
11489,11488,11108
11490,11477,4027
11491,2718,728
11492,4962,4951
11493,11464,11361
11494,11493,10549
11495,11494,833
11496,11495,11459
11497,11450,11157
11498,11395,3401
11499,11490,11332
11500,11116,2944
11501,4663,2668
11502,11309,10871
11503,11496,1574
11504,4719,2749
11505,11402,10712
11506,11045,4415
11507,11505,5842
11508,11503,1764
11509,11508,11295
11510,11457,1961
11511,11476,10783
11512,11226,3119
11513,11489,555
11514,11513,11481
11515,3783,980
11516,11271,5460
11517,11514,3357
11518,11517,11413
11519,11509,11403
11520,2818,1652
11521,11434,11294
11522,11518,11324
11523,11424,11043
11524,11062,3353
11525,11093,2815
11526,11511,3955
11527,11304,1123
11528,1946,1487
11529,2059,502
11530,10974,5119
11531,11522,1288
11532,11531,10948
11533,11519,11278
11534,4129,2930
11535,11507,11012
11536,3760,2516
11537,4306,2596
11538,11297,10966
11539,11254,3759
11540,11532,11415
11541,11540,11421
11542,11456,3468
11543,5258,3731
11544,4659,2041
11545,5967,978
11546,11419,11075
11547,11502,11372
11548,11448,512
11549,2906,2710
11550,11074,2702
11551,11541,11247
11552,11551,11200
11553,11533,2758
11554,11552,621
11555,11416,2214
11556,11333,11261
11557,11554,1115
11558,9929,3614
11559,11553,3586
11560,11527,11393
11561,11559,677
11562,11561,11521
11563,11526,3099
11564,11348,2985
11565,11407,11171
11566,11557,2077
11567,11566,1222
11568,11567,11269
11569,11568,11472
11570,11569,11165
11571,11429,11408
11572,1213,1158
11573,11484,2191
11574,11570,11302
11575,11574,5158
11576,3474,3025
11577,11310,11115
11578,11562,4638
11579,11282,2518
11580,11575,11412
11581,10727,3828
11582,11578,665
11583,11580,11238
11584,11388,5928
11585,11583,11449
11586,11582,2628
11587,11586,584
11588,10681,628
11589,11585,11463
11590,10960,10617
11591,11589,11128
11592,10798,1809
11593,11501,11486
11594,11591,11409
11595,11594,11461
11596,11385,450
11597,11587,11149
11598,11506,3782
11599,11367,2879
11600,11577,2898
11601,11597,1698
11602,4544,3321
11603,11601,11525
11604,11603,11426
11605,11536,11070
11606,11604,11469
11607,11606,321
11608,11595,941
11609,11608,11451
11610,11609,11510
11611,11610,10622
11612,11535,11081
11613,11425,788
11614,11371,8808
11615,2640,247
11616,11599,3598
11617,4729,2504
11618,11607,690
11619,11319,2613
11620,11619,11390
11621,11611,11320
11622,11621,2321
11623,5940,3655
11624,11622,11523
11625,11612,1511
11626,11152,462
11627,11624,11414
11628,11618,11596
11629,11625,11498
11630,11627,2488
11631,11563,4834
11632,10623,3361
11633,4614,2806
11634,11546,5169
11635,11630,1735
11636,11635,3718
11637,11628,5114
11638,11441,11360
11639,5916,2163
11640,11287,2709
11641,11636,11444
11642,11641,11380
11643,11642,2126
11644,11616,10702
11645,4647,2852
11646,11637,4926
11647,11516,4156
11648,11643,11386
11649,11646,11387
11650,11649,11547
11651,11650,9894
11652,11648,2144
11653,11652,11520
11654,11653,11253
11655,11629,11352
11656,11655,4594
11657,11654,11382
11658,11560,11167
11659,11515,308
11660,11657,11400
11661,11651,1060
11662,11661,5260
11663,11662,11437
11664,11222,11206
11665,11366,10358
11666,11660,5284
11667,11666,2044
11668,11555,11272
11669,11667,11544
11670,3597,3067
11671,11499,1229
11672,3659,2991
11673,11663,11439
11674,11673,121
11675,11674,11658
11676,11669,11542
11677,11676,11644
11678,11675,5173
11679,11431,5372
11680,11638,11473
11681,4905,3779
11682,11656,11181
11683,11485,4547
11684,11677,11593
11685,3030,1944
11686,11678,3179
11687,11684,871
11688,11564,2936
11689,10788,578
11690,11631,11235
11691,11690,11398
11692,11686,2923
11693,11692,11602
11694,4829,1464
11695,11680,2699
11696,11539,589
11697,11693,782
11698,11671,11462
11699,11698,11500
11700,11699,11538
11701,11470,5613
11702,11645,11571
11703,11682,11548
11704,11687,11565
11705,11640,11573
11706,11634,10512
11707,11704,4530
11708,11475,11474
11709,11707,11318
11710,2606,938
11711,11614,11543
11712,11394,11038
11713,11697,5655
11714,5788,4003
11715,1542,550
11716,11703,11537
11717,11716,2204
11718,11713,4507
11719,11718,953
11720,11709,11647
11721,11720,3963
11722,11721,3780
11723,11722,858
11724,11723,525
11725,2142,132
11726,11691,11664
11727,11726,11639
11728,11588,2780
11729,11479,3562
11730,11724,11344
11731,11730,11530
11732,11731,4558
11733,11695,1438
11734,11732,3652
11735,11617,2823
11736,11668,11438
11737,11719,11044
11738,11737,4811
11739,11738,11734
11740,11373,4514
11741,11632,11512
11742,11727,11556
11743,11742,11545
11744,11683,10939
11745,11744,10735
11746,870,44
11747,11705,962
11748,11620,11497
11749,11728,11688
11750,11314,11259
11751,11747,11712
11752,3125,973
11753,11378,5541
11754,11739,11717
11755,2942,2140
11756,11119,2032
11757,11745,4996
11758,11743,11706
11759,2541,22
11760,11524,3999
11761,11702,11672
11762,11600,3862
11763,11534,1522
11764,11725,5896
11765,11754,386
11766,5546,1236
11767,11765,11478
11768,11767,1607
11769,11665,11436
11770,11748,11696
11771,11701,1302
11772,3196,997
11773,11758,11613
11774,4904,2566
11775,10854,1969
11776,11598,954
11777,11776,11491
11778,11281,11170
11779,11768,3810
11780,11779,11749
11781,11769,11700
11782,11781,11605
11783,11780,3994
11784,1705,156
11785,11783,5275
11786,4870,785
11787,11266,5218
11788,11773,5857
11789,11529,3174
11790,2061,1830
11791,11736,11733
11792,11770,11581
11793,11623,864
11794,11679,2888
11795,11761,668
11796,11788,11550
11797,11785,11330
11798,11796,11584
11799,10761,3180
11800,4277,1389
11801,11797,11579
11802,8871,7658
11803,11801,11710
11804,11751,2017
11805,11670,3765
11806,11756,11711
11807,11782,11549
11808,11803,5018
11809,11808,11771
11810,11492,4607
11811,11809,11762
11812,11811,3542
11813,11572,5612
11814,11807,5968
11815,11793,11753
11816,11778,11383
11817,1296,1023
11818,11798,11792
11819,3937,267
11820,11812,11791
11821,11735,2819
11822,11794,11760
11823,11592,11101
11824,11820,11681
11825,11763,718
11826,11824,3654
11827,11826,1455
11828,11827,4789
11829,11828,11715
11830,11829,11615
11831,11830,2800
11832,11831,11795
11833,11804,1898
11834,11832,11633
11835,11818,4937
11836,3141,2905
11837,11814,11740
11838,11835,4321
11839,11834,3548
11840,11839,11746
11841,11840,11528
11842,5477,2231
11843,11772,11480
11844,11841,5041
11845,5464,2989
11846,4402,2841
11847,11750,4651
11848,11844,11766
11849,11790,4601
11850,1678,1436
11851,2909,754
11852,4323,1906
11853,11708,3942
11854,11822,2363
11855,11848,563
11856,11855,2706
11857,11856,11817
11858,11843,11757
11859,11777,11759
11860,11857,3692
11861,4785,4678
11862,11764,2681
11863,11853,11802
11864,11714,3511
11865,11787,3323
11866,11838,3794
11867,11866,5721
11868,11867,11816
11869,11860,402
11870,11869,11299
11871,11752,11576
11872,11806,11741
11873,5595,4155
11874,11870,11837
11875,11755,5082
11876,11847,10969
11877,5366,4001
11878,11874,64
11879,11868,277
11880,11878,596
11881,11659,1519
11882,11880,513
11883,11882,11819
11884,11883,11862
11885,4976,4867
11886,11879,11805
11887,11886,101
11888,11864,11846
11889,11887,11810
11890,3070,2587
11891,11872,3936
11892,11504,5845
11893,11884,2826
11894,11893,11833
11895,11894,11590
11896,11895,11873
11897,11896,11800
11898,11897,5969
11899,11898,11842
11900,4783,3191
11901,11899,11850
11902,11901,11558
11903,11902,11854
11904,11903,11865
11905,11904,3926
11906,11851,930
11907,11905,11689
11908,11859,4427
11909,11774,5904
11910,11907,5244
11911,11889,11876
11912,11911,917
11913,11685,1842
11914,11821,393
11915,11912,4090
11916,11915,11877
11917,11626,71
11918,11910,11813
11919,11918,11784
11920,11916,4625
11921,11920,11858
11922,11908,4947
11923,11892,11775
11924,11919,11815
11925,11924,3719
11926,11925,11694
11927,11443,3502
11928,11926,11914
11929,11928,11881
11930,11929,4186
11931,11930,1953
11932,11931,11789
11933,11932,5296
11934,11922,11825
11935,11885,11423
11936,11921,11909
11937,11936,3538
11938,11888,3897
11939,11933,11906
11940,11939,11890
11941,11940,11836
11942,11941,11875
11943,11942,11891
11944,11863,5801
11945,2821,2512
11946,11943,11938
11947,11946,11937
11948,11871,11823
11949,5413,160
11950,11947,11945
11951,11861,11849
11952,11845,3599
11953,11944,4434
11954,11927,11729
11955,11954,380
11956,11950,2573
11957,11956,1046
11958,11957,11934
11959,11958,11852
11960,651,34
11961,5824,2147
11962,11935,3093
11963,11959,2626
11964,11961,11955
11965,11963,2683
11966,11965,4840
11967,11966,11923
11968,5377,3746
11969,11967,5938
11970,11969,11951
11971,11970,534
11972,11971,11953
11973,11962,11952
11974,4172,592
11975,11972,11142
11976,11975,11973
11977,11976,2111
11978,11977,11900
11979,11978,11786
11980,11974,3745
11981,11949,3715
11982,11979,3777
11983,11982,11964
11984,11983,11948
11985,11984,4388
11986,11985,11799
11987,11968,10646
11988,11980,11960
11989,11986,11981
11990,11917,11913
11991,5881,4683
11992,11989,11987
11993,11992,3894
11994,11993,11991
11995,11994,11990
11996,11995,3010
11997,11996,5941
11998,11997,11988
