1000,433,53
1001,96,94
1002,409,207
1003,1001,150
1004,477,117
1005,490,220
1006,389,20
1007,1000,390
1008,41,33
1009,1007,215
1010,398,367
1011,1009,77
1012,1005,1004
1013,251,135
1014,815,714
1015,253,112
1016,1003,43
1017,410,138
1018,151,86
1019,285,75
1020,401,368
1021,339,74
1022,1010,72
1023,1014,1011
1024,1008,219
1025,449,152
1026,124,103
1027,237,89
1028,231,107
1029,204,146
1030,1002,354
1031,62,12
1032,1012,170
1033,453,261
1034,1020,392
1035,281,246
1036,257,59
1037,243,79
1038,1013,115
1039,1031,171
1040,1034,119
1041,1029,37
1042,1023,901
1043,413,371
1044,1030,429
1045,1016,963
1046,465,278
1047,495,403
1048,722,501
1049,1038,1017
1050,1024,440
1051,1022,1006
1052,279,168
1053,1050,527
1054,1042,73
1055,1032,658
1056,260,255
1057,1045,508
1058,1044,88
1059,1039,310
1060,1055,987
1061,1060,742
1062,1053,343
1063,200,167
1064,1026,880
1065,353,344
1066,1037,270
1067,1048,1021
1068,1035,442
1069,300,218
1070,1054,1027
1071,439,108
1072,291,4
1073,1061,1018
1074,1049,762
1075,438,259
1076,655,184
1077,1062,192
1078,1070,793
1079,1057,199
1080,189,47
1081,906,15
1082,1043,1041
1083,470,51
1084,587,118
1085,1066,876
1086,1036,423
1087,395,357
1088,1074,1067
1089,292,238
1090,307,252
1091,425,337
1092,1073,1019
1093,1077,935
1094,498,275
1095,370,304
1096,1088,1065
1097,1093,1069
1098,236,202
1099,1078,916
1100,420,318
1101,97,91
1102,106,42
1103,1089,1040
1104,626,412
1105,287,28
1106,179,61
1107,1079,491
1108,1099,298
1109,805,635
1110,299,186
1111,334,258
1112,1108,860
1113,1052,129
1114,1086,1083
1115,1097,1081
1116,1112,286
1117,1087,1064
1118,1116,838
1119,1100,272
1120,1101,312
1121,796,739
1122,1047,418
1123,1063,313
1124,1028,1025
1125,1092,70
1126,1082,778
1127,1085,416
1128,1068,415
1129,1118,1059
1130,1126,1107
1131,1051,263
1132,545,500
1133,1015,143
1134,1033,223
1135,1071,6
1136,497,469
1137,1104,9
1138,1072,194
1139,407,317
1140,1125,137
1141,1096,122
1142,1103,360
1143,1094,196
1144,1111,346
1145,1137,979
1146,1141,776
1147,1115,923
1148,397,104
1149,1129,1105
1150,872,476
1151,1127,203
1152,1075,365
1153,1119,161
1154,249,210
1155,1058,879
1156,1090,280
1157,149,10
1158,316,306
1159,1120,350
1160,1128,639
1161,790,424
1162,972,736
1163,1110,351
1164,993,765
1165,1142,273
1166,784,629
1167,1149,789
1168,1151,46
1169,1130,314
1170,1167,540
1171,1091,133
1172,1140,1106
1173,1146,915
1174,1117,1046
1175,1170,940
1176,933,610
1177,452,254
1178,1160,363
1179,1147,1114
1180,185,67
1181,1173,1084
1182,1155,1122
1183,1138,1131
1184,176,31
1185,1121,541
1186,949,358
1187,274,205
1188,1152,1139
1189,457,56
1190,1156,256
1191,134,81
1192,1175,1172
1193,1132,712
1194,1179,175
1195,1166,892
1196,1145,510
1197,1181,529
1198,1080,473
1199,1183,1113
1200,426,187
1201,178,84
1202,1135,493
1203,849,710
1204,1192,984
1205,481,87
1206,451,130
1207,1197,1185
1208,504,319
1209,1204,517
1210,468,111
1211,865,781
1212,1095,283
1213,434,269
1214,1186,266
1215,1198,333
1216,944,800
1217,1169,1123
1218,1178,148
1219,1161,1153
1220,1195,694
1221,1165,232
1222,480,233
1223,1102,341
1224,1194,862
1225,496,100
1226,1168,1150
1227,1209,791
1228,229,25
1229,467,322
1230,1157,348
1231,975,524
1232,1207,579
1233,1174,662
1234,1196,1076
1235,1133,1
1236,461,406
1237,717,528
1238,686,436
1239,387,144
1240,1182,411
1241,705,38
1242,831,296
1243,1212,475
1244,1164,17
1245,909,444
1246,1217,248
1247,1226,1176
1248,1233,734
1249,1224,325
1250,1227,606
1251,995,692
1252,1232,746
1253,1193,605
1254,448,68
1255,1249,750
1256,268,54
1257,1250,874
1258,1177,361
1259,1143,24
1260,659,572
1261,1255,1252
1262,400,241
1263,165,30
1264,1257,1144
1265,1246,1134
1266,1247,190
1267,1238,604
1268,1248,622
1269,982,741
1270,990,136
1271,1163,139
1272,1234,1216
1273,1199,109
1274,1219,454
1275,347,327
1276,1260,928
1277,1261,1245
1278,1221,1188
1279,601,191
1280,1223,441
1281,1218,751
1282,1273,1214
1283,297,201
1284,1220,565
1285,846,685
1286,878,843
1287,1215,382
1288,1201,499
1289,924,672
1290,1210,211
1291,1277,936
1292,383,302
1293,63,52
1294,1241,743
1295,1191,1159
1296,1291,1202
1297,1264,1244
1298,1162,983
1299,1253,803
1300,1265,217
1301,1281,332
1302,866,772
1303,1299,1266
1304,1285,1272
1305,1237,859
1306,1300,459
1307,1268,719
1308,446,408
1309,1230,422
1310,214,164
1311,1297,1294
1312,1296,761
1313,988,977
1314,1235,193
1315,1284,904
1316,1312,1304
1317,1267,748
1318,1136,1124
1319,1274,1180
1320,157,78
1321,1211,16
1322,1154,929
1323,1307,814
1324,1208,303
1325,956,602
1326,1302,824
1327,598,114
1328,1278,1200
1329,1301,1190
1330,342,80
1331,729,656
1332,1306,856
1333,966,698
1334,460,419
1335,1315,740
1336,1332,562
1337,1282,212
1338,373,177
1339,1254,1243
1340,1240,1222
1341,1229,430
1342,1316,669
1343,1187,335
1344,1311,1280
1345,1336,1317
1346,609,435
1347,1342,715
1348,1251,836
1349,456,32
1350,1231,943
1351,1319,1271
1352,1347,553
1353,848,758
1354,1056,228
1355,464,83
1356,1344,1270
1357,650,544
1358,1298,1276
1359,1203,503
1360,1328,240
1361,1309,66
1362,1335,745
1363,1352,1279
1364,1345,1323
1365,1356,1269
1366,1363,877
1367,777,55
1368,1303,624
1369,1286,795
1370,1364,599
1371,955,567
1372,336,213
1373,1366,1313
1374,898,593
1375,1295,432
1376,559,558
1377,614,547
1378,1373,1340
1379,1365,1242
1380,985,913
1381,640,586
1382,1368,1337
1383,1362,808
1384,850,93
1385,331,102
1386,1289,822
1387,768,328
1388,147,126
1389,716,571
1390,1370,594
1391,224,140
1392,1378,1305
1393,1379,197
1394,142,29
1395,1228,752
1396,1320,708
1397,1351,1206
1398,1393,58
1399,1339,1213
1400,1369,576
1401,427,345
1402,837,554
1403,1310,234
1404,1098,169
1405,492,110
1406,145,92
1407,1358,1327
1408,1392,1321
1409,428,155
1410,1390,1383
1411,957,679
1412,1283,802
1413,1398,523
1414,839,590
1415,123,23
1416,305,162
1417,1148,825
1418,1353,209
1419,1189,952
1420,1410,888
1421,1375,1338
1422,1408,1380
1423,1420,735
1424,1324,1292
1425,1355,1256
1426,1413,1367
1427,1357,542
1428,1333,688
1429,1407,1326
1430,1397,1314
1431,701,225
1432,1400,942
1433,1423,1360
1434,1322,381
1435,320,208
1436,479,195
1437,1263,99
1438,1422,1414
1439,1359,657
1440,549,518
1441,920,700
1442,166,7
1443,992,680
1444,1426,1293
1445,216,172
1446,1343,1329
1447,1385,141
1448,1389,711
1449,709,443
1450,293,262
1451,1399,918
1452,1308,1205
1453,1429,539
1454,1403,895
1455,198,125
1456,1318,324
1457,1438,783
1458,1417,1290
1459,1395,1350
1460,1386,660
1461,721,76
1462,1433,812
1463,1453,1382
1464,1448,548
1465,1236,49
1466,1457,627
1467,1466,546
1468,623,581
1469,1467,902
1470,301,288
1471,265,227
1472,326,128
1473,766,731
1474,1406,1239
1475,1184,180
1476,466,282
1477,538,506
1478,1462,763
1479,1411,1348
1480,827,377
1481,1460,744
1482,1469,900
1483,1481,1478
1484,1482,706
1485,845,532
1486,463,113
1487,1444,1394
1488,1440,896
1489,1484,851
1490,1489,683
1491,932,183
1492,1463,1432
1493,667,619
1494,1443,1441
1495,828,818
1496,1405,474
1497,1490,330
1498,295,69
1499,1497,1439
1500,1418,1109
1501,1483,842
1502,804,704
1503,1464,779
1504,1424,13
1505,1458,749
1506,159,36
1507,970,613
1508,691,646
1509,1487,1475
1510,893,764
1511,1434,396
1512,1501,1427
1513,1430,226
1514,1447,271
1515,1499,1412
1516,1509,775
1517,1512,1502
1518,1479,759
1519,1451,889
1520,1401,873
1521,375,309
1522,1515,1473
1523,414,21
1524,1465,1361
1525,1425,1341
1526,1492,631
1527,1517,561
1528,1488,994
1529,1522,899
1530,1518,760
1531,355,173
1532,801,637
1533,1331,595
1534,1421,1396
1535,1527,841
1536,1516,85
1537,1428,520
1538,1376,673
1539,1508,886
1540,1456,1287
1541,1513,564
1542,1529,767
1543,1431,1262
1544,1384,39
1545,1520,1449
1546,1288,1171
1547,1459,887
1548,1468,989
1549,1535,857
1550,1402,1371
1551,1496,1258
1552,1536,1471
1553,1542,670
1554,1419,907
1555,1549,1526
1556,1374,620
1557,1547,8
1558,1387,934
1559,1553,1537
1560,1404,250
1561,939,352
1562,1494,882
1563,855,792
1564,1552,1454
1565,1446,1435
1566,1442,806
1567,1381,608
1568,927,922
1569,1259,329
1570,1559,1543
1571,1538,724
1572,1477,634
1573,1511,431
1574,1534,960
1575,1530,1334
1576,881,585
1577,1504,653
1578,1562,1519
1579,1541,1330
1580,1491,1349
1581,867,820
1582,1570,1564
1583,364,315
1584,1525,1437
1585,1545,702
1586,1582,969
1587,1586,1493
1588,1533,912
1589,649,494
1590,1505,925
1591,405,338
1592,1555,1485
1593,1225,588
1594,1476,127
1595,1445,3
1596,1588,1354
1597,1573,478
1598,1461,981
1599,1557,607
1600,1590,1574
1601,1592,1510
1602,1500,844
1603,1480,552
1604,356,35
1605,340,181
1606,1391,19
1607,1587,707
1608,1548,511
1609,1523,1507
1610,1601,926
1611,1566,999
1612,485,153
1613,1495,603
1614,1607,1554
1615,1540,1452
1616,1575,1565
1617,1503,747
1618,1560,484
1619,1571,1450
1620,1572,1528
1621,1597,1585
1622,666,648
1623,830,617
1624,1610,965
1625,730,533
1626,1275,27
1627,1346,378
1628,472,206
1629,1600,1470
1630,486,374
1631,1624,769
1632,723,522
1633,1514,2
1634,1623,1556
1635,1563,1325
1636,1631,551
1637,1636,914
1638,1637,580
1639,1581,276
1640,483,26
1641,1614,908
1642,1638,699
1643,1599,971
1644,1578,618
1645,537,536
1646,1642,974
1647,863,675
1648,945,526
1649,1474,948
1650,868,829
1651,773,671
1652,1646,1619
1653,311,244
1654,1629,1577
1655,1617,737
1656,1633,1567
1657,1625,514
1658,1616,946
1659,1641,1579
1660,894,531
1661,391,323
1662,1602,810
1663,1652,163
1664,678,5
1665,1620,905
1666,720,664
1667,1663,1657
1668,771,284
1669,937,642
1670,1532,372
1671,1546,819
1672,1606,1584
1673,1659,1635
1674,1622,921
1675,1415,384
1676,1628,230
1677,1594,1521
1678,1667,1639
1679,1595,366
1680,1673,809
1681,1598,1455
1682,447,105
1683,1472,222
1684,1580,875
1685,1506,1436
1686,1665,696
1687,1678,931
1688,1643,1377
1689,1650,1613
1690,689,131
1691,976,727
1692,1655,1416
1693,98,45
1694,1687,713
1695,1632,1608
1696,1680,1621
1697,813,630
1698,1693,1662
1699,1694,1686
1700,1696,1649
1701,1524,1498
1702,1699,1644
1703,1692,1634
1704,1486,1388
1705,359,235
1706,826,799
1707,1700,557
1708,1593,1551
1709,1707,652
1710,903,891
1711,1709,1684
1712,1627,1576
1713,1569,11
1714,1702,1654
1715,1651,1409
1716,1544,573
1717,885,597
1718,823,556
1719,816,174
1720,1658,959
1721,1711,884
1722,786,509
1723,625,482
1724,1656,1558
1725,221,82
1726,1721,521
1727,1612,515
1728,1726,535
1729,703,188
1730,1561,14
1731,1689,681
1732,1728,951
1733,1732,1722
1734,1714,1670
1735,794,487
1736,1698,569
1737,1609,967
1738,1539,519
1739,725,560
1740,1647,958
1741,1695,755
1742,1669,1660
1743,1742,1733
1744,1743,853
1745,1734,854
1746,1745,1738
1747,1744,693
1748,1746,780
1749,455,154
1750,1748,1640
1751,1713,757
1752,445,242
1753,1583,417
1754,1715,1648
1755,1750,964
1756,1671,1615
1757,1741,1731
1758,1688,1596
1759,1755,633
1760,1681,1611
1761,1626,158
1762,1605,1568
1763,1759,1736
1764,1685,1672
1765,1710,575
1766,1747,591
1767,1720,583
1768,1717,1674
1769,1763,1645
1770,1603,968
1771,1760,998
1772,1766,697
1773,1772,1704
1774,1767,1708
1775,1769,530
1776,1773,663
1777,1675,1664
1778,1775,471
1779,919,362
1780,1729,643
1781,95,50
1782,1751,1677
1783,1630,57
1784,1758,1706
1785,1683,638
1786,1778,1727
1787,1725,1618
1788,1776,570
1789,1788,615
1790,1757,684
1791,1786,616
1792,1791,641
1793,1789,1735
1794,1792,774
1795,1740,832
1796,1768,1737
1797,1794,817
1798,1754,1703
1799,1372,462
1800,1797,1666
1801,1793,807
1802,1718,996
1803,1800,1795
1804,1724,883
1805,1801,1701
1806,1770,674
1807,1719,869
1808,1803,1697
1809,1739,1716
1810,1808,1730
1811,1790,756
1812,1783,116
1813,458,404
1814,911,65
1815,628,574
1816,1805,369
1817,1804,1771
1818,1810,636
1819,1818,505
1820,1712,1682
1821,1816,961
1822,1819,600
1823,1822,676
1824,1823,835
1825,1821,1811
1826,1824,489
1827,1825,1550
1828,1784,264
1829,1774,44
1830,1765,294
1831,1796,376
1832,1827,910
1833,834,718
1834,1807,753
1835,1826,682
1836,1828,1802
1837,1835,861
1838,1779,1753
1839,1705,399
1840,1787,18
1841,1764,385
1842,1829,986
1843,1832,1806
1844,798,568
1845,1842,1837
1846,1782,437
1847,577,507
1848,661,645
1849,1830,1809
1850,1843,695
1851,947,687
1852,1846,1676
1853,1814,512
1854,950,612
1855,1831,897
1856,1845,1841
1857,1752,1661
1858,870,488
1859,1854,797
1860,611,450
1861,1762,90
1862,1850,1849
1863,1817,394
1864,1690,632
1865,1863,1691
1866,1862,582
1867,1866,543
1868,1867,733
1869,1839,1812
1870,1820,388
1871,1780,0
1872,1777,379
1873,1844,732
1874,1856,787
1875,1874,770
1876,811,654
1877,1875,621
1878,1868,321
1879,1878,1853
1880,1847,48
1881,1851,840
1882,1679,566
1883,1879,1798
1884,1877,644
1885,1884,1865
1886,1883,349
1887,890,239
1888,1781,1158
1889,1836,978
1890,1885,1864
1891,788,647
1892,1890,555
1893,1861,1855
1894,1892,1815
1895,550,290
1896,1886,833
1897,1894,1873
1898,1591,858
1899,1852,182
1900,726,289
1901,1896,1857
1902,1881,1859
1903,1897,665
1904,1903,1882
1905,1870,1799
1906,1901,677
1907,1906,121
1908,852,738
1909,1858,1838
1910,1907,1653
1911,1889,1723
1912,1904,584
1913,1912,516
1914,1604,941
1915,1589,962
1916,991,592
1917,1848,1785
1918,1872,277
1919,1813,120
1920,1910,953
1921,980,308
1922,1913,782
1923,1922,1893
1924,1920,690
1925,1911,1891
1926,1925,1871
1927,1923,847
1928,1927,1902
1929,1924,1899
1930,1888,60
1931,1928,821
1932,1898,1749
1933,1929,1531
1934,1931,1876
1935,1869,421
1936,1833,525
1937,1934,1834
1938,1905,864
1939,1937,386
1940,1939,1933
1941,1926,1908
1942,1917,668
1943,1941,1936
1944,1942,1860
1945,1932,1919
1946,973,22
1947,1909,954
1948,1943,1880
1949,1914,754
1950,1938,1918
1951,1887,785
1952,1756,997
1953,1940,1935
1954,1952,101
1955,1948,871
1956,1953,938
1957,1947,1945
1958,132,40
1959,1949,930
1960,1956,1944
1961,1668,578
1962,1955,589
1963,1954,34
1964,1960,563
1965,1964,596
1966,1965,1895
1967,1966,267
1968,1967,502
1969,1930,1840
1970,402,64
1971,1968,1957
1972,1962,1761
1973,1972,1950
1974,1961,1951
1975,1971,513
1976,1975,1915
1977,1976,1970
1978,1977,247
1979,1978,1959
1980,1946,728
1981,1979,393
1982,1981,1921
1983,1982,1958
1984,1900,380
1985,1974,1973
1986,1985,1983
1987,1986,156
1988,1963,1916
1989,1988,245
1990,1987,1980
1991,1989,651
1992,1991,917
1993,1990,1984
1994,1993,534
1995,1994,1969
1996,1995,160
1997,1992,71
1998,1997,1996
