1000,433,53
1001,96,94
1002,409,207
1003,1001,150
1004,477,117
1005,490,220
1006,389,20
1007,1000,390
1008,41,33
1009,1007,215
1010,398,367
1011,1009,77
1012,1005,1004
1013,251,135
1014,815,714
1015,253,112
1016,1003,43
1017,410,138
1018,151,86
1019,285,75
1020,401,368
1021,339,74
1022,1010,72
1023,1014,1011
1024,1008,219
1025,449,152
1026,124,103
1027,237,89
1028,231,107
1029,204,146
1030,1002,354
1031,62,12
1032,1012,170
1033,453,261
1034,1020,392
1035,281,246
1036,257,59
1037,243,79
1038,1013,115
1039,1031,171
1040,1034,119
1041,1029,37
1042,1023,901
1043,413,371
1044,1030,429
1045,1016,963
1046,465,278
1047,495,403
1048,722,501
1049,1038,1017
1050,1024,440
1051,1022,1006
1052,279,168
1053,1050,527
1054,1042,73
1055,1032,658
1056,260,255
1057,1045,508
1058,1044,88
1059,1039,310
1060,1055,987
1061,1060,742
1062,1053,343
1063,200,167
1064,1026,880
1065,353,344
1066,1037,270
1067,1048,1021
1068,1035,442
1069,300,218
1070,1054,1027
1071,439,108
1072,291,4
1073,1061,1018
1074,1049,762
1075,438,259
1076,655,184
1077,1062,192
1078,1070,793
1079,1057,199
1080,189,47
1081,906,15
1082,1043,1041
1083,470,51
1084,587,118
1085,1066,876
1086,1036,423
1087,395,357
1088,1074,1067
1089,292,238
1090,307,252
1091,425,337
1092,1073,1019
1093,1077,935
1094,498,275
1095,370,304
1096,1088,1065
1097,1093,1069
1098,236,202
1099,1078,916
1100,420,318
1101,97,91
1102,106,42
1103,1089,1040
1104,626,412
1105,287,28
1106,179,61
1107,1079,491
1108,1099,298
1109,805,635
1110,299,186
1111,334,258
1112,1108,860
1113,1052,129
1114,1086,1083
1115,1097,1081
1116,1112,286
1117,1087,1064
1118,1116,838
1119,1100,272
1120,1101,312
1121,796,739
1122,1047,418
1123,1063,313
1124,1028,1025
1125,1092,70
1126,1082,778
1127,1085,416
1128,1068,415
1129,1118,1059
1130,1126,1107
1131,1051,263
1132,545,500
1133,1015,143
1134,1033,223
1135,1071,6
1136,497,469
1137,1104,9
1138,1072,194
1139,407,317
1140,1125,137
1141,1096,122
1142,1103,360
1143,1094,196
1144,1111,346
1145,1137,979
1146,1141,776
1147,1115,923
1148,397,104
1149,1129,1105
1150,872,476
1151,1127,203
1152,1075,365
1153,1119,161
1154,249,210
1155,1058,879
1156,1090,280
1157,149,10
1158,316,306
1159,1120,350
1160,1128,639
1161,790,424
1162,972,736
1163,1110,351
1164,993,765
1165,1142,273
1166,784,629
1167,1149,789
1168,1151,46
1169,1130,314
1170,1167,540
1171,1091,133
1172,1140,1106
1173,1146,915
1174,1117,1046
1175,1170,940
1176,933,610
1177,452,254
1178,1160,363
1179,1147,1114
1180,185,67
1181,1173,1084
1182,1155,1122
1183,1138,1131
1184,176,31
1185,1121,541
1186,949,358
1187,274,205
1188,1152,1139
1189,457,56
1190,1156,256
1191,134,81
1192,1175,791
1193,1192,1172
1194,1132,712
1195,1179,175
1196,1166,892
1197,1145,510
1198,1181,529
1199,1080,473
1200,1183,1113
1201,426,187
1202,178,84
1203,1135,493
1204,849,710
1205,481,87
1206,451,130
1207,1198,1185
1208,504,319
1209,1193,984
1210,468,111
1211,865,781
1212,1209,517
1213,1095,283
1214,434,269
1215,1186,266
1216,1199,333
1217,944,800
1218,1169,1123
1219,1178,148
1220,1161,1153
1221,1196,694
1222,1165,232
1223,480,233
1224,1102,341
1225,1195,862
1226,496,100
1227,1168,1150
1228,229,25
1229,467,322
1230,1157,348
1231,975,524
1232,1207,579
1233,1174,662
1234,1197,1076
1235,1133,1
1236,461,406
1237,717,528
1238,686,436
1239,387,144
1240,1182,411
1241,705,38
1242,831,296
1243,1213,475
1244,1164,17
1245,909,444
1246,1218,248
1247,1227,1176
1248,1233,734
1249,1225,325
1250,1212,606
1251,995,692
1252,1232,746
1253,1194,605
1254,448,68
1255,1249,750
1256,268,54
1257,1250,874
1258,1177,361
1259,1143,24
1260,659,572
1261,1255,1252
1262,400,241
1263,165,30
1264,1257,1144
1265,1246,1134
1266,1247,190
1267,1238,604
1268,1248,622
1269,982,741
1270,990,136
1271,1163,139
1272,1234,1217
1273,1200,109
1274,1220,454
1275,347,327
1276,1260,928
1277,1261,1245
1278,1222,1188
1279,601,191
1280,1224,441
1281,1219,751
1282,1273,1215
1283,297,201
1284,1221,565
1285,846,685
1286,878,843
1287,1216,382
1288,1202,499
1289,924,672
1290,1210,211
1291,1277,936
1292,383,302
1293,63,52
1294,1241,743
1295,1191,1159
1296,1291,1203
1297,1264,1244
1298,1162,983
1299,1253,803
1300,1265,217
1301,1281,332
1302,866,772
1303,1299,1266
1304,1285,1272
1305,1237,859
1306,1300,459
1307,1268,719
1308,446,408
1309,1230,422
1310,214,164
1311,1297,1294
1312,1296,761
1313,988,977
1314,1235,193
1315,1284,904
1316,1312,1304
1317,1267,748
1318,1274,1180
1319,157,78
1320,1211,16
1321,1154,929
1322,1307,814
1323,1208,303
1324,956,602
1325,1302,824
1326,598,114
1327,1278,1201
1328,1301,1190
1329,342,80
1330,729,656
1331,1306,856
1332,966,698
1333,460,419
1334,1315,740
1335,1331,562
1336,1282,212
1337,373,177
1338,1254,1243
1339,1240,1223
1340,1229,430
1341,1316,669
1342,1187,335
1343,1311,1280
1344,1335,1317
1345,609,435
1346,1341,715
1347,1251,836
1348,456,32
1349,1231,943
1350,1318,1271
1351,1346,553
1352,848,758
1353,1056,228
1354,464,83
1355,1343,1270
1356,650,544
1357,1298,1276
1358,1204,503
1359,1327,240
1360,1309,66
1361,1334,745
1362,1351,1279
1363,1344,1322
1364,1355,1269
1365,1362,877
1366,777,55
1367,1303,624
1368,1286,795
1369,1363,599
1370,955,567
1371,336,213
1372,1365,1313
1373,898,593
1374,1295,432
1375,559,558
1376,614,547
1377,1372,1339
1378,1364,1242
1379,985,913
1380,640,586
1381,1367,1336
1382,1361,808
1383,850,93
1384,331,102
1385,1289,822
1386,768,328
1387,147,126
1388,716,571
1389,1369,594
1390,224,140
1391,1377,1305
1392,1378,197
1393,142,29
1394,1228,752
1395,1319,708
1396,1350,1206
1397,1392,58
1398,1338,1214
1399,1136,1124
1400,1368,576
1401,427,345
1402,837,554
1403,1310,234
1404,1098,169
1405,492,110
1406,145,92
1407,1357,1326
1408,1359,1328
1409,1391,1320
1410,428,155
1411,1389,1382
1412,957,679
1413,1283,802
1414,1397,523
1415,839,590
1416,123,23
1417,305,162
1418,1148,825
1419,1352,209
1420,1189,952
1421,1411,888
1422,1374,1337
1423,1409,1379
1424,1421,735
1425,1323,1292
1426,1354,1256
1427,1414,1366
1428,1356,542
1429,1332,688
1430,1407,1325
1431,1396,1314
1432,701,225
1433,1400,942
1434,1321,381
1435,320,208
1436,1424,763
1437,479,195
1438,1263,99
1439,1423,1415
1440,1358,657
1441,549,518
1442,920,700
1443,166,7
1444,1436,812
1445,992,680
1446,1427,1293
1447,216,172
1448,1384,141
1449,1444,1385
1450,1388,711
1451,709,443
1452,293,262
1453,1398,918
1454,1308,1205
1455,1430,539
1456,1403,895
1457,198,125
1458,1399,324
1459,1439,783
1460,1418,1290
1461,1449,744
1462,1394,1349
1463,721,76
1464,1455,1381
1465,1450,548
1466,1236,49
1467,1459,627
1468,1461,842
1469,1467,546
1470,623,581
1471,1469,902
1472,301,288
1473,1468,660
1474,265,227
1475,326,128
1476,766,731
1477,1406,1239
1478,466,282
1479,538,506
1480,1473,896
1481,1412,1347
1482,827,377
1483,1480,889
1484,1471,900
1485,1484,706
1486,845,532
1487,463,113
1488,1446,1393
1489,1485,851
1490,1489,683
1491,1441,1440
1492,932,183
1493,1464,1433
1494,667,619
1495,1445,1442
1496,828,818
1497,1405,474
1498,1483,704
1499,1490,330
1500,295,69
1501,1419,1109
1502,1465,779
1503,1425,13
1504,1488,180
1505,1460,749
1506,159,36
1507,1499,1413
1508,970,613
1509,691,646
1510,1507,1476
1511,893,764
1512,1434,396
1513,1498,804
1514,1504,775
1515,1431,226
1516,1448,271
1517,1514,1184
1518,1481,1408
1519,1401,873
1520,375,309
1521,414,21
1522,1513,561
1523,1466,1360
1524,1510,899
1525,1426,1340
1526,1493,631
1527,355,173
1528,1428,841
1529,801,637
1530,1330,595
1531,1524,767
1532,1422,1395
1533,1517,85
1534,1518,759
1535,1531,1429
1536,1375,673
1537,1509,886
1538,1515,564
1539,1432,1262
1540,1528,1522
1541,1535,1491
1542,1383,39
1543,1519,1451
1544,1288,1171
1545,1462,887
1546,1470,989
1547,1402,1370
1548,1497,1258
1549,1533,1474
1550,1540,1526
1551,1420,907
1552,1373,620
1553,1453,882
1554,1545,8
1555,1386,934
1556,1404,250
1557,1541,670
1558,939,352
1559,855,792
1560,1549,1456
1561,1443,806
1562,1380,608
1563,927,922
1564,1259,329
1565,1557,1539
1566,1458,1287
1567,1536,724
1568,1479,634
1569,1512,431
1570,1534,1348
1571,1532,960
1572,881,585
1573,1503,653
1574,1538,1329
1575,1506,1342
1576,1553,1475
1577,867,820
1578,1565,1477
1579,1560,969
1580,1550,925
1581,364,315
1582,1580,1505
1583,1578,1324
1584,1525,1438
1585,1579,1494
1586,1333,760
1587,1543,702
1588,1583,511
1589,1530,912
1590,649,494
1591,1588,1585
1592,405,338
1593,1226,588
1594,1478,127
1595,1570,730
1596,1486,536
1597,1582,857
1598,1447,3
1599,1595,1390
1600,1495,618
1601,1589,1353
1602,1569,478
1603,1463,981
1604,1554,607
1605,1501,844
1606,1482,552
1607,356,35
1608,340,181
1609,1521,1508
1610,1561,999
1611,485,153
1612,994,696
1613,1496,603
1614,1599,514
1615,1566,1454
1616,1502,747
1617,1591,707
1618,1597,914
1619,1614,926
1620,1567,1452
1621,1619,1435
1622,1602,1587
1623,666,648
1624,1618,965
1625,830,617
1626,1624,1511
1627,1275,27
1628,1345,378
1629,472,206
1630,1617,1551
1631,486,374
1632,723,522
1633,1609,1571
1634,1516,2
1635,1625,1552
1636,1556,484
1637,1626,769
1638,1621,931
1639,384,19
1640,1577,276
1641,483,26
1642,1576,163
1643,937,520
1644,1604,971
1645,1638,1596
1646,1637,1573
1647,1568,905
1648,1630,908
1649,863,675
1650,945,526
1651,311,244
1652,868,829
1653,773,671
1654,1559,509
1655,1646,1529
1656,1457,533
1657,1642,1600
1658,1616,737
1659,1634,1562
1660,1645,580
1661,1660,699
1662,1655,551
1663,894,531
1664,391,323
1665,1605,810
1666,1661,875
1667,678,5
1668,1662,1620
1669,720,664
1670,1652,1643
1671,1622,1574
1672,1668,974
1673,1648,809
1674,1544,819
1675,1672,1640
1676,1623,921
1677,1673,884
1678,1629,230
1679,1594,1520
1680,1598,366
1681,1677,1671
1682,388,372
1683,447,105
1684,1586,816
1685,1639,1472
1686,1603,1542
1687,1644,1376
1688,1632,1546
1689,1666,946
1690,689,131
1691,976,727
1692,1658,1635
1693,1647,1612
1694,98,45
1695,771,284
1696,1675,713
1697,1696,1689
1698,813,630
1699,1694,1665
1700,1523,1500
1701,1575,385
1702,1633,967
1703,1681,1492
1704,1487,1387
1705,1703,557
1706,359,235
1707,826,799
1708,1705,1654
1709,1593,1548
1710,1670,1613
1711,903,891
1712,1693,515
1713,1564,757
1714,1708,652
1715,1628,1572
1716,1417,458
1717,1657,1611
1718,1653,1410
1719,885,597
1720,823,556
1721,1437,222
1722,959,560
1723,625,482
1724,1659,1555
1725,794,487
1726,221,82
1727,1714,521
1728,1727,535
1729,703,188
1730,1710,681
1731,1558,14
1732,1656,998
1733,1712,1697
1734,1728,951
1735,1702,1676
1736,1734,786
1737,1733,780
1738,1736,1663
1739,1699,569
1740,1738,642
1741,1732,1610
1742,1537,519
1743,1737,854
1744,948,583
1745,1740,853
1746,1688,755
1747,1743,964
1748,1713,471
1749,1747,1641
1750,1649,958
1751,182,11
1752,1692,1650
1753,1749,1717
1754,445,242
1755,1581,417
1756,1742,682
1757,1674,1615
1758,1687,1601
1759,1627,158
1760,1608,1563
1761,1753,1739
1762,1680,455
1763,1745,591
1764,1763,693
1765,1711,575
1766,1730,911
1767,1631,1584
1768,1764,1704
1769,1731,1718
1770,1761,1685
1771,1606,968
1772,1667,1416
1773,1735,1719
1774,1768,697
1775,1770,641
1776,1756,1698
1777,869,174
1778,1774,663
1779,1748,95
1780,919,362
1781,1729,643
1782,1778,615
1783,1782,1766
1784,1758,1707
1785,1722,628
1786,1682,1371
1787,1726,1636
1788,1775,616
1789,1721,1701
1790,1783,570
1791,399,57
1792,890,537
1793,1790,573
1794,1746,684
1795,1741,1686
1796,1750,832
1797,1788,774
1798,1797,1767
1799,1773,636
1800,1793,1725
1801,1800,807
1802,1720,996
1803,1709,1592
1804,1794,756
1805,1801,1744
1806,1724,883
1807,1684,543
1808,1771,674
1809,1798,817
1810,1809,633
1811,1669,798
1812,1810,530
1813,1777,753
1814,1812,489
1815,1805,961
1816,1814,505
1817,1799,264
1818,1679,1607
1819,1815,369
1820,1716,116
1821,1816,676
1822,1819,1547
1823,1821,725
1824,1715,1683
1825,512,65
1826,1823,1796
1827,1822,1700
1828,1779,687
1829,1826,1769
1830,1829,600
1831,574,568
1832,437,50
1833,1784,1776
1834,1785,1765
1835,1827,910
1836,1804,294
1837,1833,1802
1838,1817,1772
1839,834,718
1840,1806,1781
1841,1830,1795
1842,1780,1755
1843,1787,18
1844,1835,1808
1845,1841,835
1846,1836,1834
1847,1807,44
1848,577,507
1849,661,645
1850,1845,986
1851,1820,488
1852,1792,239
1853,1850,861
1854,1832,1828
1855,950,612
1856,1786,897
1857,1853,770
1858,1789,1754
1859,1857,1811
1860,1859,1846
1861,1838,1837
1862,973,404
1863,1844,695
1864,1855,797
1865,611,450
1866,1760,90
1867,1840,1831
1868,1866,376
1869,1863,582
1870,1856,1824
1871,1690,632
1872,1860,1847
1873,1869,1664
1874,1873,733
1875,947,840
1876,1851,1752
1877,1872,621
1878,1874,349
1879,1878,321
1880,1877,732
1881,1880,787
1882,1881,1854
1883,811,654
1884,1879,1651
1885,1884,1858
1886,1803,858
1887,1848,48
1888,1882,644
1889,1888,1691
1890,1762,1678
1891,1867,0
1892,1885,1825
1893,1889,1871
1894,1892,726
1895,1893,665
1896,1158,60
1897,1895,584
1898,788,647
1899,1791,1706
1900,1894,121
1901,550,290
1902,1897,555
1903,1842,870
1904,1875,1864
1905,1902,941
1906,1900,833
1907,1906,677
1908,1905,516
1909,1862,566
1910,1907,1876
1911,1908,1891
1912,852,738
1913,1861,978
1914,1590,962
1915,991,592
1916,1911,394
1917,1916,1913
1918,1868,525
1919,1818,421
1920,980,308
1921,1910,953
1922,1870,864
1923,847,596
1924,154,120
1925,1917,1852
1926,1527,502
1927,1921,690
1928,1925,1904
1929,1928,1883
1930,1927,782
1931,1930,1813
1932,1929,821
1933,1932,1918
1934,1849,638
1935,1933,1886
1936,379,277
1937,1931,386
1938,1935,1912
1939,1937,1926
1940,1919,1751
1941,1898,785
1942,1938,871
1943,1903,1890
1944,1909,22
1945,1922,1887
1946,1939,1865
1947,1946,40
1948,1839,1723
1949,1943,1942
1950,1949,1901
1951,1757,997
1952,1941,578
1953,1934,668
1954,1950,402
1955,1954,1947
1956,1951,1915
1957,1955,1923
1958,1957,1940
1959,1958,938
1960,1899,930
1961,1945,462
1962,1944,132
1963,1936,1896
1964,1959,563
1965,393,267
1966,1956,101
1967,1924,954
1968,1964,1960
1969,1952,1948
1970,247,64
1971,1966,34
1972,1968,513
1973,1972,1953
1974,1973,1914
1975,1974,1965
1976,1975,1970
1977,1969,589
1978,1695,245
1979,1962,728
1980,1976,1920
1981,1977,1759
1982,1980,1967
1983,380,289
1984,1982,1979
1985,1984,156
1986,1985,754
1987,1981,1978
1988,1961,71
1989,1988,534
1990,1989,1986
1991,1990,1963
1992,1971,917
1993,1992,651
1994,1987,160
1995,1991,1983
1996,1995,1994
1997,1996,1843
1998,1997,1993
