4000,2338,1598
4001,3643,2145
4002,4001,3885
4003,4000,3261
4004,2279,2030
4005,2340,2138
4006,4002,3977
4007,3069,1281
4008,3686,2860
4009,4007,2309
4010,4003,2395
4011,4004,477
4012,3539,3526
4013,4009,2133
4014,3827,3712
4015,4006,2497
4016,4010,1315
4017,3755,2746
4018,1242,433
4019,4005,96
4020,4013,2559
4021,4015,3292
4022,4011,2243
4023,3707,2374
4024,3950,1201
4025,4021,3920
4026,4019,1951
4027,3650,2070
4028,4020,2051
4029,4028,33
4030,4022,2306
4031,4024,3763
4032,4027,1013
4033,4018,2383
4034,3768,3346
4035,1926,1857
4036,3068,3036
4037,4025,1219
4038,4016,3208
4039,4030,2661
4040,1096,390
4041,3290,150
4042,4037,3377
4043,3600,3427
4044,4033,1098
4045,4032,2387
4046,4026,94
4047,4038,2403
4048,3530,3108
4049,4029,4023
4050,3928,3666
4051,4031,3689
4052,3860,3088
4053,4039,3110
4054,2430,2287
4055,3023,41
4056,3153,1177
4057,4045,74
4058,4052,4017
4059,409,207
4060,4042,1073
4061,3298,2118
4062,4047,4043
4063,3448,3234
4064,4058,3260
4065,4012,117
4066,4049,2074
4067,4044,53
4068,4041,3033
4069,4060,4048
4070,3095,2259
4071,2331,2302
4072,3019,47
4073,4062,1357
4074,2582,220
4075,4069,3734
4076,4066,4056
4077,3970,79
4078,4073,3300
4079,4075,4008
4080,4067,4040
4081,4014,3146
4082,3279,3015
4083,389,20
4084,3711,3691
4085,4050,4035
4086,4078,4051
4087,4055,3203
4088,3919,3899
4089,4068,3856
4090,3982,2264
4091,4076,2339
4092,2057,1649
4093,4053,2849
4094,3698,3555
4095,2222,1742
4096,4079,3998
4097,4072,3057
4098,4096,2466
4099,3429,3276
4100,3319,3259
4101,2464,1984
4102,4087,4085
4103,1131,815
4104,4064,3606
4105,4081,1188
4106,4046,4036
4107,4034,3681
4108,4065,1084
4109,4090,1137
4110,4106,4086
4111,3770,3391
4112,3610,3601
4113,4091,4054
4114,4101,4098
4115,3496,43
4116,398,367
4117,2099,2035
4118,3695,1523
4119,4080,2164
4120,4093,2008
4121,4104,2729
4122,1838,1544
4123,4114,4061
4124,3805,3022
4125,4077,3064
4126,4089,3246
4127,4070,1657
4128,4074,490
4129,215,77
4130,4057,2294
4131,3633,135
4132,4105,4095
4133,4126,4107
4134,4120,1154
4135,2662,1093
4136,4088,3908
4137,4071,1881
4138,4119,4103
4139,4132,3438
4140,2120,497
4141,2580,429
4142,4110,124
4143,3456,3173
4144,4063,1144
4145,1446,1018
4146,4111,3447
4147,4134,1892
4148,3047,2317
4149,4136,4097
4150,2679,1439
4151,4142,4122
4152,1778,1133
4153,4113,2232
4154,3205,1968
4155,3629,3244
4156,2273,2199
4157,253,112
4158,4143,4099
4159,4117,3561
4160,4153,3799
4161,4138,714
4162,4121,3083
4163,4123,2443
4164,3359,3187
4165,4092,2378
4166,4135,4131
4167,4083,3909
4168,4059,3753
4169,410,138
4170,3183,3004
4171,4161,4147
4172,151,86
4173,4148,2328
4174,4163,4139
4175,285,75
4176,401,368
4177,4125,1647
4178,4137,204
4179,1834,251
4180,4151,3954
4181,4133,4115
4182,4128,4108
4183,2536,1195
4184,3943,2104
4185,3365,3310
4186,2244,2233
4187,3769,3683
4188,4124,2391
4189,3403,1566
4190,2477,1675
4191,4180,3459
4192,1489,1478
4193,4156,3229
4194,3441,246
4195,2181,465
4196,4152,1349
4197,4174,4084
4198,2522,1631
4199,2886,1536
4200,4173,4130
4201,2071,168
4202,1481,353
4203,1150,1052
4204,3506,2149
4205,4102,1928
4206,3961,1513
4207,4191,1425
4208,1347,371
4209,4116,72
4210,2685,1890
4211,3131,89
4212,4160,3100
4213,4162,4154
4214,3220,243
4215,4145,1321
4216,4197,2438
4217,4166,1039
4218,449,152
4219,3098,1924
4220,3554,1777
4221,4127,1734
4222,4149,3717
4223,3449,3029
4224,4212,1504
4225,4177,4170
4226,231,107
4227,4168,3596
4228,3905,3902
4229,4158,3674
4230,4225,4216
4231,4189,1265
4232,4109,3469
4233,2832,1423
4234,4190,1567
4235,3184,3094
4236,4224,4217
4237,4178,146
4238,4214,4094
4239,4181,4155
4240,4200,4165
4241,1661,501
4242,2412,1220
4243,62,12
4244,4210,4118
4245,4211,237
4246,4146,3374
4247,4129,2816
4248,3761,97
4249,3495,3198
4250,4207,3254
4251,4232,4171
4252,453,261
4253,1275,1082
4254,4205,1283
4255,4176,392
4256,4236,901
4257,4250,4204
4258,4182,170
4259,4239,2564
4260,4240,1338
4261,4256,2487
4262,4184,2511
4263,4169,354
4264,4193,1292
4265,4233,3814
4266,4188,2523
4267,3671,1107
4268,1342,963
4269,1772,1589
4270,257,59
4271,4192,1815
4272,4254,1020
4273,4112,2368
4274,3967,2352
4275,4238,4213
4276,4257,1886
4277,4100,3959
4278,4198,1825
4279,1334,1272
4280,4195,3846
4281,4259,1747
4282,3781,252
4283,4261,1676
4284,4221,3051
4285,4247,73
4286,1433,357
4287,3369,413
4288,2183,2129
4289,4269,3529
4290,4251,2632
4291,3294,1615
4292,4264,4206
4293,4230,3269
4294,4208,3382
4295,2192,2064
4296,4260,1840
4297,4243,171
4298,2393,2337
4299,4159,2301
4300,4227,2878
4301,4201,2353
4302,4276,103
4303,4244,2550
4304,3457,2680
4305,4283,762
4306,3440,3243
4307,2343,1040
4308,4293,3400
4309,4255,119
4310,4281,3819
4311,4229,3356
4312,4237,3137
4313,4272,3212
4314,4305,3164
4315,4082,1979
4316,4302,4284
4317,4308,3670
4318,2255,2174
4319,4314,2007
4320,3307,3041
4321,4141,9
4322,4317,2256
4323,4248,3958
4324,4290,4175
4325,4296,1692
4326,3085,2546
4327,3470,1941
4328,4313,4199
4329,3372,2380
4330,1577,1035
4331,4241,722
4332,4310,3742
4333,3514,1991
4334,4325,2308
4335,3904,3079
4336,495,403
4337,3966,3922
4338,1180,527
4339,4179,1430
4340,3907,1457
4341,3413,2844
4342,4319,2010
4343,2314,1311
4344,3395,46
4345,1087,880
4346,4306,4222
4347,4246,4235
4348,2432,2375
4349,4271,4245
4350,3708,1826
4351,4332,4220
4352,4297,1329
4353,3869,3210
4354,4288,4172
4355,3192,2193
4356,4324,4183
4357,3366,1122
4358,3332,2176
4359,4292,1557
4360,440,218
4361,3540,1400
4362,4326,2329
4363,4316,4312
4364,4331,4203
4365,1068,793
4366,4328,1708
4367,3384,287
4368,4299,3588
4369,4263,2565
4370,4342,3900
4371,4266,3820
4372,4300,3826
4373,4167,4144
4374,3373,2584
4375,1835,1605
4376,4356,742
4377,3221,1295
4378,2507,2202
4379,2514,1746
4380,4366,4343
4381,2218,1141
4382,3385,1994
4383,4322,4196
4384,4301,2988
4385,4376,4265
4386,4370,219
4387,4334,1168
4388,3103,2455
4389,4274,192
4390,260,255
4391,1601,37
4392,4347,4311
4393,4386,115
4394,3375,3222
4395,442,281
4396,4393,3299
4397,3773,3273
4398,2276,17
4399,4315,1497
4400,4285,1375
4401,3136,491
4402,4268,1814
4403,1877,1320
4404,4223,370
4405,1193,1006
4406,3721,4
4407,4363,4289
4408,4387,2332
4409,4351,3285
4410,4383,4234
4411,3286,3018
4412,4396,3971
4413,3626,3510
4414,4275,876
4415,3213,1266
4416,4359,3743
4417,4267,1230
4418,3910,1660
4419,4412,1282
4420,4150,2917
4421,4278,3123
4422,3831,3225
4423,4219,1126
4424,3306,929
4425,4385,987
4426,200,167
4427,1967,1856
4428,3211,3209
4429,3778,1603
4430,4409,3785
4431,4407,3043
4432,4298,2282
4433,1757,460
4434,2472,1251
4435,3314,317
4436,4431,3504
4437,4402,508
4438,4371,3258
4439,4321,184
4440,4253,1308
4441,2344,1299
4442,4419,1398
4443,4404,3675
4444,4282,307
4445,4425,1114
4446,4430,4303
4447,4416,1132
4448,4164,279
4449,4442,1037
4450,3547,2335
4451,4421,1239
4452,4187,4140
4453,4414,4392
4454,3160,3087
4455,4280,2388
4456,4368,3802
4457,4372,2108
4458,4436,4374
4459,4360,300
4460,3399,2759
4461,1125,626
4462,4408,2081
4463,4242,3329
4464,4215,1463
4465,4304,3590
4466,4389,343
4467,4380,344
4468,4445,658
4469,4294,3986
4470,439,108
4471,4277,3918
4472,1498,1224
4473,4287,2240
4474,3394,3257
4475,4458,1883
4476,4410,4327
4477,4345,3387
4478,4449,1337
4479,4375,339
4480,3921,1552
4481,4352,310
4482,4438,4231
4483,4468,4365
4484,3283,3193
4485,4478,4361
4486,4475,2047
4487,4323,1758
4488,4446,2877
4489,4262,2955
4490,4467,3297
4491,4373,3634
4492,2928,314
4493,4355,4286
4494,4349,1737
4495,2962,1127
4496,438,259
4497,4400,298
4498,3228,2367
4499,4369,3854
4500,4333,4258
4501,4185,3488
4502,4471,3309
4503,3172,1450
4504,4486,1306
4505,4338,1367
4506,4320,1083
4507,4504,4411
4508,4485,4462
4509,2621,1868
4510,4367,4307
4511,4476,4384
4512,3347,500
4513,4490,2911
4514,3101,1503
4515,3313,1831
4516,4477,2103
4517,4466,4447
4518,3825,2938
4519,906,15
4520,4483,1186
4521,4186,1079
4522,4364,1505
4523,4480,4451
4524,4273,3527
4525,470,51
4526,3340,2423
4527,4399,1529
4528,4346,2297
4529,4520,4354
4530,4461,4339
4531,587,118
4532,4456,3132
4533,3002,1384
4534,4279,1579
4535,2085,1710
4536,4270,423
4537,3944,3574
4538,4528,2056
4539,4513,1368
4540,4488,3178
4541,4511,1959
4542,4455,1372
4543,3128,3046
4544,2361,1415
4545,4391,2360
4546,4529,2097
4547,3185,2742
4548,4539,3960
4549,4417,1646
4550,4295,1051
4551,4403,1017
4552,4540,1101
4553,4401,2450
4554,4514,4418
4555,4507,1434
4556,4500,3709
4557,3517,3472
4558,2686,629
4559,292,238
4560,3638,3492
4561,425,337
4562,4541,2105
4563,4552,4453
4564,1876,360
4565,4555,3648
4566,4508,1606
4567,1382,935
4568,4228,3945
4569,4566,2420
4570,2234,210
4571,4473,199
4572,4405,3056
4573,4565,1537
4574,498,275
4575,4506,3090
4576,3836,3378
4577,4341,3868
4578,4335,3479
4579,4573,4517
4580,4546,4497
4581,4202,2170
4582,3171,104
4583,4420,286
4584,3197,1424
4585,1530,1379
4586,4567,4548
4587,4348,2015
4588,4530,4427
4589,2751,2608
4590,4532,1819
4591,4522,4499
4592,4554,4482
4593,236,202
4594,4489,1091
4595,2567,838
4596,4381,1417
4597,4437,1586
4598,4549,4377
4599,1333,1297
4600,4440,1386
4601,4249,1917
4602,4562,2508
4603,420,318
4604,106,42
4605,1860,1643
4606,4586,4569
4607,4329,1619
4608,4362,68
4609,4580,4494
4610,3895,860
4611,3021,270
4612,4602,4423
4613,4505,4459
4614,4519,4441
4615,2534,879
4616,2296,784
4617,2060,1591
4618,4465,1029
4619,4579,4516
4620,4209,350
4621,4556,3762
4622,4330,2185
4623,2454,189
4624,4491,4413
4625,4559,4309
4626,2480,1095
4627,3940,3722
4628,179,61
4629,3238,331
4630,4515,3775
4631,4502,3694
4632,1204,88
4633,4524,4429
4634,4406,291
4635,2326,1041
4636,4521,3236
4637,4544,2880
4638,4581,1681
4639,4576,4194
4640,3024,1585
4641,4394,3084
4642,805,635
4643,4619,4493
4644,4609,4378
4645,299,186
4646,4452,4218
4647,3061,3003
4648,334,258
4649,1914,778
4650,4612,1304
4651,3669,1206
4652,2943,2836
4653,4543,3887
4654,4503,949
4655,2812,2792
4656,4509,1885
4657,4397,452
4658,4457,4395
4659,3402,3322
4660,4553,2646
4661,4358,3189
4662,4594,3914
4663,2861,1894
4664,4598,3622
4665,4611,129
4666,1923,1648
4667,4536,4439
4668,2637,2088
4669,4613,1602
4670,4542,278
4671,4643,3255
4672,4379,2150
4673,4527,4510
4674,4382,4291
4675,4534,979
4676,2638,2354
4677,4671,3972
4678,4432,2096
4679,3653,3581
4680,4550,395
4681,1787,1257
4682,4450,2509
4683,4644,1560
4684,2547,1345
4685,1435,1028
4686,4588,1217
4687,4677,4472
4688,4577,3624
4689,2130,1253
4690,4523,2366
4691,4649,3859
4692,4398,1350
4693,4618,1919
4694,4659,2827
4695,4664,4650
4696,4653,4590
4697,3817,2143
4698,4606,4591
4699,4434,4426
4700,4673,1422
4701,1761,1216
4702,2602,1044
4703,4512,4463
4704,4634,4563
4705,4474,1976
4706,4687,1034
4707,4623,4538
4708,3165,2760
4709,3312,229
4710,3435,1891
4711,4621,1291
4712,1693,400
4713,4583,1471
4714,4706,2160
4715,4444,280
4716,4646,3929
4717,4564,1707
4718,4683,916
4719,4714,4592
4720,4422,3877
4721,3824,2993
4722,3170,1656
4723,4637,2691
4724,4704,4624
4725,3155,2372
4726,4603,272
4727,4695,4587
4728,2757,1108
4729,796,739
4730,4663,4571
4731,4578,3232
4732,3849,3619
4733,2881,837
4734,3803,397
4735,4469,416
4736,4600,3615
4737,4727,2781
4738,4336,418
4739,2594,705
4740,2112,1429
4741,4496,3835
4742,4702,4388
4743,4698,1187
4744,4660,2414
4745,4690,1393
4746,4672,2978
4747,4665,3049
4748,3397,3161
4749,4669,1164
4750,4595,791
4751,4718,4700
4752,4686,412
4753,4484,3499
4754,4743,1904
4755,4560,1821
4756,3705,468
4757,4479,2866
4758,4719,4596
4759,4668,2300
4760,4754,4599
4761,4749,4614
4762,1913,1645
4763,4711,1390
4764,4622,4357
4765,3345,1611
4766,3735,2635
4767,4744,2485
4768,4737,975
4769,4751,28
4770,4424,1104
4771,3380,268
4772,4443,1454
4773,1274,1067
4774,1376,923
4775,4344,3996
4776,4760,4638
4777,4713,1237
4778,4776,2136
4779,4769,1214
4780,4688,4662
4781,4350,3078
4782,4626,4535
4783,4340,283
4784,3764,1209
4785,2152,1580
4786,4752,4675
4787,3432,1348
4788,984,70
4789,4157,143
4790,3354,3122
4791,4558,1510
4792,4252,223
4793,4735,4689
4794,312,91
4795,4657,4518
4796,1925,1810
4797,4758,4635
4798,4654,358
4799,4353,3407
4800,3481,2910
4801,4470,6
4802,4585,2310
4803,2248,1452
4804,2678,2148
4805,4572,2260
4806,4667,4525
4807,4724,4656
4808,4755,1532
4809,4608,4337
4810,3995,2169
4811,1551,1002
4812,2837,2798
4813,4778,3348
4814,3169,2738
4815,4775,1824
4816,4501,1548
4817,4733,4498
4818,4730,3892
4819,4720,4633
4820,4741,4705
4821,4782,4597
4822,4779,4684
4823,3818,3360
4824,4574,196
4825,4648,346
4826,4802,776
4827,4762,4681
4828,3728,3318
4829,4415,3871
4830,4770,2078
4831,1870,1562
4832,4780,4750
4833,4495,1033
4834,3932,435
4835,3331,383
4836,4708,579
4837,3913,2006
4838,4699,1075
4839,3858,3251
4840,4604,4481
4841,4435,266
4842,4777,1076
4843,4658,639
4844,4797,3642
4845,872,476
4846,4454,3073
4847,4670,2311
4848,4652,3812
4849,4655,2926
4850,4740,2107
4851,4682,1878
4852,4531,2711
4853,4844,2676
4854,4813,3984
4855,4807,4747
4856,4610,1613
4857,4640,3657
4858,4636,2458
4859,4734,134
4860,4726,161
4861,4448,3417
4862,4768,2286
4863,4547,1119
4864,4601,2075
4865,4616,3127
4866,4433,2348
4867,2743,303
4868,4694,3875
4869,4676,2687
4870,4794,4487
4871,4832,4822
4872,3702,1032
4873,1729,191
4874,1402,365
4875,3376,3016
4876,4723,2557
4877,4766,4460
4878,4854,915
4879,2761,2677
4880,3821,2207
4881,3571,2324
4882,4631,25
4883,2408,1507
4884,4763,137
4885,1572,424
4886,4878,4761
4887,2825,2593
4888,4853,662
4889,4838,4742
4890,4627,4537
4891,149,10
4892,1614,1269
4893,4753,4630
4894,4757,1085
4895,4607,2854
4896,4888,1859
4897,3985,3218
4898,3182,2641
4899,4725,2098
4900,3339,1739
4901,4575,3730
4902,4584,3806
4903,4871,940
4904,1370,407
4905,4896,1322
4906,3162,1460
4907,4826,4745
4908,4855,4557
4909,316,306
4910,3651,256
4911,4764,3487
4912,4736,2376
4913,4625,273
4914,3039,892
4915,4862,2572
4916,4716,4226
4917,4691,3428
4918,972,736
4919,3832,3797
4920,1686,363
4921,4645,351
4922,4905,4680
4923,993,765
4924,4886,4318
4925,4696,3544
4926,4615,1156
4927,4746,4678
4928,4703,1473
4929,4772,4641
4930,4721,475
4931,4915,4793
4932,4908,2996
4933,4617,4570
4934,4924,4786
4935,4791,849
4936,4932,1590
4937,2390,593
4938,4551,1319
4939,1247,790
4940,4903,1062
4941,4701,1827
4942,4895,3625
4943,4936,4861
4944,4639,1327
4945,4922,4767
4946,4836,4729
4947,466,313
4948,712,545
4949,4847,1353
4950,4693,4390
4951,4545,4492
4952,1394,434
4953,1359,843
4954,4561,133
4955,4907,122
4956,4940,789
4957,3409,2947
4958,4858,3792
4959,1795,1358
4960,1748,1674
4961,4876,4812
4962,1437,1210
4963,4943,4857
4964,4738,4628
4965,4942,2091
4966,4759,1113
4967,4863,1973
4968,4820,694
4969,4710,4707
4970,3751,2542
4971,933,610
4972,4927,4661
4973,4865,4829
4974,4912,4850
4975,4842,1211
4976,2079,1414
4977,4945,1022
4978,185,67
4979,3081,716
4980,4818,3549
4981,4804,2456
4982,4901,2885
4983,3231,803
4984,4873,1839
4985,4882,4620
4986,4977,4917
4987,4852,3631
4988,4833,862
4989,1494,175
4990,3215,3006
4991,3672,446
4992,4883,4827
4993,4533,3873
4994,4935,2470
4995,4845,4679
4996,3311,2895
4997,4568,3632
4998,4934,4856
4999,176,31
5000,3964,2313
5001,4986,4974
5002,4968,3052
5003,4464,2251
5004,4816,4674
5005,3948,2495
5006,2465,2215
5007,4956,3009
5008,274,205
5009,4931,2379
5010,1811,496
5011,3852,3074
5012,4849,2829
5013,4821,1559
5014,3404,1571
5015,4632,1561
5016,4843,148
5017,457,56
5018,2671,1927
5019,5005,5001
5020,4944,3978
5021,4771,2788
5022,1408,529
5023,2019,1194
5024,2278,1709
5025,4996,2371
5026,5007,4788
5027,4806,3532
5028,5009,4859
5029,4992,4961
5030,3822,3661
5031,4848,3682
5032,4831,1279
5033,4799,2848
5034,4963,4808
5035,4765,3437
5036,5019,1666
5037,5026,540
5038,3729,232
5039,4728,2615
5040,4926,2945
5041,4998,4774
5042,4929,4928
5043,2494,2168
5044,4841,194
5045,2258,686
5046,4949,4582
5047,4980,2970
5048,3265,3082
5049,5034,3884
5050,4872,1965
5051,3991,2189
5052,415,254
5053,4717,1340
5054,5013,1111
5055,3925,1388
5056,4925,4874
5057,1622,1456
5058,4685,1285
5059,4809,3202
5060,3665,233
5061,4860,4840
5062,4803,2141
5063,4798,263
5064,3392,3158
5065,4783,1218
5066,5041,4987
5067,3020,302
5068,1932,1466
5069,4946,4894
5070,1768,296
5071,4815,1313
5072,3744,2995
5073,4692,2929
5074,5028,4971
5075,4952,4902
5076,3389,304
5077,3865,2467
5078,5071,4712
5079,4938,1677
5080,4526,1021
5081,3483,13
5082,5066,4889
5083,2643,1986
5084,4805,750
5085,426,187
5086,4731,3855
5087,5053,1410
5088,3630,1701
5089,2461,541
5090,4884,1833
5091,178,84
5092,4939,781
5093,5049,3837
5094,4972,4965
5095,2665,2590
5096,4995,4911
5097,5037,517
5098,5093,4982
5099,4801,493
5100,1697,1324
5101,3275,3035
5102,4846,1651
5103,2634,2134
5104,5082,2139
5105,1691,1030
5106,3602,3505
5107,481,87
5108,2897,2891
5109,451,130
5110,5036,4970
5111,4899,2714
5112,4651,2157
5113,504,319
5114,1395,419
5115,5104,1184
5116,5097,4887
5117,5059,2220
5118,5115,2847
5119,5020,848
5120,5110,1952
5121,4966,601
5122,4864,4589
5123,4787,1181
5124,5054,2436
5125,5050,5027
5126,5074,2082
5127,4870,1134
5128,5090,743
5129,5120,5051
5130,4869,2493
5131,1170,572
5132,5116,606
5133,4988,2907
5134,5079,1129
5135,5126,203
5136,3396,3007
5137,5094,2023
5138,4913,1655
5139,5132,2712
5140,4795,3500
5141,5002,1704
5142,4814,3931
5143,5098,190
5144,4890,3256
5145,5135,4958
5146,5056,2750
5147,4921,1950
5148,5129,5025
5149,5118,4933
5150,5139,1445
5151,4900,4868
5152,1916,1116
5153,5143,4973
5154,5016,4920
5155,4819,524
5156,5150,3104
5157,5047,4919
5158,4955,995
5159,3017,444
5160,4951,1323
5161,4914,2476
5162,5156,1167
5163,944,800
5164,1516,1365
5165,3896,3062
5166,3663,624
5167,5137,2327
5168,4866,1714
5169,4969,473
5170,1280,1149
5171,5148,2385
5172,2072,772
5173,2785,227
5174,5162,1396
5175,5149,5029
5176,5154,3898
5177,5073,4923
5178,5171,2530
5179,2633,2323
5180,4647,3248
5181,4904,1346
5182,1543,111
5183,5178,5086
5184,5146,4810
5185,5174,4975
5186,5021,2543
5187,5039,4950
5188,5160,2228
5189,5168,4941
5190,5175,5069
5191,4981,3383
5192,4994,2462
5193,5043,5003
5194,4800,4605
5195,5085,5044
5196,1749,411
5197,467,322
5198,4891,348
5199,3989,3591
5200,5141,3509
5201,5145,3536
5202,5183,4796
5203,5084,3227
5204,5190,1016
5205,5024,4830
5206,4789,1
5207,3949,3811
5208,4781,3531
5209,1175,1094
5210,2896,2254
5211,5153,659
5212,5185,990
5213,4893,2570
5214,2961,604
5215,2883,297
5216,5201,3293
5217,5211,5202
5218,3791,2965
5219,5010,4715
5220,5176,751
5221,5204,3953
5222,461,406
5223,717,528
5224,5216,1441
5225,4867,3342
5226,5124,1897
5227,5158,2753
5228,5119,1568
5229,4906,3054
5230,4897,2688
5231,5076,1776
5232,3952,2252
5233,3874,1061
5234,5217,1502
5235,4979,4851
5236,1361,1238
5237,5128,4739
5238,5012,4756
5239,5212,1050
5240,4993,4709
5241,3350,3305
5242,5057,4984
5243,3616,3462
5244,3947,1793
5245,5061,4885
5246,5192,1784
5247,5220,1818
5248,5167,1120
5249,5100,2188
5250,441,341
5251,4828,3442
5252,2486,1563
5253,387,144
5254,5095,4962
5255,5138,5038
5256,5102,4985
5257,5221,5045
5258,3494,1499
5259,3418,1600
5260,3296,1832
5261,2446,2009
5262,2990,1391
5263,5184,5096
5264,4948,605
5265,2411,155
5266,5134,5070
5267,4877,3649
5268,5052,3117
5269,5155,5004
5270,3639,3618
5271,5257,1263
5272,3289,1679
5273,5035,4983
5274,2478,1354
5275,3795,1403
5276,4976,1634
5277,1642,1624
5278,2656,212
5279,5271,5227
5280,5072,109
5281,3058,234
5282,1638,602
5283,3235,7
5284,5200,1665
5285,5239,3801
5286,3201,1312
5287,4839,2213
5288,5224,598
5289,5226,1740
5290,5092,2933
5291,1409,565
5292,5163,5125
5293,4964,52
5294,3336,2810
5295,3224,1054
5296,5015,510
5297,5033,4880
5298,5065,5011
5299,1109,586
5300,4835,1515
5301,4823,2952
5302,5279,746
5303,3048,436
5304,2652,1508
5305,5032,3464
5306,5288,1626
5307,5157,3452
5308,2673,55
5309,5151,1351
5310,3433,3154
5311,5302,3594
5312,5230,1472
5313,3710,1763
5314,5194,1128
5315,5188,1066
5316,1721,1183
5317,5186,2720
5318,5285,5040
5319,5127,2625
5320,1008,58
5321,4967,2551
5322,5234,904
5323,5105,1863
5324,5311,5242
5325,5256,1852
5326,4898,2405
5327,5169,333
5328,4773,1072
5329,5306,2116
5330,5289,1146
5331,2856,157
5332,5248,4837
5333,5318,982
5334,5133,1625
5335,5181,5152
5336,5077,5063
5337,5307,5214
5338,3697,1796
5339,5123,2867
5340,3270,2716
5341,3303,142
5342,5322,1461
5343,5165,5144
5344,5342,5284
5345,3121,2510
5346,4824,24
5347,5193,1009
5348,5329,5000
5349,3696,3115
5350,2599,865
5351,5046,2039
5352,2705,655
5353,5161,1250
5354,5315,5142
5355,5087,5060
5356,4916,3668
5357,5344,5078
5358,5187,2266
5359,3611,2269
5360,5117,4784
5361,165,30
5362,5244,3767
5363,4930,377
5364,1191,588
5365,3419,2767
5366,5324,5236
5367,5062,4959
5368,5348,3071
5369,3086,1381
5370,5333,38
5371,1594,836
5372,5042,3560
5373,2146,2127
5374,5203,5080
5375,2165,1569
5376,5370,5237
5377,3038,2778
5378,5366,909
5379,5246,710
5380,2406,1706
5381,3055,2853
5382,2457,1042
5383,5330,5189
5384,5075,1117
5385,5327,382
5386,4989,4879
5387,1316,325
5388,3575,3126
5389,3756,1802
5390,4697,2463
5391,4666,1244
5392,347,327
5393,5378,2864
5394,5213,3550
5395,5147,139
5396,5337,2707
5397,5131,928
5398,4997,3736
5399,5368,2745
5400,5247,332
5401,5293,5196
5402,2417,1841
5403,3393,2416
5404,4785,2086
5405,5393,1426
5406,5309,2319
5407,2503,1581
5408,3522,213
5409,1493,1189
5410,5405,2247
5411,5376,1694
5412,5340,2771
5413,5347,1159
5414,3974,3063
5415,5399,5273
5416,5357,248
5417,5263,824
5418,5372,5058
5419,4629,1620
5420,1535,1014
5421,5083,779
5422,5140,361
5423,5173,3882
5424,5130,5111
5425,5068,1233
5426,5249,5228
5427,4722,2034
5428,5380,2068
5429,4991,408
5430,5108,3443
5431,3699,2835
5432,5379,5233
5433,5410,5334
5434,3204,2110
5435,1641,672
5436,5416,5305
5437,5231,2863
5438,2657,1728
5439,5182,3635
5440,5298,2033
5441,5292,5121
5442,5180,3011
5443,4947,4792
5444,2167,39
5445,3471,3351
5446,3880,3334
5447,2156,1774
5448,5229,1451
5449,3135,2125
5450,5363,5297
5451,4825,180
5452,3579,1155
5453,2346,2020
5454,5436,562
5455,5433,1786
5456,3750,2042
5457,3851,8
5458,5332,2669
5459,846,685
5460,4748,3151
5461,2364,966
5462,5350,5290
5463,5396,5384
5464,5415,5325
5465,2739,1549
5466,5455,5243
5467,5454,734
5468,5411,1305
5469,4811,691
5470,5467,1152
5471,5091,499
5472,5466,2094
5473,5360,3480
5474,5195,3917
5475,5245,4978
5476,1431,701
5477,5472,5159
5478,3621,3168
5479,4834,1820
5480,5477,936
5481,5254,5218
5482,924,719
5483,5022,2226
5484,5320,5266
5485,5362,5089
5486,5240,3439
5487,3951,3604
5488,5470,2726
5489,2357,2245
5490,2312,943
5491,3515,1556
5492,5172,2533
5493,1362,692
5494,5355,1995
5495,3992,3277
5496,5371,1862
5497,5468,874
5498,1780,1118
5499,5114,1942
5500,3881,1658
5501,5426,878
5502,5339,5319
5503,5099,92
5504,3130,228
5505,2973,1855
5506,4918,983
5507,2087,1019
5508,2872,1963
5509,5219,4910
5510,3829,336
5511,5210,166
5512,2303,1048
5513,5353,1872
5514,5424,2600
5515,2960,1145
5516,3367,1182
5517,5480,5432
5518,480,201
5519,5374,2629
5520,4953,2046
5521,5400,3747
5522,5280,3050
5523,5418,81
5524,5351,5023
5525,5336,1903
5526,2787,1521
5527,5488,5264
5528,1690,1267
5529,5464,3645
5530,5267,576
5531,5481,1592
5532,3291,3206
5533,5385,4732
5534,5352,977
5535,3102,2496
5536,3014,2045
5537,5321,2858
5538,1957,1459
5539,5527,5359
5540,5517,761
5541,2577,2223
5542,5269,4957
5543,2644,2237
5544,2535,2040
5545,5413,2265
5546,5109,1934
5547,5540,553
5548,5529,5088
5549,2544,448
5550,5223,859
5551,5198,422
5552,5547,669
5553,2459,1199
5554,5406,2409
5555,5448,5354
5556,1628,1151
5557,5539,5456
5558,214,164
5559,5291,1470
5560,5417,5402
5561,5552,5494
5562,5122,5081
5563,5300,3667
5564,5294,3754
5565,5335,856
5566,3475,3150
5567,2979,2802
5568,2050,1966
5569,5388,2941
5570,5387,2561
5571,2682,2429
5572,5497,5484
5573,5238,5031
5574,5537,3774
5575,1783,1442
5576,2095,1756
5577,5067,3230
5578,5459,5296
5579,5206,193
5580,5557,3431
5581,5435,1492
5582,1309,1221
5583,5268,224
5584,5191,1314
5585,5375,5225
5586,5328,1449
5587,5548,3841
5588,5055,1582
5589,3771,2921
5590,3398,3308
5591,3044,3042
5592,4881,126
5593,3190,1136
5594,5520,2093
5595,5317,3233
5596,1160,748
5597,5397,3288
5598,5533,5270
5599,1609,1558
5600,2197,1298
5601,5580,740
5602,5587,5179
5603,5215,955
5604,2636,1922
5605,5356,3727
5606,5601,5530
5607,5018,145
5608,3704,3386
5609,5274,3613
5610,5523,5338
5611,5545,5112
5612,2190,217
5613,1545,1166
5614,5430,2036
5615,5606,1945
5616,5262,2690
5617,2505,1596
5618,3543,1428
5619,5367,5323
5620,5602,78
5621,5463,1671
5622,5561,5441
5623,5506,5276
5624,5615,3776
5625,5314,1983
5626,5475,5250
5627,5624,3839
5628,4817,554
5629,2833,2221
5630,5521,913
5631,3484,2700
5632,5476,2957
5633,342,80
5634,2994,1743
5635,729,656
5636,5627,5439
5637,5620,5199
5638,5525,5474
5639,3080,2280
5640,5382,2404
5641,5554,2206
5642,5560,866
5643,5255,2868
5644,3133,3114
5645,5572,5177
5646,5208,3578
5647,5425,1215
5648,471,211
5649,5519,3458
5650,5205,5164
5651,5492,5364
5652,5516,3662
5653,5282,3037
5654,5275,3923
5655,5639,5482
5656,5574,5428
5657,5636,1468
5658,373,177
5659,5469,3703
5660,5450,2871
5661,1226,850
5662,5383,4960
5663,5622,5503
5664,5637,5166
5665,5565,5485
5666,5197,430
5667,2899,241
5668,5630,5496
5669,2513,1310
5670,5657,814
5671,5663,715
5672,1939,1936
5673,5458,548
5674,5479,5272
5675,2920,2441
5676,5585,5103
5677,3987,2597
5678,4875,3032
5679,1766,988
5680,5664,5542
5681,5569,5501
5682,5008,335
5683,5261,2187
5684,3924,643
5685,5440,1185
5686,464,54
5687,2851,1453
5688,5671,3405
5689,5427,2969
5690,2166,2069
5691,5394,1745
5692,5670,1901
5693,5642,808
5694,5692,1908
5695,5006,249
5696,1371,459
5697,5649,902
5698,5694,5665
5699,5235,3725
5700,3889,745
5701,5473,1059
5702,5621,2925
5703,3890,1599
5704,5531,5462
5705,5688,1964
5706,5287,2394
5707,3264,2651
5708,1669,1249
5709,5605,3941
5710,5645,5409
5711,5697,503
5712,5358,5101
5713,5499,2369
5714,456,32
5715,2155,523
5716,2084,777
5717,5420,1243
5718,5705,3658
5719,4990,2529
5720,3147,2537
5721,1407,1192
5722,5638,1741
5723,5407,5390
5724,5673,1325
5725,5401,2318
5726,2642,2552
5727,3274,1762
5728,5641,5251
5729,5718,5578
5730,5610,5502
5731,5500,2186
5732,5698,5588
5733,1933,428
5734,5710,2555
5735,5232,3752
5736,1672,93
5737,650,544
5738,3316,2131
5739,5170,1420
5740,2263,594
5741,5422,3740
5742,5596,5570
5743,5655,5581
5744,5513,2270
5745,5512,5447
5746,5452,1788
5747,5732,2241
5748,5559,985
5749,5729,5679
5750,5508,5365
5751,5616,877
5752,5395,454
5753,5749,698
5754,5626,1700
5755,5442,3364
5756,5595,5555
5757,5724,5650
5758,3706,1823
5759,5584,622
5760,5591,269
5761,5753,1363
5762,5483,1576
5763,3701,3612
5764,5326,3903
5765,5662,5493
5766,3263,1011
5767,5761,5704
5768,5345,506
5769,5681,240
5770,5551,66
5771,3983,1616
5772,5646,1173
5773,5747,812
5774,5534,5017
5775,3850,3335
5776,5598,2515
5777,5734,197
5778,3617,3585
5779,5754,16
5780,5728,5685
5781,5573,2958
5782,5693,542
5783,5538,5316
5784,5331,886
5785,5299,3976
5786,3656,657
5787,5277,2489
5788,3620,559
5789,3993,1003
5790,5398,3863
5791,5654,1980
5792,5495,5207
5793,5668,5643
5794,3143,2583
5795,2349,1854
5796,2253,1287
5797,3508,3107
5798,5767,5711
5799,2935,2874
5800,5680,5304
5801,2109,1912
5802,5777,136
5803,5713,5702
5804,3646,3129
5805,5619,1785
5806,5725,5451
5807,5774,5386
5808,5590,3446
5809,5647,2439
5810,5773,5258
5811,2162,1575
5812,5514,328
5813,2595,704
5814,3262,2889
5815,5136,3476
5816,5599,5575
5817,5511,3077
5818,1779,114
5819,5802,741
5820,5301,3738
5821,5722,474
5822,614,547
5823,5810,599
5824,1972,1715
5825,5741,5509
5826,2828,1875
5827,5823,5597
5828,5478,2062
5829,5798,839
5830,2090,364
5831,1993,1234
5832,3423,3140
5833,1804,1790
5834,5819,5806
5835,1989,888
5836,5562,5343
5837,5800,2799
5838,1588,208
5839,5421,571
5840,5607,1004
5841,5837,5712
5842,5278,3324
5843,3930,1798
5844,3876,2724
5845,5782,2386
5846,5765,1527
5847,1744,1670
5848,5695,113
5849,2992,2601
5850,5437,1064
5851,5743,5742
5852,5845,5827
5853,3524,1759
5854,3533,708
5855,5419,1328
5856,5829,5209
5857,5593,5312
5858,5803,2539
5859,5623,5563
5860,5634,2345
5861,5701,2501
5862,5757,5568
5863,5856,5582
5864,5524,3787
5865,5863,1816
5866,5759,5640
5867,3788,825
5868,5846,957
5869,1907,1789
5870,5265,2083
5871,5769,942
5872,5865,1546
5873,4892,1540
5874,5683,2080
5875,2422,2298
5876,5872,1477
5877,2184,1163
5878,2102,831
5879,5852,735
5880,2445,2175
5881,3226,3075
5882,5505,2811
5883,5389,1024
5884,5876,1496
5885,5030,2980
5886,5490,3847
5887,5884,5751
5888,5868,5528
5889,5612,763
5890,5674,1488
5891,5887,5550
5892,5577,2431
5893,5780,5404
5894,5260,3271
5895,5618,1097
5896,5526,5522
5897,5736,5661
5898,5549,1318
5899,5888,1668
5900,5687,5423
5901,5817,5403
5902,3436,1971
5903,2807,2022
5904,427,345
5905,5491,3186
5906,5858,5748
5907,5793,1654
5908,5809,5690
5909,3266,95
5910,5882,5617
5911,4593,169
5912,5812,5048
5913,5746,1427
5914,5779,5752
5915,5310,3410
5916,5879,2011
5917,492,110
5918,5867,5449
5919,5567,5281
5920,5841,1716
5921,5839,5716
5922,5498,2483
5923,5541,758
5924,5891,5303
5925,5286,3962
5926,5429,5107
5927,3379,102
5928,1369,352
5929,3716,1997
5930,2106,29
5931,3878,1520
5932,5750,1982
5933,2440,1639
5934,5862,2295
5935,5721,1078
5936,5920,5564
5937,2460,2250
5938,5924,5907
5939,5916,1808
5940,5744,5625
5941,5915,2721
5942,5791,5730
5943,5939,3813
5944,5783,5579
5945,1829,1484
5946,3700,1682
5947,5465,3580
5948,5943,5594
5949,5756,2413
5950,1722,802
5951,5628,567
5952,147,63
5953,123,23
5954,5308,2289
5955,5377,1380
5956,5871,5672
5957,4642,2782
5958,5948,1889
5959,5896,5821
5960,5833,1864
5961,5958,5768
5962,5934,1938
5963,5776,3134
5964,5723,5660
5965,5653,3338
5966,5864,3981
5967,5805,546
5968,5899,2654
5969,5906,5851
5970,2908,1684
5971,5453,1331
5972,5938,5735
5973,305,162
5974,5961,5866
5975,5295,1803
5976,1817,1623
5977,2211,1317
5978,5962,5586
5979,5461,1570
5980,3956,3584
5981,5857,76
5982,1479,538
5983,5691,5486
5984,5974,2620
5985,5434,3975
5986,5446,613
5987,5745,3687
5988,3842,3408
5989,5861,5850
5990,3501,1711
5991,5949,5443
5992,5984,2449
5993,5992,2018
5994,5373,1689
5995,5676,5113
5996,1147,1065
5997,2426,1636
5998,5972,1007
5999,5678,293
6000,5507,640
6001,5739,5717
6002,3247,2664
6003,5669,2171
6004,5689,3424
6005,5998,590
6006,432,21
6007,5914,443
6008,5544,3278
6009,3466,3076
6010,2500,141
6011,5600,1685
6012,5719,1225
6013,6005,1752
6014,2805,326
6015,5706,1026
6016,5993,2605
6017,2997,1352
6018,5252,2224
6019,3327,83
6020,5935,5553
6021,2727,2481
6022,5956,5758
6023,6016,3572
6024,5709,469
6025,5807,952
6026,3194,289
6027,5968,5696
6028,5900,5834
6029,6028,5715
6030,5855,2569
6031,5811,5656
6032,5910,900
6033,5995,5609
6034,3341,2623
6035,6023,1374
6036,1241,1088
6037,2901,2525
6038,5978,2964
6039,6013,706
6040,6035,5849
6041,2695,2384
6042,6039,5967
6043,3287,1974
6044,5825,2857
6045,5875,2576
6046,2932,1667
6047,5794,2490
6048,479,195
6049,5532,3328
6050,1921,764
6051,5611,518
6052,2882,2616
6053,5361,99
6054,5936,5859
6055,2410,1806
6056,6038,1174
6057,6029,5799
6058,3426,2203
6059,5510,5408
6060,5966,2701
6061,5818,3282
6062,3911,3216
6063,6042,1161
6064,5940,5762
6065,920,700
6066,3109,2021
6067,5989,1232
6068,5632,225
6069,5951,1326
6070,5731,3493
6071,5969,5760
6072,6063,1781
6073,5947,5659
6074,6054,3148
6075,5921,5699
6076,6040,5737
6077,5946,5614
6078,6007,1474
6079,3636,1564
6080,3195,3149
6081,992,680
6082,5893,3415
6083,6051,3834
6084,1750,1637
6085,6025,1268
6086,1850,1578
6087,5895,1782
6088,3118,2342
6089,5957,5412
6090,216,172
6091,1797,494
6092,3467,3239
6093,4954,1069
6094,1058,209
6095,5820,5792
6096,3454,3163
6097,5613,1525
6098,6072,3593
6099,6098,5840
6100,3640,2950
6101,6074,3520
6102,5908,5860
6103,3368,2563
6104,1412,585
6105,6099,1610
6106,2796,2299
6107,3444,1531
6108,5981,5901
6109,6076,5987
6110,2210,309
6111,6105,3582
6112,3726,522
6113,4937,898
6114,5381,2177
6115,6057,5878
6116,6026,2717
6117,5874,2124
6118,6101,2967
6119,6109,6020
6120,6111,1264
6121,5898,5576
6122,3434,558
6123,1207,766
6124,6027,1099
6125,5964,2027
6126,2976,1404
6127,6120,2954
6128,5942,5764
6129,4428,1360
6130,6083,2249
6131,6127,783
6132,5515,396
6133,5784,2285
6134,5558,895
6135,5658,1294
6136,3848,1943
6137,5960,5842
6138,5873,581
6139,6056,702
6140,6119,1539
6141,3664,1587
6142,2953,989
6143,6062,5677
6144,198,125
6145,6115,1385
6146,6031,2723
6147,6000,539
6148,6140,5740
6149,5963,5886
6150,5835,868
6151,3489,153
6152,6082,5786
6153,5675,1528
6154,5923,5813
6155,5986,5781
6156,6034,3177
6157,5832,1731
6158,5870,5391
6159,6125,2370
6160,6137,5959
6161,3679,623
6162,532,320
6163,3465,3223
6164,6148,6071
6165,5431,399
6166,994,549
6167,3445,3295
6168,6145,2842
6169,5929,5836
6170,6021,5997
6171,6001,873
6172,6139,5703
6173,5460,908
6174,5955,3521
6175,1303,822
6176,5970,3421
6177,5797,3478
6178,5991,1258
6179,6131,1584
6180,3557,1844
6181,5996,1476
6182,3460,2389
6183,2776,2453
6184,5504,3337
6185,5912,3450
6186,6121,889
6187,5222,49
6188,6179,1736
6189,5014,3843
6190,6118,799
6191,6022,1998
6192,1421,1176
6193,6149,5772
6194,6108,6070
6195,5999,1800
6196,5438,2052
6197,6164,2946
6198,6188,6172
6199,1307,667
6200,5979,3607
6201,5770,1719
6202,5283,3139
6203,5932,2358
6204,5651,5629
6205,6168,5919
6206,6197,660
6207,301,288
6208,2115,724
6209,6030,801
6210,5785,2117
6211,6087,6064
6212,6011,2968
6213,5583,140
6214,5804,3556
6215,6190,1227
6216,5824,2972
6217,6077,1805
6218,6178,6017
6219,5848,2740
6220,5755,3685
6221,5603,2983
6222,3267,2585
6223,5854,3912
6224,3605,3552
6225,5985,896
6226,6206,842
6227,6215,752
6228,6191,3519
6229,5652,1074
6230,5913,5897
6231,6012,830
6232,6146,1633
6233,2421,276
6234,6123,731
6235,5928,1100
6236,6227,3973
6237,5828,5771
6238,2428,1702
6239,5795,1005
6240,6124,2912
6241,5592,1231
6242,5546,445
6243,6198,5933
6244,6128,3647
6245,6130,5977
6246,6205,2322
6247,6078,330
6248,5708,1387
6249,5847,1895
6250,6228,6226
6251,2850,2024
6252,3879,1355
6253,6236,5814
6254,5489,1012
6255,5346,1197
6256,6229,820
6257,6244,6067
6258,5720,3420
6259,6003,2201
6260,6152,918
6261,2290,607
6262,5918,1541
6263,1289,414
6264,2239,1148
6265,6253,6073
6266,6095,3272
6267,1130,841
6268,6134,5954
6269,2736,2663
6270,5707,5414
6271,6049,2588
6272,5883,1663
6273,6243,6211
6274,3637,2915
6275,5890,5457
6276,2744,709
6277,6024,5926
6278,2216,537
6279,2728,1378
6280,6250,1411
6281,6085,5950
6282,6280,804
6283,5444,1106
6284,6265,631
6285,6218,6110
6286,3844,2
6287,5726,1880
6288,6240,1080
6289,6018,5766
6290,1703,818
6291,2755,811
6292,6185,6143
6293,6156,5445
6294,3240,3181
6295,932,183
6296,1336,1190
6297,282,127
6298,6158,3676
6299,6246,1278
6300,6284,3592
6301,6255,3249
6302,6282,2649
6303,5971,564
6304,6232,5880
6305,6299,6247
6306,6302,6154
6307,5816,2772
6308,6300,2859
6309,5894,1695
6310,6079,1595
6311,3684,819
6312,2820,744
6313,6081,6065
6314,6308,1653
6315,5589,1063
6316,5944,226
6317,6273,683
6318,2172,315
6319,2589,627
6320,6155,3888
6321,2101,1000
6322,5889,1373
6323,3808,2479
6324,6306,1920
6325,5686,5666
6326,6324,6288
6327,6260,5700
6328,6159,2236
6329,295,69
6330,2931,2708
6331,6245,1644
6332,1981,1718
6333,2658,2578
6334,5349,271
6335,2076,1277
6336,6317,6032
6337,2065,1847
6338,2355,1447
6339,1482,970
6340,6102,561
6341,5922,1801
6342,3355,3059
6343,3026,2660
6344,3883,1799
6345,6314,5635
6346,6225,749
6347,6285,6033
6348,6202,6092
6349,5838,3096
6350,5917,1985
6351,2949,2538
6352,6223,5892
6353,6195,5975
6354,6002,526
6355,3853,3012
6356,6327,2268
6357,159,36
6358,6336,6046
6359,5788,5571
6360,6345,3576
6361,6262,6238
6362,1554,768
6363,6326,5831
6364,6160,2609
6365,6358,5903
6366,3330,2227
6367,6328,1612
6368,3008,2123
6369,6059,6004
6370,6363,2927
6371,6068,3748
6372,5826,85
6373,6365,2433
6374,6370,6340
6375,1500,381
6376,6364,3105
6377,6373,6319
6378,1526,925
6379,6377,5945
6380,1344,845
6381,5983,5980
6382,5853,3551
6383,6305,5952
6384,3325,2831
6385,6075,711
6386,6383,688
6387,6374,6267
6388,6346,1538
6389,6379,1203
6390,1724,795
6391,5965,1597
6392,5789,2900
6393,6169,5927
6394,6309,3570
6395,3587,3534
6396,6386,6259
6397,6389,6142
6398,5994,2424
6399,5905,128
6400,1142,1055
6401,6210,6061
6402,6209,6010
6403,5941,3145
6404,6397,899
6405,3358,2028
6406,6298,6203
6407,6201,6187
6408,6060,2219
6409,6133,5877
6410,6387,6050
6411,6088,1514
6412,6171,5904
6413,2770,1958
6414,6138,1341
6415,5931,5604
6416,6396,775
6417,6360,5738
6418,6132,2773
6419,6196,1092
6420,6219,2612
6421,6331,5925
6422,6410,2579
6423,6404,1364
6424,6423,792
6425,3157,1760
6426,6310,6304
6427,6422,1822
6428,6122,5733
6429,6427,2013
6430,6416,851
6431,2304,664
6432,6204,6107
6433,6220,1931
6434,5796,2809
6435,6429,6347
6436,6266,673
6437,6424,730
6438,6106,5667
6439,6417,6393
6440,6277,324
6441,6437,511
6442,6189,3116
6443,6421,828
6444,6376,1853
6445,6199,619
6446,6213,5682
6447,6412,5556
6448,6268,2904
6449,2055,1169
6450,3934,1475
6451,6356,6312
6452,6274,6052
6453,3891,1962
6454,1038,760
6455,6435,1884
6456,6193,3315
6457,5843,2693
6458,6343,3363
6459,2618,2037
6460,6451,1871
6461,6094,3988
6462,6330,3749
6463,6441,5714
6464,6089,378
6465,6086,3156
6466,2524,372
6467,5787,881
6468,6230,2951
6469,6426,6254
6470,6382,2381
6471,2484,26
6472,6455,857
6473,2893,2655
6474,6292,620
6475,6463,759
6476,2689,2373
6477,6475,6420
6478,6194,6170
6479,6320,6135
6480,355,173
6481,6350,6044
6482,6257,6174
6483,6216,2016
6484,6283,6136
6485,6472,6186
6486,6388,1200
6487,5990,3861
6488,5775,2779
6489,3845,747
6490,1031,937
6491,6316,1627
6492,6153,2200
6493,2277,1110
6494,6234,767
6495,6361,1723
6496,6080,5241
6497,6200,1680
6498,5684,1664
6499,6334,2734
6500,6477,2235
6501,6402,6147
6502,2003,262
6503,6390,1726
6504,6047,3823
6505,6392,6015
6506,3072,721
6507,6485,1547
6508,6444,6287
6509,6224,5930
6510,5808,5259
6511,6181,6019
6512,6430,969
6513,6500,520
6514,6460,1918
6515,6043,2398
6516,1405,813
6517,1935,1485
6518,5911,250
6519,6507,3513
6520,6513,6150
6521,6367,3317
6522,2271,1121
6523,3979,3939
6524,6313,882
6525,6443,1245
6526,2153,637
6527,6093,3138
6528,5885,1205
6529,6482,2763
6530,1874,1662
6531,6439,6436
6532,6520,1899
6533,6281,1738
6534,6456,1196
6535,5982,615
6536,6519,6322
6537,1448,1235
6538,6239,2804
6539,6532,6414
6540,2730,773
6541,6512,6448
6542,6217,2924
6543,6162,1555
6544,1261,630
6545,5106,3857
6546,6536,6486
6547,3422,678
6548,912,595
6549,6408,3414
6550,6269,1440
6551,6275,1178
6552,6258,1077
6553,3980,533
6554,3430,1717
6555,2475,105
6556,6524,6419
6557,6525,1490
6558,6264,3507
6559,6539,3609
6560,6248,603
6561,6252,927
6562,6546,6323
6563,2674,2604
6564,6562,6514
6565,6371,1356
6566,6478,6474
6567,6559,905
6568,6380,6126
6569,3482,3349
6570,6541,1975
6571,6567,6533
6572,6321,6166
6573,2292,699
6574,6325,3344
6575,6531,2100
6576,5801,3867
6577,3320,997
6578,6286,1955
6579,5822,2272
6580,2400,2194
6581,6395,6037
6582,6575,3893
6583,5518,1509
6584,2784,1343
6585,6521,2834
6586,6566,6502
6587,6175,3242
6588,6571,6180
6589,6534,2875
6590,6303,2892
6591,1621,707
6592,6508,6055
6593,6564,1053
6594,6432,6307
6595,6588,670
6596,6582,3677
6597,3040,486
6598,6570,2333
6599,3280,2049
6600,6296,1240
6601,6476,6338
6602,6543,926
6603,6341,6289
6604,6112,2830
6605,5778,3253
6606,3451,356
6607,6593,6461
6608,6607,893
6609,6221,244
6610,6114,1978
6611,6381,3870
6612,6084,1909
6613,6479,6339
6614,5487,3577
6615,2038,560
6616,6372,5608
6617,6598,6595
6618,6496,5631
6619,6353,4790
6620,6608,3302
6621,6053,3176
6622,3106,362
6623,6529,6182
6624,6457,6418
6625,6442,1956
6626,6431,2154
6627,6596,6208
6628,6620,3564
6629,6235,1271
6630,2288,645
6631,3603,340
6632,6272,3758
6633,6628,6332
6634,2764,574
6635,6549,5909
6636,6261,6129
6637,2704,867
6638,6385,2293
6639,2113,1699
6640,6600,6406
6641,6069,5253
6642,2053,1954
6643,6400,2956
6644,3381,1248
6645,6627,1300
6646,2173,1089
6647,6271,1047
6648,6276,3142
6649,6617,6173
6650,1001,514
6651,3245,3028
6652,5369,3713
6653,6633,6592
6654,2334,671
6655,6352,6251
6656,6623,6337
6657,6589,2212
6658,6270,3486
6659,6468,2813
6660,6391,2715
6661,6256,648
6662,405,338
6663,6645,6378
6664,2855,608
6665,6097,45
6666,6528,90
6667,6459,6008
6668,6504,6434
6669,5902,1255
6670,6469,2614
6671,6394,6348
6672,6585,6557
6673,6511,2442
6674,6045,1632
6675,5543,1153
6676,6449,2435
6677,6366,6315
6678,6616,6509
6679,6649,2198
6680,6333,2684
6681,6438,6183
6682,6290,1512
6683,6663,914
6684,6653,6573
6685,6354,2984
6686,2427,2001
6687,6551,6214
6688,6656,6157
6689,6090,3
6690,6192,2987
6691,6542,2447
6692,6467,2208
6693,6683,6501
6694,1339,40
6695,5830,3188
6696,2261,1882
6697,3916,100
6698,6359,3528
6699,6399,1071
6700,6670,6601
6701,6684,3933
6702,6636,1915
6703,6014,5064
6704,2012,1462
6705,6701,634
6706,6491,6242
6707,6527,3512
6708,6705,2630
6709,6679,6494
6710,6611,6499
6711,3498,2347
6712,6464,844
6713,3352,684
6714,6495,2491
6715,3463,1688
6716,6638,6538
6717,6708,1469
6718,4999,265
6719,6563,6462
6720,6717,965
6721,6693,3503
6722,6709,6445
6723,6720,6493
6724,1260,618
6725,6318,2014
6726,6403,3693
6727,6425,264
6728,2653,1465
6729,6647,1732
6730,6723,6413
6731,6613,384
6732,6664,6401
6733,6481,6141
6734,960,887
6735,2696,1807
6736,6724,6556
6737,1879,374
6738,6730,6503
6739,6212,1733
6740,6738,6233
6741,3388,2283
6742,6722,1015
6743,6742,6398
6744,3371,823
6745,5648,485
6746,1999,946
6747,6654,6640
6748,6740,2791
6749,1036,375
6750,6603,6574
6751,3207,3144
6752,3583,1254
6753,6465,2801
6754,2397,2002
6755,6748,1770
6756,6672,2553
6757,5937,1043
6758,6690,2814
6759,6335,2402
6760,6755,6526
6761,6497,6489
6762,6721,2179
6763,6657,5976
6764,6762,6644
6765,5536,3477
6766,6760,769
6767,6756,2545
6768,1902,5
6769,6161,723
6770,6624,6375
6771,6612,1629
6772,6518,484
6773,2325,2225
6774,6446,385
6775,6747,6540
6776,6550,2540
6777,6731,6605
6778,6766,6625
6779,2873,2128
6780,6505,1139
6781,6349,2703
6782,6778,974
6783,6782,551
6784,6719,6415
6785,5313,934
6786,6231,6113
6787,6535,2762
6788,6661,666
6789,2959,2940
6790,6568,1593
6791,2257,1640
6792,6676,431
6793,5392,27
6794,472,206
6795,2591,394
6796,3092,727
6797,6783,6650
6798,6668,6151
6799,6688,6409
6800,6583,6565
6801,6764,703
6802,3690,2808
6803,6797,6629
6804,6517,6344
6805,5988,1550
6806,6801,1765
6807,6803,6602
6808,6619,3627
6809,3065,2359
6810,6807,2119
6811,1866,1284
6812,6626,1996
6813,2790,827
6814,6806,1273
6815,2617,1143
6816,2870,1751
6817,2451,1773
6818,2448,999
6819,2161,829
6820,6810,2981
6821,6814,6655
6822,2159,855
6823,6736,6483
6824,6767,6587
6825,6820,580
6826,5790,5763
6827,6700,536
6828,6681,6590
6829,6515,1495
6830,6743,1727
6831,2196,1687
6832,3425,3250
6833,6552,2948
6834,6714,6466
6835,6825,6674
6836,6821,2735
6837,6830,6761
6838,6207,19
6839,6368,3411
6840,6454,679
6841,6691,2627
6842,6775,6586
6843,6301,1506
6844,3569,2077
6845,3968,1081
6846,6498,6470
6847,2586,2498
6848,6739,2975
6849,6510,5471
6850,6823,1270
6851,6278,2571
6852,6757,6635
6853,6836,2999
6854,863,675
6855,6774,6357
6856,1491,1486
6857,2865,2562
6858,6835,6484
6859,2122,1228
6860,3089,737
6861,6713,6091
6862,6687,1056
6863,6249,1849
6864,6163,1366
6865,2838,2132
6866,3281,3237
6867,6858,1960
6868,6867,6812
6869,2884,738
6870,6641,1929
6871,6868,3793
6872,2939,1246
6873,3362,1725
6874,6871,6804
6875,6837,6660
6876,6808,6698
6877,6853,653
6878,6824,1458
6879,6433,5644
6880,6780,649
6881,6874,3565
6882,6530,482
6883,6659,1112
6884,6673,6667
6885,2840,2305
6886,6682,6632
6887,6881,6553
6888,6875,6295
6889,6665,6100
6890,6407,2697
6891,3807,1683
6892,2817,1483
6893,2067,1524
6894,3326,2399
6895,6877,6710
6896,6103,2765
6897,6887,810
6898,6176,5844
6899,6827,6428
6900,2048,958
6901,2229,1988
6902,6712,6165
6903,2824,2769
6904,6104,2482
6905,6506,981
6906,6800,6492
6907,6763,6237
6908,6888,6447
6909,6799,6788
6910,6792,2267
6911,1970,1618
6912,2622,35
6913,907,884
6914,3343,1617
6915,6692,2242
6916,6878,552
6917,6840,1887
6918,6405,2205
6919,6908,557
6920,3997,1553
6921,6897,3757
6922,6921,1124
6923,6922,713
6924,6750,1843
6925,894,531
6926,391,323
6927,6591,6560
6928,6572,3333
6929,2262,2209
6930,6923,1057
6931,6852,188
6932,5341,487
6933,2741,573
6934,6351,3737
6935,6919,1135
6936,6930,931
6937,6741,919
6938,6935,809
6939,3553,3124
6940,6784,6733
6941,6802,6686
6942,6842,6594
6943,6886,2966
6944,771,284
6945,6241,1171
6946,6936,1861
6947,6818,806
6948,6849,3453
6949,6938,2839
6950,6949,509
6951,6950,6715
6952,6677,1583
6953,1896,1713
6954,6716,6648
6955,6946,2548
6956,2963,1335
6957,6955,1138
6958,6862,6369
6959,6957,6899
6960,6646,3491
6961,6621,2869
6962,6870,948
6963,6117,2650
6964,6951,478
6965,6959,6885
6966,6909,6584
6967,3301,1846
6968,6777,5953
6969,6707,2575
6970,6916,6558
6971,6488,5973
6972,6965,6884
6973,6786,617
6974,6895,6222
6975,6974,2862
6976,6609,6450
6977,6794,230
6978,6770,6685
6979,2396,971
6980,6798,3545
6981,6548,6184
6982,5727,3688
6983,6689,366
6984,6975,3027
6985,6964,875
6986,6985,786
6987,6834,6754
6988,6986,521
6989,1977,1392
6990,6972,6819
6991,6988,6925
6992,6839,6833
6993,6876,6732
6994,6167,3060
6995,6991,2971
6996,6728,2377
6997,6990,1650
6998,3166,3005
6999,6907,6579
7000,3200,2631
7001,6984,1900
7002,1010,638
7003,6997,1259
7004,6966,6726
7005,6006,1992
7006,6643,6263
7007,6791,6569
7008,6970,6941
7009,6995,951
7010,689,131
7011,6843,757
7012,3714,3390
7013,7003,6637
7014,6848,2624
7015,6826,6545
7016,6144,488
7017,7013,6639
7018,6581,1910
7019,6618,6597
7020,7008,6850
7021,2748,2603
7022,7017,2667
7023,7004,2195
7024,6954,1987
7025,7009,6927
7026,7022,1517
7027,3175,2531
7028,6883,6759
7029,2766,1836
7030,6779,1775
7031,6554,2437
7032,6969,6311
7033,7026,7001
7034,7025,2556
7035,3804,3608
7036,2330,2217
7037,6675,417
7038,6790,6666
7039,6614,834
7040,7023,6734
7041,6279,2930
7042,6838,163
7043,6523,2902
7044,7034,6490
7045,3199,3000
7046,6915,2914
7047,6776,2506
7048,7044,6906
7049,6547,1767
7050,6789,6096
7051,6699,1406
7052,3840,404
7053,6872,2648
7054,6942,1873
7055,2887,1753
7056,6929,6841
7057,483,98
7058,7024,6860
7059,6651,5535
7060,7054,939
7061,6890,5869
7062,6758,6544
7063,6958,6555
7064,6576,826
7065,2336,2121
7066,6487,1330
7067,6610,2913
7068,359,235
7069,6725,2783
7070,6866,6342
7071,6924,6771
7072,6945,1673
7073,7048,642
7074,6116,2407
7075,6634,1162
7076,7073,6828
7077,2982,2059
7078,6934,6473
7079,6658,6516
7080,3490,2004
7081,7020,1397
7082,903,891
7083,6440,2725
7084,6678,2659
7085,6869,2066
7086,6898,3053
7087,1049,693
7088,6671,5881
7089,2598,945
7090,2000,625
7091,7040,1812
7092,3732,575
7093,6978,6737
7094,6696,2043
7095,7076,6962
7096,7033,6987
7097,6928,696
7098,6851,6735
7099,7060,3938
7100,6058,5815
7101,6411,2916
7102,1157,976
7103,6822,720
7104,2307,2275
7105,7011,6041
7106,6561,3864
7107,885,597
7108,6384,2468
7109,959,956
7110,7058,2777
7111,6781,1413
7112,7096,964
7113,7091,6729
7114,6772,1848
7115,2937,2519
7116,6943,2977
7117,7095,1208
7118,7117,652
7119,3473,349
7120,6999,6752
7121,816,174
7122,7118,6787
7123,6753,3957
7124,6048,222
7125,1332,967
7126,6968,3906
7127,7056,6362
7128,6769,3838
7129,7122,535
7130,6914,2919
7131,6904,6452
7132,6706,5633
7133,7081,681
7134,7051,6847
7135,3097,1172
7136,6963,463
7137,7129,6831
7138,3284,2246
7139,6856,6746
7140,7137,591
7141,6993,6953
7142,1045,455
7143,3969,646
7144,7140,3001
7145,221,82
7146,3370,3091
7147,7144,853
7148,6952,6829
7149,2558,2063
7150,6931,6809
7151,7032,6948
7152,3518,2026
7153,6917,2521
7154,7147,7014
7155,7113,7049
7156,3516,1949
7157,7154,6913
7158,6940,6697
7159,6981,6293
7160,7083,3733
7161,7110,6859
7162,2341,2151
7163,2029,1937
7164,6855,6642
7165,6980,1712
7166,7097,7028
7167,3573,1432
7168,7047,6910
7169,2230,1948
7170,7112,7018
7171,7126,7057
7172,2158,515
7173,7155,2005
7174,3461,2499
7175,7170,7098
7176,6009,1276
7177,3120,2675
7178,2316,654
7179,6879,3589
7180,7079,6669
7181,7157,6845
7182,7127,2025
7183,6863,6066
7184,6861,2639
7185,6522,1659
7186,6703,6036
7187,7099,6905
7188,3623,3595
7189,7101,6960
7190,7173,7125
7191,7120,6453
7192,7175,7042
7193,7192,7007
7194,6893,6471
7195,6745,14
7196,7190,7107
7197,7182,6785
7198,6902,2797
7199,7133,6912
7200,7199,2754
7201,1501,242
7202,6622,922
7203,7181,7168
7204,2471,998
7205,6631,181
7206,7116,7109
7207,6967,3915
7208,6903,1867
7209,7160,3535
7210,7165,780
7211,7196,7106
7212,7141,7039
7213,7203,3798
7214,7193,854
7215,6652,1635
7216,7072,3990
7217,7214,633
7218,7037,2718
7219,7071,7006
7220,6695,3786
7221,7075,2320
7222,7213,697
7223,7222,7087
7224,6694,1444
7225,3816,2092
7226,6796,1608
7227,7217,2795
7228,182,11
7229,7029,6892
7230,7223,6971
7231,7078,6873
7232,7210,7200
7233,3789,2698
7234,7150,2382
7235,7230,6458
7236,1418,921
7237,6702,447
7238,7061,6329
7239,7105,329
7240,7227,530
7241,6291,1851
7242,7211,7171
7243,7240,2452
7244,7235,3558
7245,6844,2568
7246,6918,6900
7247,7244,1792
7248,7191,7151
7249,6947,6711
7250,7111,7100
7251,7136,7093
7252,7158,2794
7253,6880,2694
7254,7204,1905
7255,1865,1102
7256,7243,6920
7257,6992,1105
7258,6680,6177
7259,7247,1947
7260,7256,2610
7261,7086,5566
7262,6615,628
7263,3241,1630
7264,7260,7242
7265,7069,7055
7266,7209,7043
7267,6891,3660
7268,7197,7187
7269,7159,1401
7270,7084,7050
7271,6973,6864
7272,7088,7019
7273,7259,7232
7274,6896,3112
7275,7216,7184
7276,2532,2526
7277,2291,911
7278,7139,1791
7279,6933,3406
7280,7178,6749
7281,7000,6854
7282,7266,3723
7283,3641,1399
7284,2611,2560
7285,7063,1893
7286,3784,1940
7287,7201,7132
7288,7166,1443
7289,6932,6718
7290,996,519
7291,7251,7169
7292,7264,7046
7293,7273,807
7294,7237,2392
7295,7287,7164
7296,7258,6976
7297,7293,7206
7298,7038,3541
7299,7143,6580
7300,7296,311
7301,3034,2786
7302,6355,3537
7303,6911,6846
7304,7102,7030
7305,7212,6816
7306,6937,3485
7307,7131,6805
7308,7067,785
7309,2822,65
7310,7103,2793
7311,6813,2692
7312,7297,663
7313,7128,6604
7314,3680,3546
7315,1911,1290
7316,7312,1604
7317,6606,2672
7318,6578,2520
7319,7316,2803
7320,2775,1755
7321,7124,6297
7322,7220,7185
7323,7234,2668
7324,7323,3833
7325,7021,1930
7326,7319,3830
7327,7288,6857
7328,7059,869
7329,7292,2114
7330,7329,1212
7331,7115,1252
7332,7198,6996
7333,3644,1383
7334,7326,7082
7335,7334,7278
7336,7330,7195
7337,7336,817
7338,7335,961
7339,1419,568
7340,6832,2350
7341,7337,7305
7342,6994,3673
7343,7225,7066
7344,7010,6889
7345,1573,1533
7346,725,641
7347,7177,2894
7348,2647,2527
7349,7172,7108
7350,7218,2204
7351,7338,3815
7352,7351,570
7353,774,616
7354,7352,3525
7355,7205,7202
7356,7327,7279
7357,6768,6727
7358,7250,1990
7359,6939,3304
7360,7052,458
7361,2918,1025
7362,7341,2419
7363,7362,7207
7364,7261,6811
7365,7085,1416
7366,755,294
7367,7180,6795
7368,7134,661
7369,7272,6765
7370,7363,7290
7371,7269,556
7372,1730,245
7373,7354,583
7374,7373,2554
7375,7370,1202
7376,7294,7285
7377,6979,3866
7378,7074,1262
7379,2473,2182
7380,7179,7064
7381,7374,2474
7382,7286,6894
7383,7381,968
7384,7307,7053
7385,7219,6961
7386,7267,890
7387,2890,636
7388,7062,6294
7389,7315,7153
7390,7375,7324
7391,7390,2574
7392,7383,369
7393,7268,6989
7394,7392,7356
7395,7391,7189
7396,7090,6773
7397,7016,116
7398,7186,1213
7399,7395,883
7400,7399,682
7401,7394,7161
7402,3401,2274
7403,6982,6882
7404,7135,2903
7405,7298,7281
7406,7236,376
7407,7308,7041
7408,7400,1837
7409,3965,3219
7410,3045,2528
7411,7408,7353
7412,7411,1467
7413,6865,1720
7414,7148,7092
7415,7291,7229
7416,7123,6901
7417,2089,1103
7418,2549,2178
7419,7318,3455
7420,7070,3214
7421,3113,1944
7422,7277,3946
7423,7412,7246
7424,7249,3766
7425,7401,7284
7426,7423,832
7427,6793,158
7428,7425,794
7429,7012,2846
7430,7254,7167
7431,7310,7152
7432,6744,647
7433,7428,7346
7434,7426,1090
7435,7434,835
7436,7194,582
7437,7433,2747
7438,7437,2425
7439,6537,60
7440,7089,2581
7441,7368,7002
7442,7435,7325
7443,7366,7313
7444,7438,7415
7445,7270,7238
7446,2774,421
7447,7114,18
7448,3152,2733
7449,7149,2281
7450,2719,489
7451,7276,600
7452,7442,1293
7453,7452,7358
7454,7453,7245
7455,7445,7183
7456,7454,2502
7457,7262,676
7458,7456,2238
7459,7414,7393
7460,7371,3412
7461,7460,7146
7462,7444,910
7463,7462,7422
7464,3739,2365
7465,1223,1165
7466,7248,3790
7467,3760,3416
7468,3567,611
7469,7347,388
7470,7424,7332
7471,7385,1858
7472,2401,1070
7473,7271,2031
7474,7304,7163
7475,7252,7231
7476,7142,1286
7477,7463,674
7478,7094,797
7479,7241,7208
7480,2054,239
7481,6815,1828
7482,7265,2469
7483,437,50
7484,7458,7302
7485,7484,6751
7486,7485,7471
7487,7459,566
7488,3800,2974
7489,7477,7328
7490,7413,7369
7491,1771,726
7492,7299,2492
7493,7489,7239
7494,3159,2135
7495,7376,6956
7496,7443,756
7497,7493,2418
7498,3783,1534
7499,7486,7430
7500,7389,1754
7501,7499,569
7502,7497,1140
7503,2944,897
7504,7306,3772
7505,7502,695
7506,2444,516
7507,7215,1869
7508,7487,2315
7509,7505,7255
7510,2843,2666
7511,7388,7367
7512,7226,2640
7513,7005,3559
7514,7121,753
7515,7508,7138
7516,7031,2936
7517,7509,733
7518,7466,7282
7519,7420,3066
7520,7515,7322
7521,7365,2434
7522,7355,2517
7523,7517,2619
7524,7523,7300
7525,7501,3901
7526,7525,7436
7527,7398,1158
7528,7461,7257
7529,7524,7295
7530,7224,2731
7531,7526,7490
7532,7521,2356
7533,7364,2592
7534,7440,7036
7535,7496,861
7536,7418,7263
7537,7531,7406
7538,7537,732
7539,2415,101
7540,7538,7384
7541,577,507
7542,7529,7349
7543,7343,609
7544,7510,7474
7545,7357,7344
7546,7522,7405
7547,7156,7027
7548,7540,505
7549,2876,1480
7550,2768,2214
7551,2073,1027
7552,7488,2645
7553,3759,1518
7554,7542,2756
7555,7275,7253
7556,2998,2607
7557,947,687
7558,7447,7145
7559,7554,7534
7560,7548,7511
7561,7559,2362
7562,7561,7500
7563,6630,1296
7564,7174,3678
7565,950,612
7566,7535,7457
7567,7387,632
7568,7562,2986
7569,7568,543
7570,7569,7472
7571,7560,7451
7572,2815,2518
7573,7491,6817
7574,7571,2732
7575,7441,2516
7576,7574,3886
7577,3497,1813
7578,7520,770
7579,3013,798
7580,7576,0
7581,7580,7469
7582,7492,852
7583,3125,120
7584,7475,1961
7585,7581,7348
7586,2888,57
7587,3935,2670
7588,7449,7317
7589,7570,1696
7590,7589,2058
7591,7590,7361
7592,7584,986
7593,7519,3031
7594,7432,7377
7595,7419,7407
7596,7585,644
7597,3321,2137
7598,7596,7280
7599,7598,7481
7600,7549,7321
7601,7331,2699
7602,3614,3523
7603,7379,2180
7604,1888,525
7605,7591,7464
7606,7599,7339
7607,7606,7532
7608,7605,7551
7609,2898,2722
7610,7504,7431
7611,7607,7546
7612,3586,2922
7613,7608,6926
7614,512,154
7615,7494,3999
7616,7578,1565
7617,7516,840
7618,7514,1377
7619,7495,978
7620,3468,1256
7621,7479,7470
7622,7611,3566
7623,7613,833
7624,7473,7350
7625,7544,665
7626,7527,2713
7627,7623,7455
7628,7513,2710
7629,7528,7429
7630,7409,3119
7631,7573,3167
7632,7622,7130
7633,7632,7567
7634,7616,7274
7635,7633,3252
7636,6983,6977
7637,2818,1652
7638,7553,7380
7639,7221,6662
7640,1946,1487
7641,7635,7512
7642,7641,787
7643,7642,3568
7644,7397,7068
7645,7643,1179
7646,7162,2934
7647,7619,3111
7648,7610,7119
7649,7303,2351
7650,7621,7601
7651,7541,48
7652,3779,1301
7653,7645,555
7654,7301,3563
7655,7634,7564
7656,7597,7450
7657,7647,7065
7658,7653,7345
7659,7627,1574
7660,7659,1764
7661,7660,7566
7662,7289,2140
7663,7662,7015
7664,7555,7340
7665,7658,2284
7666,7575,7176
7667,2041,1123
7668,7386,7283
7669,7661,7465
7670,7594,788
7671,7665,3357
7672,7592,7587
7673,7478,7320
7674,7655,7476
7675,7674,7671
7676,7468,450
7677,3474,3025
7678,7416,7404
7679,7565,7557
7680,6944,3828
7681,7403,3099
7682,7669,2758
7683,7077,502
7684,7035,3562
7685,7682,321
7686,7676,7311
7687,7685,2628
7688,7675,1288
7689,7688,2845
7690,7572,7309
7691,7625,7482
7692,7439,4909
7693,7689,621
7694,7687,677
7695,7639,858
7696,7672,44
7697,7582,7382
7698,7690,3179
7699,7694,1698
7700,7595,7080
7701,7360,1809
7702,7588,7446
7703,7699,7679
7704,7503,1229
7705,7693,7547
7706,7533,1511
7707,7705,7617
7708,7638,7342
7709,7707,7649
7710,7709,1222
7711,7233,2991
7712,7703,1060
7713,7712,7656
7714,7713,584
7715,7480,3598
7716,7710,7615
7717,7666,7467
7718,7714,7648
7719,7718,690
7720,7716,1115
7721,6480,2752
7722,7681,7045
7723,7715,1794
7724,7650,7644
7725,7417,3724
7726,7657,3741
7727,7506,2852
7728,7719,121
7729,7593,3070
7730,3955,2879
7731,7696,1607
7732,7728,7530
7733,7410,864
7734,7720,2321
7735,7734,7545
7736,2191,1898
7737,7735,7333
7738,3597,3067
7739,991,592
7740,7664,962
7741,7737,2126
7742,7741,3718
7743,7742,7637
7744,550,290
7745,7743,2488
7746,1705,1198
7747,7745,7563
7748,7629,2613
7749,7732,7609
7750,7749,7698
7751,7747,1735
7752,1519,980
7753,7748,589
7754,7104,578
7755,7706,7577
7756,7726,2163
7757,7704,7543
7758,7751,941
7759,7750,782
7760,7759,2923
7761,7760,7631
7762,7536,7359
7763,7758,7731
7764,7756,277
7765,7550,2789
7766,7761,1086
7767,7766,953
7768,7767,2709
7769,7717,7686
7770,7768,2596
7771,7701,7624
7772,2606,938
7773,7770,7614
7774,7763,7396
7775,7773,7691
7776,7774,2044
7777,7600,3659
7778,7775,7498
7779,7518,3809
7780,2806,2504
7781,7776,7697
7782,7753,7579
7783,7654,1830
7784,7781,7552
7785,2142,132
7786,7784,871
7787,847,596
7788,7778,821
7789,7786,7612
7790,7673,3862
7791,7757,7188
7792,7708,7507
7793,7764,7670
7794,7788,7721
7795,7695,3796
7796,7604,7602
7797,7789,7620
7798,7797,7724
7799,7798,2144
7800,2702,2231
7801,7740,2017
7802,7683,3174
7803,7779,7722
7804,7421,1845
7805,6599,3731
7806,7794,386
7807,7799,3963
7808,7807,7793
7809,7603,1302
7810,7782,3268
7811,7808,3780
7812,7795,7723
7813,7702,2749
7814,7744,1542
7815,7771,954
7816,7815,7402
7817,7806,7777
7818,7817,1438
7819,7803,7792
7820,7811,7736
7821,7820,3652
7822,7821,7651
7823,2942,2737
7824,7818,2681
7825,7824,7667
7826,7822,7668
7827,6704,3777
7828,7825,7618
7829,3196,1842
7830,2541,22
7831,7630,3361
7832,7826,3810
7833,7832,2780
7834,7833,7828
7835,7783,7628
7836,7636,379
7837,3936,2032
7838,1769,1389
7839,7652,2985
7840,7813,7765
7841,7785,973
7842,7836,7483
7843,7626,2905
7844,7809,7801
7845,7678,7427
7846,7700,1522
7847,7727,2906
7848,7762,3093
7849,7819,7539
7850,7849,7730
7851,7839,7834
7852,7851,7729
7853,7852,7842
7854,7448,7372
7855,7844,1906
7856,1969,870
7857,7228,393
7858,7769,668
7859,3654,2823
7860,7846,718
7861,7860,7812
7862,7843,7711
7863,7810,7680
7864,7855,7640
7865,7816,7583
7866,7752,3872
7867,7738,3765
7868,7853,7790
7869,7868,7787
7870,7869,3994
7871,7870,7864
7872,7871,7780
7873,3353,247
7874,7840,7733
7875,7663,3720
7876,3937,267
7877,6998,2061
7878,3655,462
7879,7862,7858
7880,7863,3217
7881,7848,1464
7882,7872,1455
7883,7882,7746
7884,7883,7772
7885,7884,3542
7886,7885,7874
7887,1678,1436
7888,7804,7791
7889,7831,728
7890,2909,754
7891,7886,1023
7892,7755,3599
7893,7891,7879
7894,7893,3548
7895,7866,308
7896,7684,7558
7897,7896,3942
7898,3692,2706
7899,7894,2800
7900,7899,7814
7901,7861,3794
7902,7850,7739
7903,7900,7898
7904,7903,402
7905,7904,563
7906,6577,3628
7907,7892,7586
7908,7827,3180
7909,7865,7802
7910,7909,7830
7911,7910,7677
7912,7796,2841
7913,3511,2587
7914,7905,7847
7915,7914,1236
7916,7873,7805
7917,7915,7876
7918,2363,64
7919,3897,2566
7920,7837,2989
7921,7917,513
7922,7856,7646
7923,3323,2512
7924,7906,7902
7925,7924,7854
7926,7835,7725
7927,7880,7845
7928,7887,2826
7929,7823,2821
7930,7921,7838
7931,7907,7841
7932,3782,3746
7933,7930,7928
7934,7890,930
7935,7931,7911
7936,7901,7692
7937,7925,7867
7938,7920,7889
7939,7933,7912
7940,7939,7754
7941,7940,7859
7942,7941,3926
7943,7800,917
7944,7829,3030
7945,7942,7895
7946,7875,7857
7947,7888,7878
7948,7947,7926
7949,7881,7556
7950,3141,160
7951,7945,7936
7952,7918,7916
7953,7927,7919
7954,7923,3719
7955,7951,7929
7956,7935,7378
7957,7955,1953
7958,7957,7922
7959,7958,7908
7960,7959,7956
7961,7937,34
7962,7952,3191
7963,7946,380
7964,7961,7953
7965,7960,7913
7966,7964,7943
7967,7965,7949
7968,7967,7934
7969,7968,7954
7970,7963,2147
7971,7970,2819
7972,7948,71
7973,7969,1046
7974,7973,2573
7975,7974,7962
7976,7975,156
7977,7976,2626
7978,7977,2683
7979,7966,3538
7980,7978,7938
7981,7980,7971
7982,7972,534
7983,7979,2111
7984,7981,3502
7985,7984,7982
7986,7983,3745
7987,7986,3927
7988,7987,3715
7989,7985,7950
7990,7989,7897
7991,7988,7944
7992,7932,7877
7993,7991,651
7994,7993,7990
7995,7994,7314
7996,7995,7992
7997,7996,3894
7998,7997,3010
