1000,433,53
1001,96,94
1002,409,207
1003,1001,150
1004,477,117
1005,490,220
1006,389,20
1007,1000,390
1008,41,33
1009,1007,215
1010,398,367
1011,1009,77
1012,1005,1004
1013,251,135
1014,815,714
1015,253,112
1016,1003,43
1017,410,138
1018,151,86
1019,285,75
1020,401,368
1021,339,74
1022,1010,72
1023,1014,1011
1024,1008,219
1025,449,152
1026,124,103
1027,237,89
1028,231,107
1029,204,146
1030,1002,354
1031,62,12
1032,1012,170
1033,453,261
1034,1020,392
1035,281,246
1036,257,59
1037,243,79
1038,1013,115
1039,1031,171
1040,1034,119
1041,1029,37
1042,1023,901
1043,413,371
1044,1030,429
1045,1016,963
1046,465,278
1047,495,403
1048,722,501
1049,1038,1017
1050,1024,440
1051,1022,1006
1052,279,168
1053,1050,527
1054,1042,73
1055,1032,658
1056,260,255
1057,1045,508
1058,1044,88
1059,1039,310
1060,1055,987
1061,1060,742
1062,1053,343
1063,200,167
1064,1026,880
1065,353,344
1066,1037,270
1067,1048,1021
1068,1035,442
1069,300,218
1070,1054,1027
1071,439,108
1072,291,4
1073,1061,1018
1074,1049,762
1075,438,259
1076,655,184
1077,1062,192
1078,1070,793
1079,1057,199
1080,189,47
1081,906,15
1082,1043,1041
1083,470,51
1084,587,118
1085,1066,876
1086,1036,423
1087,395,357
1088,1074,1067
1089,292,238
1090,307,252
1091,425,337
1092,1073,1019
1093,1077,935
1094,498,275
1095,370,304
1096,1088,1065
1097,1093,1069
1098,236,202
1099,1078,916
1100,420,318
1101,97,91
1102,106,42
1103,1089,1040
1104,626,412
1105,287,28
1106,179,61
1107,1079,491
1108,1099,298
1109,805,635
1110,299,186
1111,334,258
1112,1108,860
1113,1052,129
1114,1086,1083
1115,1097,1081
1116,1112,286
1117,1087,1064
1118,1116,838
1119,1100,272
1120,1101,312
1121,796,739
1122,1047,418
1123,1063,313
1124,1028,1025
1125,1092,70
1126,1082,778
1127,1085,416
1128,1068,415
1129,1118,1059
1130,1126,1107
1131,1051,263
1132,545,500
1133,1015,143
1134,1033,223
1135,1071,6
1136,497,469
1137,1104,9
1138,1072,194
1139,407,317
1140,1125,137
1141,1096,122
1142,1103,360
1143,1094,196
1144,1111,346
1145,1137,979
1146,1141,776
1147,1115,923
1148,397,104
1149,1129,1105
1150,872,476
1151,1127,203
1152,1075,365
1153,1119,161
1154,249,210
1155,1058,879
1156,1090,280
1157,149,10
1158,316,306
1159,1120,350
1160,1128,639
1161,790,424
1162,972,736
1163,1110,351
1164,993,765
1165,1142,273
1166,784,629
1167,1149,789
1168,1151,46
1169,1130,314
1170,1167,540
1171,1091,133
1172,1140,1106
1173,1146,915
1174,1117,1046
1175,1170,940
1176,933,610
1177,452,254
1178,1160,363
1179,1147,1114
1180,185,67
1181,1173,1084
1182,1155,1122
1183,1138,1131
1184,176,31
1185,1121,541
1186,949,358
1187,274,205
1188,1152,1139
1189,457,56
1190,1156,256
1191,134,81
1192,1175,1172
1193,1132,712
1194,1179,175
1195,1166,892
1196,1145,510
1197,1181,529
1198,1080,473
1199,1183,1113
1200,426,187
1201,178,84
1202,1135,493
1203,849,710
1204,1192,984
1205,481,87
1206,451,130
1207,1197,1185
1208,504,319
1209,1204,517
1210,468,111
1211,865,781
1212,1095,283
1213,434,269
1214,1186,266
1215,1198,333
1216,944,800
1217,1169,1123
1218,1178,148
1219,1161,1153
1220,1195,694
1221,1165,232
1222,480,233
1223,1102,341
1224,1194,862
1225,496,100
1226,1168,1150
1227,1209,791
1228,229,25
1229,467,322
1230,1157,348
1231,975,524
1232,1207,579
1233,1174,662
1234,1196,1076
1235,1133,1
1236,461,406
1237,717,528
1238,686,436
1239,387,144
1240,1182,411
1241,705,38
1242,831,296
1243,1212,475
1244,1164,17
1245,909,444
1246,1217,248
1247,1226,1176
1248,1233,734
1249,1224,325
1250,1227,606
1251,995,692
1252,1232,746
1253,1193,605
1254,448,68
1255,1249,750
1256,268,54
1257,1250,874
1258,1177,361
1259,1143,24
1260,659,572
1261,1255,1252
1262,400,241
1263,165,30
1264,1257,1144
1265,1246,1134
1266,1247,190
1267,1238,604
1268,1248,622
1269,982,741
1270,990,136
1271,1163,139
1272,1234,1216
1273,1199,109
1274,1219,454
1275,347,327
1276,1260,928
1277,1261,1245
1278,1221,1188
1279,601,191
1280,1223,441
1281,1218,751
1282,1273,1214
1283,297,201
1284,1220,565
1285,846,685
1286,878,843
1287,1215,382
1288,1201,499
1289,924,672
1290,1210,211
1291,1277,936
1292,383,302
1293,63,52
1294,1241,743
1295,1191,1159
1296,1291,1202
1297,1264,1244
1298,1162,983
1299,1253,803
1300,1265,217
1301,1281,332
1302,866,772
1303,1299,1266
1304,1285,1272
1305,1237,859
1306,1300,459
1307,1268,719
1308,446,408
1309,1230,422
1310,214,164
1311,1297,1294
1312,1296,761
1313,988,977
1314,1235,193
1315,1284,904
1316,1312,1304
1317,1267,748
1318,1136,1124
1319,1274,1180
1320,157,78
1321,1211,16
1322,1154,929
1323,1307,814
1324,1208,303
1325,956,602
1326,1302,824
1327,598,114
1328,1278,1200
1329,1301,1190
1330,342,80
1331,729,656
1332,1306,856
1333,966,698
1334,460,419
1335,1315,740
1336,1332,562
1337,1282,212
1338,373,177
1339,1254,1243
1340,1240,1222
1341,1229,430
1342,1316,669
1343,1187,335
1344,1311,1280
1345,1336,1317
1346,609,435
1347,1342,715
1348,1251,836
1349,456,32
1350,1231,943
1351,1319,1271
1352,1347,553
1353,848,758
1354,1056,228
1355,464,83
1356,1344,1270
1357,650,544
1358,1298,1276
1359,1203,503
1360,1328,240
1361,1309,66
1362,1335,745
1363,1352,1279
1364,1345,1323
1365,1356,1269
1366,1363,877
1367,777,55
1368,1303,624
1369,1286,795
1370,1364,599
1371,955,567
1372,336,213
1373,1366,1313
1374,898,593
1375,1295,432
1376,559,558
1377,614,547
1378,1373,1340
1379,1365,1242
1380,985,913
1381,640,586
1382,1368,1337
1383,1362,808
1384,850,93
1385,331,102
1386,1289,822
1387,768,328
1388,147,126
1389,1370,594
1390,224,140
1391,1378,1305
1392,1379,197
1393,142,29
1394,1228,752
1395,1320,708
1396,1351,1206
1397,571,548
1398,1392,58
1399,1339,1213
1400,1369,576
1401,427,345
1402,837,554
1403,1310,234
1404,1098,169
1405,492,110
1406,145,92
1407,1358,1327
1408,1360,1329
1409,1391,1321
1410,428,155
1411,1383,735
1412,957,679
1413,1283,802
1414,1411,1389
1415,1398,523
1416,839,590
1417,123,23
1418,305,162
1419,1148,825
1420,1353,209
1421,1189,952
1422,1414,888
1423,1375,1338
1424,1409,1380
1425,1324,1292
1426,1355,1256
1427,1415,1367
1428,1357,542
1429,1333,688
1430,1407,1326
1431,1396,1314
1432,701,225
1433,1400,942
1434,1322,381
1435,320,208
1436,1422,763
1437,479,195
1438,1263,99
1439,1424,1416
1440,1359,657
1441,716,711
1442,549,518
1443,920,700
1444,166,7
1445,1436,812
1446,992,680
1447,1427,1293
1448,216,172
1449,1385,141
1450,1445,1386
1451,709,443
1452,293,262
1453,1399,918
1454,1308,1205
1455,1430,539
1456,1403,895
1457,198,125
1458,1439,783
1459,1419,1290
1460,1450,744
1461,1394,1350
1462,1441,1397
1463,721,76
1464,1455,1382
1465,1236,49
1466,1458,627
1467,1460,842
1468,1466,546
1469,623,581
1470,1468,902
1471,301,288
1472,1467,660
1473,265,227
1474,326,128
1475,766,731
1476,1406,1239
1477,1184,180
1478,466,282
1479,538,506
1480,1472,896
1481,1412,1348
1482,827,377
1483,1480,889
1484,1470,900
1485,1484,706
1486,845,532
1487,463,113
1488,1447,1393
1489,1485,851
1490,1489,683
1491,1442,1440
1492,932,183
1493,1464,1433
1494,667,619
1495,1446,1443
1496,828,818
1497,1405,474
1498,1483,704
1499,1490,330
1500,295,69
1501,1420,1109
1502,1287,324
1503,1462,779
1504,1425,13
1505,1459,749
1506,159,36
1507,1499,1413
1508,970,613
1509,691,646
1510,1507,1475
1511,1488,1477
1512,893,764
1513,1434,396
1514,1498,804
1515,1431,226
1516,1449,271
1517,1481,1408
1518,1511,775
1519,1401,873
1520,375,309
1521,414,21
1522,1514,561
1523,1465,1361
1524,1510,899
1525,1426,1341
1526,1493,631
1527,1502,1318
1528,355,173
1529,1428,841
1530,801,637
1531,1331,595
1532,1524,767
1533,1423,1395
1534,1518,85
1535,1517,759
1536,1532,1429
1537,1376,673
1538,1509,886
1539,1515,564
1540,1432,1262
1541,1529,1522
1542,1536,1491
1543,1384,39
1544,1519,1451
1545,1288,1171
1546,1461,887
1547,1469,989
1548,1402,1371
1549,1497,1258
1550,1541,1526
1551,1421,907
1552,1374,620
1553,1453,882
1554,1546,8
1555,1387,934
1556,1534,1473
1557,1404,250
1558,1542,670
1559,939,352
1560,855,792
1561,1556,1456
1562,1444,806
1563,1381,608
1564,927,922
1565,1259,329
1566,1558,1540
1567,1537,724
1568,1479,634
1569,1513,431
1570,1535,1349
1571,1533,960
1572,881,585
1573,1504,653
1574,1539,1330
1575,1506,1343
1576,1553,1474
1577,867,820
1578,1566,1476
1579,1561,969
1580,1550,925
1581,364,315
1582,1580,1505
1583,1578,1325
1584,1525,1438
1585,1579,1494
1586,1334,760
1587,1544,702
1588,1583,511
1589,1531,912
1590,1588,1585
1591,405,338
1592,1225,588
1593,1478,127
1594,1570,730
1595,1486,536
1596,1582,857
1597,1448,3
1598,1594,1390
1599,1495,618
1600,1589,1354
1601,1569,478
1602,1463,981
1603,1554,607
1604,649,494
1605,1501,844
1606,1482,552
1607,356,35
1608,340,181
1609,1521,1508
1610,1562,999
1611,485,153
1612,994,696
1613,1496,603
1614,1598,514
1615,1527,1454
1616,1503,747
1617,1596,914
1618,1614,926
1619,1567,1452
1620,1618,1435
1621,1601,1587
1622,794,707
1623,666,648
1624,1617,965
1625,830,617
1626,1624,1512
1627,1275,27
1628,1346,378
1629,1590,1551
1630,472,206
1631,486,374
1632,723,522
1633,1609,1571
1634,1516,2
1635,1625,1552
1636,1626,769
1637,1620,931
1638,384,19
1639,1577,276
1640,483,26
1641,1576,163
1642,937,520
1643,1603,971
1644,1637,1595
1645,1636,1573
1646,1629,908
1647,1568,905
1648,863,675
1649,945,526
1650,311,244
1651,868,829
1652,773,671
1653,1560,509
1654,1645,1530
1655,1457,533
1656,1641,1599
1657,1616,737
1658,1634,1563
1659,1644,580
1660,1659,699
1661,1654,551
1662,894,531
1663,391,323
1664,1605,810
1665,1660,875
1666,678,5
1667,1646,1574
1668,1557,484
1669,1661,1619
1670,720,664
1671,1651,1642
1672,771,284
1673,1669,974
1674,1545,819
1675,1673,1639
1676,1623,921
1677,1630,230
1678,1593,1520
1679,1597,366
1680,388,372
1681,447,105
1682,1667,809
1683,1586,816
1684,1638,1471
1685,1602,1543
1686,1643,1377
1687,1632,1547
1688,1665,946
1689,689,131
1690,976,727
1691,1657,1635
1692,1647,1612
1693,98,45
1694,1688,1675
1695,813,630
1696,1693,1664
1697,1682,1621
1698,1523,1500
1699,1575,385
1700,1633,967
1701,1697,1492
1702,1487,1388
1703,1701,557
1704,359,235
1705,1703,1653
1706,826,799
1707,1592,1549
1708,1671,1613
1709,903,891
1710,1705,652
1711,1692,515
1712,1565,757
1713,1628,1572
1714,1656,1611
1715,1652,1410
1716,1691,1418
1717,885,597
1718,823,556
1719,1710,884
1720,1437,222
1721,959,560
1722,1694,713
1723,625,482
1724,1658,1555
1725,1655,1610
1726,1719,1622
1727,221,82
1728,1726,521
1729,1728,535
1730,703,188
1731,1708,681
1732,1559,14
1733,1722,1711
1734,1729,951
1735,1734,786
1736,1733,780
1737,1700,1676
1738,1696,569
1739,1735,1662
1740,1739,642
1741,1538,519
1742,1736,854
1743,948,583
1744,1687,755
1745,1740,853
1746,1742,1640
1747,1746,964
1748,1712,471
1749,1648,958
1750,182,11
1751,1745,693
1752,1747,1714
1753,1581,417
1754,1741,682
1755,1715,1649
1756,1674,1615
1757,455,154
1758,1686,1600
1759,1725,998
1760,1627,158
1761,1608,1564
1762,1752,1738
1763,1709,575
1764,1751,591
1765,1731,911
1766,1631,1584
1767,1764,1702
1768,1762,1684
1769,1606,968
1770,1666,1417
1771,1737,1717
1772,1768,641
1773,1754,1695
1774,1767,697
1775,869,174
1776,1774,663
1777,1748,95
1778,1776,1765
1779,919,362
1780,1730,643
1781,1758,1706
1782,1778,615
1783,1721,628
1784,1680,1372
1785,1727,1668
1786,1772,616
1787,1720,1699
1788,1782,570
1789,399,57
1790,890,537
1791,1786,1766
1792,1788,573
1793,1744,684
1794,1759,1685
1795,1749,832
1796,1771,636
1797,1755,1716
1798,1792,807
1799,1718,996
1800,1707,1591
1801,1798,1743
1802,1793,756
1803,1791,774
1804,1803,633
1805,1724,883
1806,1698,445
1807,1683,543
1808,1804,1732
1809,1769,674
1810,1808,817
1811,1670,798
1812,1801,961
1813,1775,753
1814,1810,530
1815,458,404
1816,1814,489
1817,1812,369
1818,1816,505
1819,1678,1607
1820,1796,264
1821,1818,676
1822,1817,1548
1823,1822,487
1824,1713,1681
1825,1704,116
1826,1821,725
1827,349,242
1828,512,65
1829,1826,600
1830,1777,687
1831,1829,1795
1832,1823,910
1833,574,568
1834,1831,1773
1835,437,50
1836,1783,1763
1837,1802,294
1838,1799,1781
1839,1832,1809
1840,834,718
1841,1805,1780
1842,1779,1753
1843,1834,1794
1844,1785,18
1845,1838,1820
1846,1843,835
1847,1839,1806
1848,1837,1836
1849,1807,44
1850,1761,376
1851,577,507
1852,661,645
1853,1790,239
1854,1846,861
1855,1847,695
1856,1854,986
1857,1835,1830
1858,950,612
1859,1784,897
1860,1856,1811
1861,1860,770
1862,870,488
1863,1861,1848
1864,1858,797
1865,611,450
1866,1841,1833
1867,1859,1824
1868,1689,632
1869,1855,582
1870,1869,1663
1871,1870,733
1872,947,840
1873,1863,621
1874,1871,1827
1875,1873,732
1876,1875,1849
1877,1874,1787
1878,1679,1677
1879,1876,787
1880,811,654
1881,1879,1857
1882,1850,90
1883,1800,858
1884,1851,48
1885,1877,321
1886,1885,1650
1887,1881,644
1888,1825,1789
1889,1797,566
1890,1887,1690
1891,1866,0
1892,1770,379
1893,1890,1868
1894,1886,726
1895,1894,1828
1896,1158,60
1897,1845,978
1898,1893,584
1899,1898,555
1900,788,647
1901,1895,121
1902,1899,665
1903,1883,1815
1904,550,290
1905,1872,1864
1906,1901,1889
1907,1902,941
1908,1891,738
1909,1907,516
1910,1906,833
1911,1909,1908
1912,1862,1842
1913,852,589
1914,1910,677
1915,1604,962
1916,1897,1867
1917,1882,525
1918,1819,421
1919,1911,1853
1920,1919,394
1921,1892,277
1922,980,308
1923,1914,953
1924,1920,1905
1925,1924,847
1926,1925,821
1927,1926,690
1928,1927,782
1929,1757,120
1930,1928,1880
1931,991,592
1932,1923,1528
1933,1932,1930
1934,1933,1813
1935,1934,386
1936,1852,638
1937,1916,1884
1938,1937,1921
1939,1929,1878
1940,1918,1750
1941,1935,1865
1942,1900,785
1943,973,22
1944,1939,1912
1945,1840,1723
1946,1917,1915
1947,1756,101
1948,1942,578
1949,1941,1940
1950,1936,668
1951,1949,1888
1952,1951,1944
1953,1952,938
1954,1903,156
1955,132,40
1956,1947,34
1957,1956,997
1958,1938,871
1959,1958,1913
1960,1959,1945
1961,1953,502
1962,1943,728
1963,1961,563
1964,1963,596
1965,1904,864
1966,1964,267
1967,930,754
1968,1966,1954
1969,402,64
1970,1968,513
1971,1960,917
1972,1971,1948
1973,1972,1946
1974,1970,1950
1975,1974,1969
1976,1965,1760
1977,1975,247
1978,1977,393
1979,1978,1922
1980,1672,245
1981,1896,1844
1982,1976,1973
1983,1982,1979
1984,1962,954
1985,380,289
1986,1983,1955
1987,1957,1931
1988,462,71
1989,1986,1967
1990,1987,651
1991,1980,160
1992,1989,1984
1993,1992,1985
1994,1993,534
1995,1994,1981
1996,1995,1991
1997,1990,1988
1998,1997,1996
