4000,2338,1598
4001,3643,2145
4002,4001,3885
4003,4000,3261
4004,2279,2030
4005,2340,2138
4006,4002,3977
4007,3069,1281
4008,3686,2860
4009,4007,2309
4010,4003,2395
4011,4004,477
4012,3539,3526
4013,4009,2133
4014,3827,3712
4015,4006,2497
4016,4010,1315
4017,3755,2746
4018,1242,433
4019,4005,96
4020,4013,2559
4021,4015,3292
4022,4011,2243
4023,3707,2374
4024,3950,1201
4025,4021,3920
4026,4019,1951
4027,3650,2070
4028,4020,2051
4029,4028,33
4030,4022,2306
4031,4024,3763
4032,4027,1013
4033,4018,2383
4034,3768,3346
4035,1926,1857
4036,3068,3036
4037,4025,1219
4038,4016,3208
4039,4030,2661
4040,1096,390
4041,3290,150
4042,4037,3377
4043,3600,3427
4044,4033,1098
4045,4032,2387
4046,4026,94
4047,4038,2403
4048,3530,3108
4049,4029,4023
4050,3928,3666
4051,4031,3689
4052,3860,3088
4053,4039,3110
4054,2430,2287
4055,3023,41
4056,3153,1177
4057,4045,74
4058,4052,4017
4059,409,207
4060,4042,1073
4061,3298,2118
4062,4047,4043
4063,3448,3234
4064,4058,3260
4065,4012,117
4066,4049,2074
4067,4044,53
4068,4041,3033
4069,4060,4048
4070,3095,2259
4071,2331,2302
4072,3019,47
4073,4062,1357
4074,2582,220
4075,4069,3734
4076,4066,4056
4077,3970,79
4078,4073,3300
4079,4075,4008
4080,4067,4040
4081,4014,3146
4082,3279,3015
4083,389,20
4084,3711,3691
4085,4050,4035
4086,4078,4051
4087,4055,3203
4088,3919,3899
4089,4068,3856
4090,3982,2264
4091,4076,2339
4092,2057,1649
4093,4053,2849
4094,3698,3555
4095,2222,1742
4096,4079,3998
4097,4072,3057
4098,4096,2466
4099,3429,3276
4100,3319,3259
4101,2464,1984
4102,4087,4085
4103,1131,815
4104,4064,3606
4105,4081,1188
4106,4046,4036
4107,4034,3681
4108,4065,1084
4109,4090,1137
4110,4106,4086
4111,3770,3391
4112,3610,3601
4113,4091,4054
4114,4101,4098
4115,3496,43
4116,398,367
4117,2099,2035
4118,3695,1523
4119,4080,2164
4120,4093,2008
4121,4104,2729
4122,1838,1544
4123,4114,4061
4124,3805,3022
4125,4077,3064
4126,4089,3246
4127,4070,1657
4128,4074,490
4129,215,77
4130,4057,2294
4131,3633,135
4132,4105,4095
4133,4126,4107
4134,4120,1154
4135,2662,1093
4136,4088,3908
4137,4071,1881
4138,4119,4103
4139,4132,3438
4140,2120,497
4141,2580,429
4142,4110,124
4143,3456,3173
4144,4063,1144
4145,1446,1018
4146,4111,3447
4147,4134,1892
4148,3047,2317
4149,4136,4097
4150,2679,1439
4151,4142,4122
4152,1778,1133
4153,4113,2232
4154,3205,1968
4155,3629,3244
4156,2273,2199
4157,253,112
4158,4143,4099
4159,4117,3561
4160,4153,3799
4161,4138,714
4162,4121,3083
4163,4123,2443
4164,3359,3187
4165,4092,2378
4166,4135,4131
4167,4083,3909
4168,4059,3753
4169,410,138
4170,3183,3004
4171,4161,4147
4172,151,86
4173,4148,2328
4174,4163,4139
4175,285,75
4176,401,368
4177,4125,1647
4178,4137,204
4179,1834,251
4180,4151,3954
4181,4133,4115
4182,4128,4108
4183,2536,1195
4184,3943,2104
4185,3365,3310
4186,2244,2233
4187,3769,3683
4188,4124,2391
4189,3403,1566
4190,2477,1675
4191,4180,3459
4192,1489,1478
4193,4156,3229
4194,3441,246
4195,2181,465
4196,4152,1349
4197,4174,4084
4198,2522,1631
4199,2886,1536
4200,4173,4130
4201,2071,168
4202,1481,353
4203,1150,1052
4204,3506,2149
4205,4102,1928
4206,3961,1513
4207,4191,1425
4208,1347,371
4209,4116,72
4210,2685,1890
4211,3131,89
4212,4160,3100
4213,4162,4154
4214,3220,243
4215,4145,1321
4216,4197,2438
4217,4166,1039
4218,449,152
4219,3098,1924
4220,3554,1777
4221,4127,1734
4222,4149,3717
4223,3449,3029
4224,4212,1504
4225,4177,4170
4226,231,107
4227,4168,3596
4228,3905,3902
4229,4158,3674
4230,4225,4216
4231,4189,1265
4232,4109,3469
4233,2832,1423
4234,4190,1567
4235,3184,3094
4236,4224,4217
4237,4178,146
4238,4214,4094
4239,4181,4155
4240,4200,4165
4241,1661,501
4242,2412,1220
4243,62,12
4244,4210,4118
4245,4211,237
4246,4146,3374
4247,4129,2816
4248,3761,97
4249,3495,3198
4250,4207,3254
4251,4232,4171
4252,453,261
4253,1275,1082
4254,4205,1283
4255,4176,392
4256,4236,901
4257,4250,4204
4258,4182,170
4259,4239,2564
4260,4240,1338
4261,4256,2487
4262,4184,2511
4263,4169,354
4264,4193,1292
4265,4233,3814
4266,4188,2523
4267,3671,1107
4268,1342,963
4269,1772,1589
4270,257,59
4271,4192,1815
4272,4254,1020
4273,4112,2368
4274,3967,2352
4275,4238,4213
4276,4257,1886
4277,4100,3959
4278,4198,1825
4279,1334,1272
4280,4195,3846
4281,4259,1747
4282,3781,252
4283,4261,1676
4284,4221,3051
4285,4247,73
4286,1433,357
4287,3369,413
4288,2183,2129
4289,4269,3529
4290,4251,2632
4291,3294,1615
4292,4264,4206
4293,4230,3269
4294,4208,3382
4295,2192,2064
4296,4260,1840
4297,4243,171
4298,2393,2337
4299,4159,2301
4300,4227,2878
4301,4201,2353
4302,4276,103
4303,4244,2550
4304,3457,2680
4305,4283,762
4306,3440,3243
4307,2343,1040
4308,4293,3400
4309,4255,119
4310,4281,3819
4311,4229,3356
4312,4237,3137
4313,4272,3212
4314,4305,3164
4315,4082,1979
4316,4302,4284
4317,4308,3670
4318,2255,2174
4319,4314,2007
4320,3307,3041
4321,4141,9
4322,4317,2256
4323,4248,3958
4324,4290,4175
4325,4296,1692
4326,3085,2546
4327,3470,1941
4328,4313,4199
4329,3372,2380
4330,1577,1035
4331,4241,722
4332,4310,3742
4333,3514,1991
4334,4325,2308
4335,3904,3079
4336,495,403
4337,3966,3922
4338,1180,527
4339,4179,1430
4340,3907,1457
4341,3413,2844
4342,4319,2010
4343,2314,1311
4344,3395,46
4345,1087,880
4346,4306,4222
4347,4246,4235
4348,2432,2375
4349,4271,4245
4350,3708,1826
4351,4332,4220
4352,4297,1329
4353,3869,3210
4354,4288,4172
4355,3192,2193
4356,4324,4183
4357,3366,1122
4358,3332,2176
4359,4292,1557
4360,440,218
4361,3540,1400
4362,4326,2329
4363,4316,4312
4364,4331,4203
4365,1068,793
4366,4328,1708
4367,3384,287
4368,4299,3588
4369,4263,2565
4370,4342,3900
4371,4266,3820
4372,4300,3826
4373,4167,4144
4374,3373,2584
4375,1835,1605
4376,4356,742
4377,3221,1295
4378,2507,2202
4379,2514,1746
4380,4366,4343
4381,2218,1141
4382,3385,1994
4383,4322,4196
4384,4301,2988
4385,4376,4265
4386,4370,219
4387,4334,1168
4388,3103,2455
4389,4274,192
4390,260,255
4391,1601,37
4392,4347,4311
4393,4386,115
4394,3375,3222
4395,442,281
4396,4393,3299
4397,3773,3273
4398,2276,17
4399,4315,1497
4400,4285,1375
4401,3136,491
4402,4268,1814
4403,1877,1320
4404,4223,370
4405,1193,1006
4406,3721,4
4407,4363,4289
4408,4387,2332
4409,4351,3285
4410,4383,4234
4411,3286,3018
4412,4396,3971
4413,3626,3510
4414,4275,876
4415,3213,1266
4416,4359,3743
4417,4267,1230
4418,3910,1660
4419,4412,1282
4420,4150,2917
4421,4278,3123
4422,3831,3225
4423,4219,1126
4424,3306,929
4425,4385,987
4426,200,167
4427,1967,1856
4428,3211,3209
4429,3778,1603
4430,4409,3785
4431,4407,3043
4432,4298,2282
4433,1757,460
4434,2472,1251
4435,3314,317
4436,4431,3504
4437,4402,508
4438,4371,3258
4439,4321,184
4440,4253,1308
4441,2344,1299
4442,4419,1398
4443,4404,3675
4444,4282,307
4445,4425,1114
4446,4430,4303
4447,4416,1132
4448,4164,279
4449,4442,1037
4450,3547,2335
4451,4421,1239
4452,4187,4140
4453,4414,4392
4454,3160,3087
4455,4280,2388
4456,4368,3802
4457,4372,2108
4458,4436,4374
4459,4360,300
4460,3399,2759
4461,1125,626
4462,4408,2081
4463,4242,3329
4464,4215,1463
4465,4304,3590
4466,4389,343
4467,4380,344
4468,4445,658
4469,4294,3986
4470,439,108
4471,4277,3918
4472,1498,1224
4473,4287,2240
4474,3394,3257
4475,4458,1883
4476,4410,4327
4477,4345,3387
4478,4449,1337
4479,4375,339
4480,3921,1552
4481,4352,310
4482,4438,4231
4483,4468,4365
4484,3283,3193
4485,4478,4361
4486,4475,2047
4487,4323,1758
4488,4446,2877
4489,4262,2955
4490,4467,3297
4491,4373,3634
4492,2928,314
4493,4355,4286
4494,4349,1737
4495,2962,1127
4496,438,259
4497,4400,298
4498,3228,2367
4499,4369,3854
4500,4333,4258
4501,4185,3488
4502,4471,3309
4503,3172,1450
4504,4486,1306
4505,4338,1367
4506,4320,1083
4507,4504,4411
4508,4485,4462
4509,2621,1868
4510,4367,4307
4511,4476,4384
4512,3347,500
4513,4490,2911
4514,3101,1503
4515,3313,1831
4516,4477,2103
4517,4466,4447
4518,3825,2938
4519,906,15
4520,4483,1186
4521,4186,1079
4522,4364,1505
4523,4480,4451
4524,4273,3527
4525,470,51
4526,3340,2423
4527,4399,1529
4528,4346,2297
4529,4520,4354
4530,4461,4339
4531,587,118
4532,4456,3132
4533,3002,1384
4534,4279,1579
4535,2085,1710
4536,4270,423
4537,3944,3574
4538,4528,2056
4539,4513,1368
4540,4488,3178
4541,4511,1959
4542,4455,1372
4543,3128,3046
4544,2361,1415
4545,4391,2360
4546,4529,2097
4547,3185,2742
4548,4539,3960
4549,4417,1646
4550,4295,1051
4551,4403,1017
4552,4540,1101
4553,4401,2450
4554,4514,4418
4555,4507,1434
4556,4500,3709
4557,3517,3472
4558,2686,629
4559,292,238
4560,3638,3492
4561,425,337
4562,4541,2105
4563,4552,4453
4564,1876,360
4565,4555,3648
4566,4508,1606
4567,1382,935
4568,4228,3945
4569,4566,2420
4570,2234,210
4571,4473,199
4572,4405,3056
4573,4565,1537
4574,498,275
4575,4506,3090
4576,3836,3378
4577,4341,3868
4578,4335,3479
4579,4573,4517
4580,4546,4497
4581,4202,2170
4582,3171,104
4583,4420,286
4584,3197,1424
4585,1530,1379
4586,4567,4548
4587,4348,2015
4588,4530,4427
4589,2751,2608
4590,4532,1819
4591,4522,4499
4592,4554,4482
4593,236,202
4594,4489,1091
4595,2567,838
4596,4381,1417
4597,4437,1586
4598,4549,4377
4599,1333,1297
4600,4440,1386
4601,4249,1917
4602,4562,2508
4603,420,318
4604,106,42
4605,1860,1643
4606,4586,4569
4607,4329,1619
4608,4362,68
4609,4580,4494
4610,3895,860
4611,3021,270
4612,4602,4423
4613,4505,4459
4614,4519,4441
4615,2534,879
4616,2296,784
4617,2060,1591
4618,4465,1029
4619,4579,4516
4620,4209,350
4621,4556,3762
4622,4330,2185
4623,2454,189
4624,4491,4413
4625,4559,4309
4626,2480,1095
4627,3940,3722
4628,179,61
4629,3238,331
4630,4515,3775
4631,4502,3694
4632,1204,88
4633,4524,4429
4634,4406,291
4635,2326,1041
4636,4521,3236
4637,4544,2880
4638,4581,1681
4639,4576,4194
4640,3024,1585
4641,4394,3084
4642,805,635
4643,4619,4493
4644,4609,4378
4645,299,186
4646,4452,4218
4647,3061,3003
4648,334,258
4649,1914,778
4650,4612,1304
4651,3669,1206
4652,2943,2836
4653,4543,3887
4654,4503,949
4655,2812,2792
4656,4509,1885
4657,4397,452
4658,4457,4395
4659,3402,3322
4660,4553,2646
4661,4358,3189
4662,4594,3914
4663,2861,1894
4664,4598,3622
4665,4611,129
4666,1923,1648
4667,4536,4439
4668,2637,2088
4669,4613,1602
4670,4542,278
4671,4643,3255
4672,4379,2150
4673,4527,4510
4674,4382,4291
4675,4534,979
4676,2638,2354
4677,4671,3972
4678,4432,2096
4679,3653,3581
4680,4550,395
4681,1787,1257
4682,4450,2509
4683,4644,1560
4684,2547,1345
4685,1435,1028
4686,4588,1217
4687,4677,4472
4688,4577,3624
4689,2130,1253
4690,4523,2366
4691,4649,3859
4692,4398,1350
4693,4618,1919
4694,4659,2827
4695,4664,4650
4696,4653,4590
4697,3817,2143
4698,4606,4591
4699,4434,4426
4700,4673,1422
4701,1761,1216
4702,2602,1044
4703,4512,4463
4704,4634,4563
4705,4474,1976
4706,4687,1034
4707,4623,4538
4708,3165,2760
4709,3312,229
4710,3435,1891
4711,4621,1291
4712,1693,400
4713,4583,1471
4714,4706,2160
4715,4444,280
4716,4646,3929
4717,4564,1707
4718,4683,916
4719,4714,4592
4720,4422,3877
4721,3824,2993
4722,3170,1656
4723,4637,2691
4724,4704,4624
4725,3155,2372
4726,4603,272
4727,4695,4587
4728,2757,1108
4729,796,739
4730,4663,4571
4731,4578,3232
4732,3849,3619
4733,2881,837
4734,3803,397
4735,4469,416
4736,4600,3615
4737,4727,2781
4738,4336,418
4739,2594,705
4740,2112,1429
4741,4496,3835
4742,4702,4388
4743,4698,1187
4744,4660,2414
4745,4690,1393
4746,4672,2978
4747,4665,3049
4748,3397,3161
4749,4669,1164
4750,4595,791
4751,4718,4700
4752,4686,412
4753,4484,3499
4754,4743,1904
4755,4560,1821
4756,3705,468
4757,4479,2866
4758,4719,4596
4759,4668,2300
4760,4754,4599
4761,4749,4614
4762,1913,1645
4763,4711,1390
4764,4622,4357
4765,3345,1611
4766,3735,2635
4767,4744,2485
4768,4737,975
4769,4751,28
4770,4424,1104
4771,3380,268
4772,4443,1454
4773,1274,1067
4774,1376,923
4775,4344,3996
4776,4760,4638
4777,4713,1237
4778,4776,2136
4779,4769,1214
4780,4688,4662
4781,4350,3078
4782,4626,4535
4783,4340,283
4784,3764,1209
4785,2152,1580
4786,4752,4675
4787,3432,1348
4788,984,70
4789,4157,143
4790,3354,3122
4791,4558,1510
4792,4252,223
4793,4735,4689
4794,312,91
4795,4657,4518
4796,1925,1810
4797,4758,4635
4798,4654,358
4799,4353,3407
4800,3481,2910
4801,4470,6
4802,4585,2310
4803,2248,1452
4804,2678,2148
4805,4572,2260
4806,4667,4525
4807,4724,4656
4808,4755,1532
4809,4608,4337
4810,3995,2169
4811,1551,1002
4812,2837,2798
4813,4778,3348
4814,3169,2738
4815,4775,1824
4816,4501,1548
4817,4733,4498
4818,4730,3892
4819,4720,4633
4820,4741,4705
4821,4782,4597
4822,4779,4684
4823,3818,3360
4824,4574,196
4825,4648,346
4826,4802,776
4827,4762,4681
4828,3728,3318
4829,4415,3871
4830,4770,2078
4831,1870,1562
4832,4780,4750
4833,4495,1033
4834,3932,435
4835,3331,383
4836,4708,579
4837,3913,2006
4838,4699,1075
4839,3858,3251
4840,4604,4481
4841,4435,266
4842,4777,1076
4843,4658,639
4844,4797,3642
4845,872,476
4846,4454,3073
4847,4670,2311
4848,4652,3812
4849,4655,2926
4850,4740,2107
4851,4682,1878
4852,4531,2711
4853,4844,2676
4854,4813,3984
4855,4807,4747
4856,4610,1613
4857,4640,3657
4858,4636,2458
4859,4734,134
4860,4726,161
4861,4448,3417
4862,4768,2286
4863,4547,1119
4864,4601,2075
4865,4616,3127
4866,4433,2348
4867,2743,303
4868,4694,3875
4869,4676,2687
4870,4794,4487
4871,4832,4822
4872,3702,1032
4873,1729,191
4874,1402,365
4875,3376,3016
4876,4723,2557
4877,4766,4460
4878,4854,915
4879,2761,2677
4880,3821,2207
4881,3571,2324
4882,4631,25
4883,2408,1507
4884,4763,137
4885,1572,424
4886,4878,4761
4887,2825,2593
4888,4853,662
4889,4838,4742
4890,4627,4537
4891,149,10
4892,1614,1269
4893,4753,4630
4894,4757,1085
4895,4607,2854
4896,4888,1859
4897,3985,3218
4898,3182,2641
4899,4725,2098
4900,3339,1739
4901,4575,3730
4902,4584,3806
4903,4871,940
4904,1370,407
4905,4896,1322
4906,3162,1460
4907,4826,4745
4908,4855,4557
4909,316,306
4910,3651,256
4911,4764,3487
4912,4736,2376
4913,4625,273
4914,3039,892
4915,4862,2572
4916,4716,4226
4917,4691,3428
4918,972,736
4919,3832,3797
4920,1686,363
4921,4645,351
4922,4905,4680
4923,993,765
4924,4886,4318
4925,4696,3544
4926,4615,1156
4927,4746,4678
4928,4703,1473
4929,4772,4641
4930,4721,475
4931,4915,4793
4932,4908,2996
4933,4617,4570
4934,4924,4786
4935,4791,849
4936,4932,1590
4937,2390,593
4938,4551,1319
4939,1247,790
4940,4903,1062
4941,4701,1827
4942,4895,3625
4943,4936,4861
4944,4639,1327
4945,4922,4767
4946,4836,4729
4947,466,313
4948,712,545
4949,4847,1353
4950,4693,4390
4951,4545,4492
4952,1394,434
4953,1359,843
4954,4561,133
4955,4907,122
4956,4940,789
4957,3409,2947
4958,4858,3792
4959,1795,1358
4960,1748,1674
4961,4876,4812
4962,1437,1210
4963,4943,4857
4964,4738,4628
4965,4942,2091
4966,4759,1113
4967,4863,1973
4968,4820,694
4969,4710,4707
4970,3751,2542
4971,933,610
4972,4927,4661
4973,4865,4829
4974,4912,4850
4975,4842,1211
4976,2079,1414
4977,4945,1022
4978,185,67
4979,3081,716
4980,4818,3549
4981,4804,2456
4982,4901,2885
4983,3231,803
4984,4873,1839
4985,4882,4620
4986,4977,4917
4987,4852,3631
4988,4833,862
4989,1494,175
4990,3215,3006
4991,3672,446
4992,4883,4827
4993,4533,3873
4994,4935,2470
4995,4845,4679
4996,3311,2895
4997,4568,3632
4998,4934,4856
4999,176,31
5000,3964,2313
5001,4986,4974
5002,4968,3052
5003,4464,2251
5004,4816,4674
5005,3948,2495
5006,2465,2215
5007,4956,3009
5008,274,205
5009,4931,2379
5010,1811,496
5011,3852,3074
5012,4849,2829
5013,4821,1559
5014,3404,1571
5015,4632,1561
5016,4843,148
5017,457,56
5018,2671,1927
5019,5005,5001
5020,4944,3978
5021,4771,2788
5022,1408,529
5023,2019,1194
5024,2278,1709
5025,4996,2371
5026,5007,4788
5027,4806,3532
5028,5009,4859
5029,4992,4961
5030,3822,3661
5031,4848,3682
5032,4831,1279
5033,4799,2848
5034,4963,4808
5035,4765,3437
5036,5019,1666
5037,5026,540
5038,3729,232
5039,4728,2615
5040,4926,2945
5041,4998,4774
5042,4929,4928
5043,2494,2168
5044,4841,194
5045,2258,686
5046,4949,4582
5047,4980,2970
5048,3265,3082
5049,5034,3884
5050,4872,1965
5051,3991,2189
5052,415,254
5053,4717,1340
5054,5013,1111
5055,3925,1388
5056,4925,4874
5057,1622,1456
5058,4685,1285
5059,4809,3202
5060,3665,233
5061,4803,2141
5062,4798,263
5063,3392,3158
5064,4783,1218
5065,5041,4987
5066,3020,302
5067,1932,1466
5068,4946,4894
5069,1768,296
5070,4815,1313
5071,3744,2995
5072,4692,2929
5073,5028,4971
5074,4952,4902
5075,3389,304
5076,3865,2467
5077,5070,4712
5078,4938,1677
5079,4526,1021
5080,3483,13
5081,5065,4889
5082,4884,743
5083,2643,1986
5084,4805,750
5085,426,187
5086,4731,3855
5087,5053,1410
5088,3630,1701
5089,2461,541
5090,178,84
5091,4939,781
5092,5049,3837
5093,4972,4965
5094,2665,2590
5095,4995,4911
5096,5037,517
5097,5092,4982
5098,4801,493
5099,1697,1324
5100,3275,3035
5101,4846,1651
5102,2634,2134
5103,5081,2139
5104,5096,4840
5105,1691,1030
5106,3602,3505
5107,481,87
5108,2897,2891
5109,451,130
5110,5036,4970
5111,4899,2714
5112,4651,2157
5113,504,319
5114,1395,419
5115,5103,1184
5116,5059,2220
5117,5115,2847
5118,5020,848
5119,5110,1952
5120,4966,601
5121,4864,4589
5122,4787,1181
5123,5054,2436
5124,5050,5027
5125,5073,2082
5126,4870,1134
5127,5119,5051
5128,4869,2493
5129,1170,572
5130,4988,2907
5131,5104,4887
5132,5078,1129
5133,5125,203
5134,3396,3007
5135,5082,1833
5136,5093,2023
5137,4913,1655
5138,4795,3500
5139,5002,1704
5140,4814,3931
5141,5097,190
5142,4890,3256
5143,5133,4958
5144,5056,2750
5145,4921,1950
5146,5127,5025
5147,5117,4933
5148,4900,4868
5149,1916,1116
5150,5141,4973
5151,5131,1445
5152,5016,4920
5153,4819,524
5154,5047,4919
5155,4885,4860
5156,4955,995
5157,3017,444
5158,4951,1323
5159,4914,2476
5160,4739,38
5161,944,800
5162,1516,1365
5163,3896,3062
5164,3663,624
5165,5136,2327
5166,4866,1714
5167,4969,473
5168,5151,1167
5169,1280,1149
5170,5146,2385
5171,2072,772
5172,2785,227
5173,5147,5029
5174,5168,606
5175,5152,3898
5176,5072,4923
5177,5170,2530
5178,2633,2323
5179,4647,3248
5180,4904,1346
5181,4975,3104
5182,1543,111
5183,5177,5086
5184,5144,4810
5185,5174,1396
5186,5021,2543
5187,5039,4950
5188,5158,2228
5189,5166,4941
5190,5173,5068
5191,4981,3383
5192,4994,2462
5193,5043,5003
5194,4800,4605
5195,5085,5044
5196,1749,411
5197,467,322
5198,4891,348
5199,3989,3591
5200,5139,3509
5201,5143,3536
5202,5183,4796
5203,5084,3227
5204,5190,1016
5205,5024,4830
5206,4789,1
5207,3949,3811
5208,4781,3531
5209,1175,1094
5210,2896,2254
5211,5185,5181
5212,5150,659
5213,4893,2570
5214,2961,604
5215,2883,297
5216,5201,3293
5217,5212,5202
5218,3791,2965
5219,5010,4715
5220,5175,751
5221,5204,3953
5222,461,406
5223,717,528
5224,5216,1441
5225,4867,3342
5226,5123,1897
5227,5156,2753
5228,5118,1568
5229,4906,3054
5230,4897,2688
5231,5075,1776
5232,3952,2252
5233,3874,1061
5234,5211,990
5235,5217,1502
5236,4979,4851
5237,1361,1238
5238,5012,4756
5239,4993,4709
5240,3350,3305
5241,5057,4984
5242,3616,3462
5243,3947,1793
5244,5192,1784
5245,5220,1818
5246,5165,1120
5247,5099,2188
5248,441,341
5249,4828,3442
5250,2486,1563
5251,387,144
5252,5094,4962
5253,5137,5038
5254,5101,4985
5255,5234,2712
5256,5221,5045
5257,3494,1499
5258,3418,1600
5259,3296,1832
5260,2446,2009
5261,2990,1391
5262,5184,5095
5263,4948,605
5264,2411,155
5265,5132,5069
5266,4877,3649
5267,5052,3117
5268,5153,5004
5269,3639,3618
5270,5256,1263
5271,3289,1679
5272,5035,4983
5273,2478,1354
5274,3795,1403
5275,4976,1634
5276,1642,1624
5277,2656,212
5278,5270,5227
5279,5071,109
5280,3058,234
5281,1638,602
5282,3235,7
5283,5200,1665
5284,3201,1312
5285,4839,2213
5286,5224,598
5287,5226,1740
5288,5091,2933
5289,1409,565
5290,5161,5124
5291,4964,52
5292,3336,2810
5293,3224,1054
5294,5255,1050
5295,5015,510
5296,5033,4880
5297,5064,5011
5298,1109,586
5299,5135,197
5300,4835,1515
5301,4823,2952
5302,5278,746
5303,3048,436
5304,2652,1508
5305,5032,3464
5306,5286,1626
5307,5154,3452
5308,2673,55
5309,5294,3801
5310,5148,1351
5311,3433,3154
5312,5302,3594
5313,5230,1472
5314,3710,1763
5315,5194,1128
5316,5188,1066
5317,1721,1183
5318,5186,2720
5319,5126,2625
5320,1008,58
5321,4967,2551
5322,5235,904
5323,5105,1863
5324,5312,5241
5325,5254,1852
5326,4898,2405
5327,5167,333
5328,4773,1072
5329,5287,1146
5330,2856,157
5331,5246,4837
5332,5130,1625
5333,5180,5149
5334,5306,5000
5335,5076,5062
5336,5307,5214
5337,3697,1796
5338,5122,2867
5339,3270,2716
5340,3303,142
5341,5309,5040
5342,5322,1461
5343,5163,5142
5344,5342,5283
5345,3121,2510
5346,4824,24
5347,5193,1009
5348,3696,3115
5349,2599,865
5350,5046,2039
5351,2705,655
5352,5159,1250
5353,5316,5140
5354,5334,2116
5355,5087,5060
5356,4916,3668
5357,5344,5077
5358,5341,982
5359,5187,2266
5360,3611,2269
5361,5116,4784
5362,165,30
5363,5243,3767
5364,4930,377
5365,1191,588
5366,3419,2767
5367,5324,5237
5368,5061,4959
5369,5354,3071
5370,3086,1381
5371,1594,836
5372,5042,3560
5373,2146,2127
5374,5203,5079
5375,2165,1569
5376,3038,2778
5377,5367,909
5378,5244,710
5379,2406,1706
5380,3055,2853
5381,2457,1042
5382,5329,5189
5383,5074,1117
5384,5327,382
5385,5358,874
5386,4989,4879
5387,5299,2851
5388,1316,325
5389,3575,3126
5390,3756,1802
5391,4697,2463
5392,4666,1244
5393,347,327
5394,5377,2864
5395,5213,3550
5396,5145,139
5397,5336,2707
5398,5129,928
5399,4997,3736
5400,5369,2745
5401,5245,332
5402,5291,5196
5403,2417,1841
5404,3393,2416
5405,4785,2086
5406,5394,1426
5407,5310,2319
5408,2503,1581
5409,3522,213
5410,1493,1189
5411,5406,2247
5412,5339,2771
5413,5347,1159
5414,3974,3063
5415,5400,5272
5416,5357,248
5417,5262,824
5418,5372,5058
5419,4629,1620
5420,5385,1694
5421,1535,1014
5422,5083,779
5423,5138,361
5424,5172,3882
5425,5128,5111
5426,5067,1233
5427,5247,5228
5428,4722,2034
5429,5420,5265
5430,5379,2068
5431,4991,408
5432,5108,3443
5433,3699,2835
5434,5378,5233
5435,5387,5160
5436,5411,5332
5437,3204,2110
5438,1641,672
5439,5416,5305
5440,5231,2863
5441,2657,1728
5442,5182,3635
5443,5297,2033
5444,5290,5120
5445,5179,3011
5446,4947,4792
5447,2167,39
5448,3471,3351
5449,3880,3334
5450,2156,1774
5451,5229,1451
5452,3135,2125
5453,5364,5296
5454,4825,180
5455,3579,1155
5456,2346,2020
5457,5439,562
5458,5436,1786
5459,3750,2042
5460,3851,8
5461,5331,2669
5462,846,685
5463,4748,3151
5464,2364,966
5465,5349,5288
5466,5397,5383
5467,5415,5325
5468,2739,1549
5469,5458,5242
5470,5457,734
5471,4811,691
5472,5470,1152
5473,5090,499
5474,5469,2094
5475,5361,3480
5476,5195,3917
5477,1431,701
5478,5429,1305
5479,5474,5157
5480,3621,3168
5481,4834,1820
5482,5479,936
5483,5252,5218
5484,924,719
5485,5022,2226
5486,5363,5089
5487,5239,3439
5488,3951,3604
5489,5472,2726
5490,2357,2245
5491,2312,943
5492,5155,454
5493,3515,1556
5494,5171,2533
5495,1362,692
5496,5355,1995
5497,3992,3277
5498,5371,1862
5499,1780,1118
5500,5114,1942
5501,3881,1658
5502,5427,878
5503,5338,5319
5504,5098,92
5505,3130,228
5506,2973,1855
5507,4918,983
5508,2087,1019
5509,2872,1963
5510,5219,4910
5511,5478,5435
5512,3829,336
5513,5210,166
5514,2303,1048
5515,5352,1872
5516,5425,2600
5517,2960,1145
5518,3367,1182
5519,5482,5434
5520,480,201
5521,5374,2629
5522,4953,2046
5523,5401,3747
5524,5279,3050
5525,5418,81
5526,5350,5023
5527,5335,1903
5528,2787,1521
5529,4978,1700
5530,5489,5263
5531,1690,1267
5532,5467,3645
5533,5266,576
5534,5483,1592
5535,3291,3206
5536,5384,4732
5537,5351,977
5538,3102,2496
5539,3014,2045
5540,5321,2858
5541,1957,1459
5542,5530,5360
5543,5519,761
5544,2577,2223
5545,5268,4957
5546,2644,2237
5547,2535,2040
5548,5413,2265
5549,5109,1934
5550,5543,553
5551,5532,5088
5552,2544,448
5553,5223,859
5554,5198,422
5555,5550,669
5556,2459,1199
5557,5407,2409
5558,5451,5353
5559,1628,1151
5560,5542,5459
5561,214,164
5562,5289,1470
5563,5417,5403
5564,5555,5496
5565,5121,5080
5566,5300,3667
5567,5292,3754
5568,5333,856
5569,3475,3150
5570,2979,2802
5571,2050,1966
5572,5389,2941
5573,5388,2561
5574,2682,2429
5575,5238,5031
5576,5540,3774
5577,1783,1442
5578,2095,1756
5579,5066,3230
5580,5462,5295
5581,5206,193
5582,5560,3431
5583,5438,1492
5584,1309,1221
5585,5267,224
5586,5191,1314
5587,5375,5225
5588,5328,1449
5589,5551,3841
5590,5055,1582
5591,3771,2921
5592,3398,3308
5593,3044,3042
5594,4881,126
5595,3190,1136
5596,5522,2093
5597,5318,3233
5598,1160,748
5599,5398,3288
5600,5536,5269
5601,1609,1558
5602,2197,1298
5603,5582,740
5604,5589,5178
5605,5215,955
5606,2636,1922
5607,5356,3727
5608,5603,5533
5609,5018,145
5610,3704,3386
5611,5273,3613
5612,5525,5337
5613,5548,5112
5614,2190,217
5615,1545,1166
5616,5432,2036
5617,5608,1945
5618,5261,2690
5619,2505,1596
5620,3543,1428
5621,5368,5323
5622,5604,78
5623,5466,1671
5624,5564,5444
5625,5507,5275
5626,5617,3776
5627,5315,1983
5628,5626,3839
5629,4817,554
5630,2833,2221
5631,5523,913
5632,3484,2700
5633,5477,2957
5634,342,80
5635,2994,1743
5636,729,656
5637,5628,5442
5638,5622,5199
5639,5527,5476
5640,3080,2280
5641,5381,2404
5642,5557,2206
5643,5563,866
5644,5253,2868
5645,3133,3114
5646,5208,3578
5647,5426,1215
5648,471,211
5649,5521,3458
5650,5205,5162
5651,5494,5365
5652,5518,3662
5653,5281,3037
5654,5274,3923
5655,5640,5484
5656,5576,5430
5657,5637,1468
5658,373,177
5659,5471,3703
5660,5453,2871
5661,1226,850
5662,5382,4960
5663,5624,5504
5664,5638,5164
5665,5568,5486
5666,5197,430
5667,2899,241
5668,5631,5498
5669,2513,1310
5670,5657,814
5671,5663,715
5672,1939,1936
5673,5461,548
5674,5481,5271
5675,2920,2441
5676,5587,5102
5677,3987,2597
5678,464,54
5679,4875,3032
5680,5529,5492
5681,1766,988
5682,5664,5545
5683,5572,5502
5684,5008,335
5685,5260,2187
5686,3924,643
5687,5443,1185
5688,5511,5320
5689,5688,5176
5690,5671,3405
5691,5428,2969
5692,2166,2069
5693,5395,1745
5694,5248,1484
5695,5670,1901
5696,5643,808
5697,5695,1908
5698,5006,249
5699,1371,459
5700,5649,902
5701,5697,5665
5702,5236,3725
5703,3889,745
5704,5475,1059
5705,5623,2925
5706,3890,1599
5707,5534,5465
5708,5690,1964
5709,5285,2394
5710,3264,2651
5711,1669,1249
5712,5607,3941
5713,5700,503
5714,5359,5100
5715,5500,2369
5716,456,32
5717,2155,523
5718,2084,777
5719,5421,1243
5720,5708,3658
5721,4990,2529
5722,3147,2537
5723,1407,1192
5724,5639,1741
5725,5408,5391
5726,5673,1325
5727,5402,2318
5728,5689,5410
5729,2642,2552
5730,3274,1762
5731,5642,5249
5732,5720,5580
5733,5612,5503
5734,5501,2186
5735,5701,5590
5736,1933,428
5737,5232,3752
5738,1672,93
5739,650,544
5740,3316,2131
5741,5169,1420
5742,2263,594
5743,5423,3740
5744,5598,5573
5745,5655,5583
5746,5515,2270
5747,5514,5450
5748,5455,1788
5749,5735,2241
5750,5562,985
5751,5732,5681
5752,5509,5366
5753,5618,877
5754,5751,698
5755,5445,3364
5756,5597,5558
5757,5726,5650
5758,3706,1823
5759,5586,622
5760,5593,269
5761,5754,1363
5762,5485,1576
5763,3701,3612
5764,5326,3903
5765,5662,5495
5766,3263,1011
5767,5761,5707
5768,5345,506
5769,5683,240
5770,5554,66
5771,5728,2555
5772,3983,1616
5773,5646,1173
5774,5749,812
5775,5537,5017
5776,3850,3335
5777,5600,2515
5778,3617,3585
5779,5731,5687
5780,5575,2958
5781,5696,542
5782,5541,5317
5783,5330,886
5784,5298,3976
5785,3656,657
5786,5276,2489
5787,3620,559
5788,3993,1003
5789,5399,3863
5790,5654,1980
5791,5497,5207
5792,5668,5644
5793,3143,2583
5794,2349,1854
5795,2253,1287
5796,3508,3107
5797,5767,5713
5798,2935,2874
5799,5682,5304
5800,2109,1912
5801,5715,5705
5802,3646,3129
5803,5621,1785
5804,5727,5454
5805,5775,5386
5806,5592,3446
5807,5647,2439
5808,5774,5257
5809,2162,1575
5810,5516,328
5811,2595,704
5812,3262,2889
5813,5134,3476
5814,5601,5577
5815,5513,3077
5816,1779,114
5817,5301,3738
5818,5724,474
5819,614,547
5820,5804,5771
5821,5808,599
5822,1453,1387
5823,1972,1715
5824,5743,5510
5825,2828,1875
5826,5821,5599
5827,5480,2062
5828,5797,839
5829,2090,364
5830,1993,1234
5831,3423,3140
5832,1804,1790
5833,1989,888
5834,5565,5343
5835,5799,2799
5836,1588,208
5837,5422,571
5838,5609,1004
5839,5835,5714
5840,5277,3324
5841,3930,1798
5842,3876,2724
5843,5781,2386
5844,5765,1527
5845,5698,113
5846,2992,2601
5847,5440,1064
5848,5745,5744
5849,5843,5826
5850,5820,741
5851,3524,1759
5852,3533,708
5853,5419,1328
5854,5828,5209
5855,5595,5313
5856,5801,2539
5857,5625,5566
5858,5635,2345
5859,5704,2501
5860,5757,5571
5861,5854,5584
5862,5526,3787
5863,5549,5396
5864,5861,1816
5865,5759,5641
5866,3788,825
5867,5844,957
5868,1907,1789
5869,5264,2083
5870,5769,942
5871,5864,1546
5872,4892,1540
5873,5685,2080
5874,2422,2298
5875,5871,1477
5876,2184,1163
5877,2102,831
5878,5849,735
5879,2445,2175
5880,3226,3075
5881,5506,2811
5882,5390,1024
5883,5875,1496
5884,5867,1668
5885,5030,2980
5886,5491,3847
5887,5883,5753
5888,5614,763
5889,5674,1488
5890,5887,5553
5891,5579,2431
5892,5779,5405
5893,5259,3271
5894,5620,1097
5895,5528,5524
5896,5738,5661
5897,5884,5531
5898,5552,1318
5899,5815,5404
5900,3436,1971
5901,2807,2022
5902,427,345
5903,5493,3186
5904,5856,5750
5905,5792,1654
5906,5807,5692
5907,5680,16
5908,5850,136
5909,3266,95
5910,5881,5619
5911,4593,169
5912,5810,5048
5913,5748,1427
5914,5311,3410
5915,1670,445
5916,5878,2011
5917,492,110
5918,5866,5452
5919,5570,5280
5920,5908,5424
5921,5839,1716
5922,5837,5718
5923,5499,2483
5924,5544,758
5925,5890,5303
5926,5284,3962
5927,5431,5107
5928,3379,102
5929,1369,352
5930,3716,1997
5931,2106,29
5932,3878,1520
5933,5752,1982
5934,2440,1639
5935,5860,2295
5936,5723,1078
5937,5921,5567
5938,2460,2250
5939,5925,5905
5940,5916,1808
5941,5746,5627
5942,5914,2721
5943,5790,5733
5944,5940,3813
5945,5782,5581
5946,3700,1682
5947,5468,3580
5948,5694,2964
5949,5944,5596
5950,5756,2413
5951,1722,802
5952,5629,567
5953,147,63
5954,123,23
5955,5308,2289
5956,5376,1380
5957,5870,5672
5958,4642,2782
5959,5949,1889
5960,5895,5818
5961,5832,1864
5962,5959,5768
5963,5935,1938
5964,5777,3134
5965,5725,5660
5966,5653,3338
5967,5803,546
5968,5897,2654
5969,5904,5848
5970,5920,5717
5971,2908,1684
5972,5456,1331
5973,5939,5737
5974,305,162
5975,5962,5865
5976,5293,1803
5977,1817,1623
5978,2211,1317
5979,5963,5588
5980,5464,1570
5981,3956,3584
5982,5855,76
5983,1479,538
5984,5693,5487
5985,5975,2620
5986,5437,3975
5987,5449,613
5988,5747,3687
5989,3842,3408
5990,5859,5847
5991,3501,1711
5992,5950,5446
5993,5985,2449
5994,5907,1474
5995,5993,2018
5996,5373,1689
5997,5676,5113
5998,1147,1065
5999,2426,1636
6000,5973,1007
6001,5679,293
6002,5508,640
6003,5741,5719
6004,3247,2664
6005,5669,2171
6006,5691,3424
6007,6000,590
6008,432,21
6009,5721,1225
6010,5547,3278
6011,3466,3076
6012,2500,141
6013,5602,1685
6014,6007,1752
6015,2805,326
6016,5709,1026
6017,5995,2605
6018,2997,1352
6019,5862,3981
6020,5250,2224
6021,3327,83
6022,5936,5556
6023,2727,2481
6024,5957,5758
6025,6017,3572
6026,5712,469
6027,5805,952
6028,3194,289
6029,5968,5699
6030,5853,2569
6031,5809,5656
6032,5910,900
6033,5997,5611
6034,3341,2623
6035,6025,1374
6036,1241,1088
6037,2901,2525
6038,6014,706
6039,6035,5846
6040,2695,2384
6041,6038,5967
6042,3287,1974
6043,5824,2857
6044,5874,2576
6045,2932,1667
6046,5979,1174
6047,5793,2490
6048,479,195
6049,5535,3328
6050,1921,764
6051,5613,518
6052,2882,2616
6053,5362,99
6054,5937,5857
6055,2410,1806
6056,3426,2203
6057,5512,5409
6058,6019,2701
6059,5816,3282
6060,5970,5798
6061,3911,3216
6062,6041,1161
6063,5941,5762
6064,920,700
6065,3109,2021
6066,5990,1232
6067,5633,225
6068,5952,1326
6069,5734,3493
6070,5969,5760
6071,6062,1781
6072,5947,5659
6073,6054,3148
6074,6039,5739
6075,5946,5616
6076,3636,1564
6077,3195,3149
6078,992,680
6079,5892,3415
6080,6071,5838
6081,6051,3834
6082,1750,1637
6083,6027,1268
6084,1850,1578
6085,5894,1782
6086,3118,2342
6087,5958,5412
6088,216,172
6089,1797,494
6090,3467,3239
6091,6060,5877
6092,4954,1069
6093,1058,209
6094,5817,5791
6095,3454,3163
6096,5615,1525
6097,3640,2950
6098,6073,3520
6099,5906,5858
6100,3368,2563
6101,1412,585
6102,5788,2900
6103,6080,1610
6104,709,443
6105,2796,2299
6106,3444,1531
6107,5994,5863
6108,6103,3582
6109,5982,5899
6110,6074,5988
6111,2210,309
6112,3726,522
6113,4937,898
6114,6108,3593
6115,5380,2177
6116,6028,2717
6117,5873,2124
6118,6098,2967
6119,6046,702
6120,6110,6022
6121,6114,1264
6122,5898,5578
6123,3434,558
6124,1207,766
6125,6029,1099
6126,5965,2027
6127,2976,1404
6128,6121,2954
6129,5943,5764
6130,4428,1360
6131,6081,2249
6132,6091,1385
6133,6128,783
6134,5517,396
6135,5783,2285
6136,5561,895
6137,5658,1294
6138,3848,1943
6139,5961,5840
6140,5872,581
6141,6120,1539
6142,6104,1829
6143,3664,1587
6144,2953,989
6145,6061,5677
6146,198,125
6147,6031,2723
6148,6002,539
6149,6141,5742
6150,5964,5886
6151,5833,868
6152,3489,153
6153,6079,5785
6154,5675,1528
6155,5924,5811
6156,5987,5780
6157,6034,3177
6158,6132,2842
6159,5831,1731
6160,5869,5392
6161,6126,2370
6162,6139,5960
6163,3679,623
6164,532,320
6165,3465,3223
6166,6149,6070
6167,5433,399
6168,6119,5706
6169,994,549
6170,3445,3295
6171,5930,5834
6172,6023,5999
6173,6003,873
6174,5463,908
6175,5956,3521
6176,1303,822
6177,5971,3421
6178,5796,3478
6179,5992,1258
6180,6133,1584
6181,3557,1844
6182,5998,1476
6183,3460,2389
6184,2776,2453
6185,6158,5919
6186,5505,3337
6187,5912,3450
6188,6122,889
6189,6180,6168
6190,5222,49
6191,5014,3843
6192,6118,799
6193,6024,1998
6194,1421,1176
6195,6150,5773
6196,6109,6069
6197,6001,1800
6198,5441,2052
6199,6166,2946
6200,6189,1736
6201,1307,667
6202,5980,3607
6203,5770,1719
6204,5282,3139
6205,5933,2358
6206,3605,3552
6207,5651,5630
6208,6199,660
6209,301,288
6210,2115,724
6211,6030,801
6212,5784,2117
6213,6085,6063
6214,6013,2968
6215,5585,140
6216,5802,3556
6217,6192,1227
6218,5722,1077
6219,5823,2972
6220,6075,1805
6221,6179,6018
6222,5845,2740
6223,5755,3685
6224,5605,2983
6225,3267,2585
6226,5852,3912
6227,5986,896
6228,6185,2322
6229,6208,842
6230,6217,752
6231,6193,3519
6232,5652,1074
6233,5913,5896
6234,6009,830
6235,6147,1633
6236,2421,276
6237,6124,731
6238,5929,1100
6239,6230,3973
6240,5827,5772
6241,2428,1702
6242,5794,1005
6243,6125,2912
6244,5594,1231
6245,6200,5934
6246,6129,3647
6247,6131,5978
6248,6231,6229
6249,2850,2024
6250,3879,1355
6251,6239,5812
6252,5490,1012
6253,5346,1197
6254,6232,820
6255,6246,6066
6256,5922,711
6257,6256,5702
6258,6005,2201
6259,6153,918
6260,2290,607
6261,5918,1541
6262,1289,414
6263,2239,1148
6264,6251,6072
6265,6094,3272
6266,1130,841
6267,6136,5955
6268,2736,2663
6269,5889,5460
6270,5710,5414
6271,6049,2588
6272,6245,6213
6273,5882,1663
6274,3637,2915
6275,6026,5927
6276,2216,537
6277,6228,1278
6278,2728,1378
6279,6248,1411
6280,6083,5951
6281,6279,804
6282,5447,1106
6283,6264,631
6284,6221,6111
6285,6272,683
6286,3844,2
6287,5729,1880
6288,6243,1080
6289,5948,2804
6290,6020,5766
6291,1703,818
6292,2755,811
6293,6187,6145
6294,6157,5448
6295,3240,3181
6296,932,183
6297,1336,1190
6298,282,127
6299,6160,3676
6300,6283,3592
6301,6277,775
6302,6253,3249
6303,6281,2649
6304,5972,564
6305,6235,5879
6306,6303,6155
6307,5814,2772
6308,6300,2859
6309,6107,5945
6310,5893,1695
6311,6076,1595
6312,3684,819
6313,2820,744
6314,6301,688
6315,6078,6064
6316,6308,1653
6317,5591,1063
6318,2172,315
6319,2589,627
6320,6156,3888
6321,2101,1000
6322,5888,1373
6323,3808,2479
6324,6306,1920
6325,5678,5666
6326,2931,2538
6327,6324,6288
6328,6259,5703
6329,6161,2236
6330,295,69
6331,6247,1644
6332,6314,5711
6333,5915,1744
6334,1981,1718
6335,2658,2578
6336,5348,271
6337,6285,6032
6338,2076,1277
6339,2065,1847
6340,1482,970
6341,6099,561
6342,5923,1801
6343,3355,3059
6344,3026,2660
6345,3883,1799
6346,6316,5636
6347,6227,749
6348,6284,6033
6349,6204,6090
6350,5836,3096
6351,5917,1985
6352,3749,2708
6353,6226,5891
6354,6197,5976
6355,6004,526
6356,6337,6142
6357,3853,3012
6358,6332,6258
6359,6328,2268
6360,159,36
6361,5787,5574
6362,6346,3576
6363,6261,6241
6364,1554,768
6365,6356,6045
6366,6327,5830
6367,6162,2609
6368,2355,1447
6369,6365,5901
6370,3330,2227
6371,6329,1612
6372,3008,2123
6373,6057,6006
6374,6366,2927
6375,6067,3748
6376,5825,85
6377,6369,2433
6378,1500,381
6379,6374,6341
6380,6367,3105
6381,6377,6319
6382,6358,5953
6383,1526,925
6384,1344,845
6385,5984,5981
6386,5851,3551
6387,3325,2831
6388,6379,6266
6389,1727,330
6390,6381,6144
6391,6347,1538
6392,1724,795
6393,5966,1597
6394,6171,5928
6395,6310,3570
6396,3587,3534
6397,6184,5667
6398,6390,1203
6399,6382,851
6400,5996,2424
6401,5903,128
6402,1142,1055
6403,6212,6059
6404,6211,6012
6405,6398,899
6406,5942,3145
6407,3358,2028
6408,6299,6205
6409,6203,6190
6410,6058,2219
6411,6135,5876
6412,6405,792
6413,6388,6050
6414,6086,1514
6415,6173,5902
6416,2770,1958
6417,6140,1341
6418,5932,5606
6419,6362,5740
6420,6134,2773
6421,6198,1092
6422,6222,2612
6423,6331,5926
6424,6413,2579
6425,6412,1364
6426,3157,1760
6427,6311,6305
6428,6424,1822
6429,6123,5736
6430,355,173
6431,6428,2013
6432,2304,664
6433,6207,6106
6434,6399,6289
6435,3934,1475
6436,6223,1931
6437,5795,2809
6438,6431,6348
6439,6265,673
6440,6425,730
6441,6419,6394
6442,6440,511
6443,6309,226
6444,6275,324
6445,6191,3116
6446,6423,828
6447,6380,1853
6448,6201,619
6449,6215,5684
6450,6415,5559
6451,6267,2904
6452,2055,1169
6453,6359,6313
6454,6274,6052
6455,3891,1962
6456,1038,760
6457,6438,1884
6458,6195,3315
6459,6434,1975
6460,5841,2693
6461,6344,3363
6462,2618,2037
6463,6453,1871
6464,6093,3988
6465,6442,5716
6466,6087,378
6467,6084,3156
6468,2524,372
6469,5786,881
6470,6233,2951
6471,6427,6252
6472,6386,2381
6473,2484,26
6474,6457,857
6475,2893,2655
6476,6465,759
6477,6293,620
6478,2689,2373
6479,6476,6422
6480,6196,6172
6481,6320,6137
6482,6351,6043
6483,6255,6175
6484,6219,2016
6485,3482,3349
6486,6459,969
6487,6282,6138
6488,6474,6188
6489,6391,1200
6490,5991,3861
6491,5776,2779
6492,3845,747
6493,1031,937
6494,6154,2200
6495,2277,1110
6496,6237,767
6497,6363,1723
6498,6077,5240
6499,6202,1680
6500,5686,1664
6501,6479,2235
6502,6404,6148
6503,2003,262
6504,6392,1726
6505,6047,3823
6506,6336,2734
6507,6102,6016
6508,3072,721
6509,6488,1547
6510,6447,6287
6511,6206,5931
6512,5806,5258
6513,6182,6021
6514,6501,520
6515,6463,1918
6516,6042,2398
6517,1405,813
6518,1935,1485
6519,5911,250
6520,6509,3513
6521,6514,6151
6522,6371,3317
6523,2271,1121
6524,6486,5106
6525,1662,482
6526,3979,3939
6527,6315,882
6528,6446,1245
6529,2153,637
6530,6092,3138
6531,5885,1205
6532,6483,2763
6533,6521,1899
6534,6441,6439
6535,6280,1738
6536,6458,1196
6537,5983,615
6538,1448,1235
6539,6520,6322
6540,6533,6417
6541,6443,6304
6542,2730,773
6543,6164,1555
6544,1261,630
6545,3422,678
6546,912,595
6547,6410,3414
6548,6268,1440
6549,3980,533
6550,3430,1717
6551,2475,105
6552,6524,6451
6553,6527,6421
6554,6539,6323
6555,6554,6489
6556,6528,1490
6557,6263,3507
6558,6250,927
6559,2674,2604
6560,6555,6515
6561,6375,1356
6562,6540,905
6563,6562,3609
6564,6480,6477
6565,6384,6127
6566,6563,6535
6567,6321,6169
6568,2292,699
6569,6325,3344
6570,6534,2100
6571,6218,3420
6572,5800,3867
6573,5819,2272
6574,2400,2194
6575,6396,6037
6576,6570,3893
6577,5520,1509
6578,6552,5340
6579,2784,1343
6580,6566,6389
6581,6522,2834
6582,6580,6181
6583,6564,6503
6584,6176,3242
6585,6578,4999
6586,6257,6242
6587,1621,707
6588,6286,1955
6589,6510,6055
6590,6560,1053
6591,6582,670
6592,3040,486
6593,3280,2049
6594,6297,1240
6595,6214,6044
6596,6590,893
6597,6478,6368
6598,6342,6290
6599,6112,2830
6600,5778,3253
6601,3451,356
6602,6596,6464
6603,6224,244
6604,6585,2333
6605,6115,1978
6606,6385,3870
6607,6082,1909
6608,6481,6340
6609,5488,3577
6610,6532,6183
6611,2038,560
6612,6604,6376
6613,6498,5632
6614,6269,6216
6615,6220,2447
6616,6354,4790
6617,6602,3302
6618,6053,3176
6619,3106,362
6620,6326,2949
6621,6460,6420
6622,6445,1956
6623,6432,2154
6624,6576,6210
6625,6624,3677
6626,6591,6496
6627,6617,926
6628,6627,3564
6629,6626,6174
6630,6238,1271
6631,6536,2212
6632,6631,2875
6633,6615,2924
6634,2288,645
6635,3603,340
6636,6273,3758
6637,6628,6334
6638,2764,574
6639,6547,5909
6640,6629,829
6641,6260,6130
6642,2704,867
6643,2113,1699
6644,6594,6408
6645,6556,603
6646,6068,5251
6647,2053,1954
6648,6640,875
6649,6402,2956
6650,6469,1178
6651,3381,1248
6652,6625,1300
6653,6333,1895
6654,2173,1089
6655,6271,1047
6656,6648,6393
6657,1001,514
6658,3142,2196
6659,3245,3028
6660,5370,3713
6661,6482,6352
6662,6637,6589
6663,6353,6249
6664,6610,6339
6665,6270,3486
6666,6470,2813
6667,6254,648
6668,6656,894
6669,405,338
6670,3320,997
6671,6652,6383
6672,6612,487
6673,2855,608
6674,6096,45
6675,6531,90
6676,6672,1688
6677,6668,6492
6678,6462,6010
6679,6491,2744
6680,6586,2293
6681,6583,2334
6682,6677,2971
6683,6505,6437
6684,5900,1255
6685,5546,417
6686,6471,2614
6687,6395,6349
6688,6513,2442
6689,6682,6645
6690,6452,2435
6691,6370,6317
6692,6335,2684
6693,6689,2808
6694,6291,1512
6695,6671,914
6696,6015,5063
6697,6662,6568
6698,6355,2984
6699,2427,2001
6700,6664,6159
6701,6693,2198
6702,6088,3
6703,6695,6502
6704,5829,3188
6705,6676,884
6706,3916,100
6707,6397,6105
6708,6361,3528
6709,6697,3933
6710,6641,1915
6711,2012,1462
6712,6701,6400
6713,6530,3512
6714,6709,2630
6715,6714,634
6716,6606,6506
6717,6511,5610
6718,6705,907
6719,3498,2347
6720,6466,844
6721,3352,684
6722,6497,2491
6723,6194,2814
6724,6715,1469
6725,6718,6712
6726,6703,3503
6727,6724,965
6728,1260,618
6729,6727,6495
6730,6318,2014
6731,6406,3693
6732,6426,264
6733,2653,1465
6734,6655,1732
6735,6729,6416
6736,2261,1882
6737,6723,2987
6738,6673,6403
6739,960,887
6740,6686,2715
6741,6740,6597
6742,2696,1807
6743,6728,6553
6744,1879,374
6745,6735,6504
6746,6608,6600
6747,3371,823
6748,6745,6236
6749,2208,375
6750,5648,485
6751,1999,946
6752,6748,2791
6753,6598,6569
6754,3207,3144
6755,3583,1254
6756,6467,2801
6757,2397,2002
6758,6661,6449
6759,6752,1770
6760,5938,1043
6761,6401,1071
6762,6338,2402
6763,6726,6651
6764,6581,6561
6765,6759,6529
6766,6632,5977
6767,5539,3477
6768,5538,3388
6769,6644,6542
6770,6765,769
6771,1902,5
6772,6163,723
6773,6621,6378
6774,6607,1629
6775,6519,484
6776,2325,2225
6777,6763,2179
6778,6548,2540
6779,6770,6622
6780,6633,6307
6781,6507,1139
6782,6350,2703
6783,6779,974
6784,6783,551
6785,6650,6614
6786,6681,6433
6787,5314,934
6788,6234,6113
6789,6537,2762
6790,6769,671
6791,2959,2940
6792,6565,1593
6793,2257,1640
6794,6690,431
6795,5393,27
6796,472,206
6797,2591,394
6798,2553,552
6799,3092,727
6800,1049,1015
6801,6784,6657
6802,6683,6152
6803,3690,2545
6804,6725,6448
6805,6700,6411
6806,6777,703
6807,6801,6630
6808,5989,1550
6809,6177,1284
6810,6806,1765
6811,6089,649
6812,6595,2624
6813,6616,3627
6814,6807,2119
6815,3065,2359
6816,6623,1996
6817,2790,827
6818,6810,1273
6819,2617,1143
6820,6746,384
6821,2870,1751
6822,2451,1773
6823,2448,999
6824,6814,2981
6825,6409,265
6826,6818,6663
6827,6543,2305
6828,2159,855
6829,6743,6484
6830,6512,3060
6831,6516,1495
6832,3425,3250
6833,6571,2948
6834,6722,6468
6835,6826,2735
6836,6209,19
6837,6372,3411
6838,6741,536
6839,6577,6435
6840,6456,679
6841,6302,1506
6842,3569,2077
6843,3968,1081
6844,6500,6472
6845,2586,2498
6846,6824,6518
6847,6846,580
6848,6639,188
6849,6829,1270
6850,6541,5634
6851,6276,2571
6852,6835,2999
6853,863,675
6854,6847,6816
6855,6559,6418
6856,1491,1486
6857,2865,2562
6858,6804,6499
6859,2122,1228
6860,3089,737
6861,6838,6790
6862,6854,1960
6863,6862,6487
6864,6165,1366
6865,2838,2132
6866,3281,3237
6867,6805,6667
6868,2884,738
6869,6863,3793
6870,6646,1929
6871,6852,666
6872,2939,1246
6873,3362,1725
6874,6692,6584
6875,6758,6143
6876,6869,6827
6877,2283,919
6878,6618,6345
6879,6764,6494
6880,6813,6708
6881,6848,6760
6882,6876,3565
6883,6436,5645
6884,6871,653
6885,6620,3737
6886,3553,2627
6887,6605,1153
6888,6666,1112
6889,6688,6678
6890,6882,6549
6891,5789,5763
6892,6890,810
6893,6721,6244
6894,6674,6097
6895,3807,1683
6896,2817,1483
6897,2067,1524
6898,3326,2399
6899,6884,6716
6900,2048,958
6901,2229,1988
6902,6720,6167
6903,2824,2769
6904,6101,2482
6905,6508,981
6906,6766,6240
6907,6525,1874
6908,5813,1627
6909,6892,1124
6910,6794,2267
6911,1970,1618
6912,2622,35
6913,3343,1617
6914,6840,1887
6915,6407,2205
6916,6909,3757
6917,3997,1553
6918,6916,713
6919,2937,2242
6920,6753,1843
6921,391,323
6922,6825,2697
6923,6567,3333
6924,6789,6296
6925,2262,2209
6926,6918,1057
6927,1444,1339
6928,6858,557
6929,6926,931
6930,6680,617
6931,2741,573
6932,6861,6429
6933,6636,2966
6934,6933,6694
6935,6929,1861
6936,6928,2839
6937,771,284
6938,6823,806
6939,6812,6493
6940,6932,6523
6941,6935,6699
6942,6691,1583
6943,6941,2840
6944,6899,2862
6945,1896,1713
6946,6943,2548
6947,2963,1335
6948,6830,6713
6949,6946,1138
6950,6802,2161
6951,2128,976
6952,6867,6579
6953,6654,3491
6954,6949,6642
6955,6870,948
6956,6936,6850
6957,6883,3175
6958,3301,1846
6959,6956,809
6960,6954,1650
6961,6658,1687
6962,6960,6944
6963,6455,5473
6964,5822,2556
6965,6785,1056
6966,6959,6450
6967,6796,230
6968,6773,6698
6969,2396,971
6970,6951,2873
6971,6546,6186
6972,5730,3688
6973,6879,6849
6974,6855,2977
6975,6809,5842
6976,6834,6757
6977,6551,6373
6978,1977,1392
6979,6117,2650
6980,6702,366
6981,6837,6833
6982,6891,3857
6983,6880,6738
6984,6966,509
6985,6984,1135
6986,6786,3938
6987,6952,6731
6988,6360,6048
6989,6948,6312
6990,6733,2377
6991,6444,2902
6992,3166,3005
6993,6774,1632
6994,1010,638
6995,6950,3545
6996,6940,6643
6997,6811,6781
6998,6008,1992
6999,6649,6262
7000,6874,6707
7001,6793,6485
7002,689,131
7003,6841,757
7004,3714,3390
7005,6930,1987
7006,6146,488
7007,7005,6860
7008,6575,1910
7009,6906,6573
7010,6986,1873
7011,2748,2603
7012,6557,2754
7013,6985,6839
7014,7013,478
7015,7014,6587
7016,6820,3906
7017,6925,6780
7018,6888,6762
7019,2766,1836
7020,6817,6798
7021,6550,2437
7022,6987,6739
7023,7015,786
7024,7022,2195
7025,6939,2316
7026,6761,5954
7027,6613,6592
7028,3804,3608
7029,2330,2217
7030,6853,2631
7031,6955,1171
7032,6792,6675
7033,6609,834
7034,6278,2930
7035,6836,163
7036,3199,3000
7037,7023,521
7038,6778,2506
7039,6545,1767
7040,2982,1937
7041,6920,6889
7042,6872,2648
7043,6717,6095
7044,7037,951
7045,7044,6800
7046,6887,2913
7047,2887,1753
7048,7010,939
7049,7016,98
7050,6991,2725
7051,6976,6962
7052,7048,6905
7053,6788,6100
7054,6475,385
7055,6572,826
7056,6886,3124
7057,6660,2575
7058,6965,6904
7059,6772,2975
7060,2336,2121
7061,6490,1330
7062,6749,2675
7063,359,235
7064,6737,6544
7065,6730,2783
7066,6866,6343
7067,6974,6875
7068,6116,2407
7069,7051,964
7070,6973,1397
7071,7045,6679
7072,7071,531
7073,6665,6517
7074,7007,2777
7075,3490,2004
7076,903,891
7077,6878,2869
7078,7024,1812
7079,6868,2066
7080,7072,6924
7081,6687,5880
7082,2598,945
7083,2000,625
7084,7070,6803
7085,3732,575
7086,6968,6744
7087,6923,696
7088,2659,1534
7089,3840,404
7090,5974,458
7091,7069,6225
7092,6851,6742
7093,6736,2043
7094,7009,6755
7095,2320,1162
7096,6996,6910
7097,6414,2916
7098,6975,3053
7099,6828,720
7100,7025,6993
7101,2307,2275
7102,7003,6040
7103,6558,3864
7104,7078,6734
7105,885,597
7106,7080,642
7107,6387,2468
7108,959,956
7109,7052,7017
7110,7084,1458
7111,3473,349
7112,816,174
7113,6756,3957
7114,1332,967
7115,7106,652
7116,6685,2718
7117,1733,616
7118,7091,1900
7119,6913,2919
7120,6782,6056
7121,6768,6659
7122,7096,7038
7123,7115,7031
7124,7110,7012
7125,3097,1172
7126,7118,7008
7127,6979,463
7128,2531,1949
7129,7123,3463
7130,3284,2246
7131,6856,6751
7132,6983,6945
7133,1045,455
7134,7129,1208
7135,3969,646
7136,7134,535
7137,221,82
7138,3370,3091
7139,6942,6831
7140,7104,7039
7141,6603,6178
7142,7109,6787
7143,2558,2063
7144,6881,6815
7145,6927,40
7146,3518,2026
7147,6914,2521
7148,6845,661
7149,7094,6963
7150,6971,6294
7151,7126,7035
7152,6775,1848
7153,2341,2151
7154,6706,6669
7155,7087,7018
7156,7136,591
7157,6364,2025
7158,3573,1432
7159,7074,6859
7160,7140,2005
7161,7156,853
7162,2230,1948
7163,7161,3001
7164,7151,7092
7165,6999,1712
7166,7160,7058
7167,7050,3733
7168,3461,2499
7169,6922,5868
7170,7124,7100
7171,6011,1276
7172,6885,2794
7173,7073,6684
7174,7164,7001
7175,2158,14
7176,7163,6843
7177,6919,6902
7178,7172,7067
7179,6696,6036
7180,7049,483
7181,3623,3595
7182,7097,6953
7183,7026,1406
7184,7176,6961
7185,7041,1517
7186,7095,6638
7187,6897,6473
7188,7120,1413
7189,6988,222
7190,6704,1659
7191,7174,2667
7192,968,681
7193,1501,242
7194,6619,922
7195,7191,2795
7196,2471,998
7197,6635,181
7198,7195,854
7199,7198,633
7200,6903,1867
7201,7180,7166
7202,3120,2528
7203,7132,7033
7204,7142,7122
7205,6995,780
7206,7205,6958
7207,7059,6599
7208,7170,6912
7209,7199,530
7210,6893,1673
7211,6653,1102
7212,7065,6877
7213,6957,3589
7214,6970,1775
7215,7098,5569
7216,3816,2092
7217,6799,1608
7218,2519,1252
7219,7184,7108
7220,7219,693
7221,7220,3798
7222,7177,6292
7223,182,11
7224,7019,6896
7225,7209,2452
7226,3789,2698
7227,7144,2382
7228,7221,697
7229,1418,921
7230,6710,447
7231,1036,515
7232,7225,7201
7233,7102,329
7234,2914,2822
7235,2639,2182
7236,7228,6461
7237,7208,7000
7238,6842,2568
7239,6915,6900
7240,6526,3628
7241,7149,6989
7242,6938,6719
7243,7196,1905
7244,6981,1105
7245,6611,628
7246,3241,1630
7247,6791,726
7248,2532,2526
7249,6895,3660
7250,7236,3558
7251,7250,1792
7252,7150,1401
7253,7188,6908
7254,7081,7027
7255,7169,6330
7256,7232,6750
7257,7256,7103
7258,7251,1947
7259,2291,911
7260,6931,3406
7261,3783,1849
7262,3641,1399
7263,7064,1940
7264,7127,7086
7265,2611,2560
7266,7258,807
7267,7210,3990
7268,996,519
7269,7227,3833
7270,7266,663
7271,7264,7162
7272,2892,1157
7273,7230,2392
7274,7206,7185
7275,7270,7131
7276,7275,1443
7277,7203,7157
7278,7116,2204
7279,7114,7042
7280,7032,3541
7281,7276,6934
7282,7057,3200
7283,7135,6574
7284,3034,2786
7285,7155,7117
7286,7240,3723
7287,7167,3535
7288,7257,2610
7289,7281,2474
7290,7288,6917
7291,7290,1259
7292,7076,6857
7293,7289,2803
7294,6808,6454
7295,7293,3525
7296,7291,1212
7297,6357,3537
7298,7296,2114
7299,7295,570
7300,6997,2694
7301,7299,3815
7302,7301,6964
7303,2747,1865
7304,7298,817
7305,7175,1025
7306,6977,1893
7307,3680,3546
7308,1911,1290
7309,7125,6821
7310,7304,3915
7311,6601,2672
7312,6588,2520
7313,2775,1755
7314,7302,7192
7315,7314,961
7316,7274,7165
7317,7315,2554
7318,7011,1930
7319,7317,1604
7320,7183,450
7321,7294,3901
7322,7207,755
7323,7020,2692
7324,7211,3167
7325,6795,158
7326,3644,1383
7327,7121,869
7328,7310,3027
7329,7319,7237
7330,7328,7268
7331,1419,568
7332,7255,7043
7333,6832,2350
7334,7330,1416
7335,7334,2419
7336,7335,7269
7337,7216,7061
7338,7002,6894
7339,1573,1533
7340,6844,6767
7341,725,641
7342,7077,421
7343,7040,1791
7344,3112,2765
7345,2647,2527
7346,7190,3786
7347,6898,3784
7348,7215,7159
7349,7329,3830
7350,7292,7285
7351,7277,6978
7352,7351,832
7353,7336,2574
7354,7047,2469
7355,7197,7194
7356,6771,6732
7357,2797,2699
7358,7353,1202
7359,6864,1262
7360,7358,7182
7361,7173,6797
7362,7130,3304
7363,7083,6776
7364,7252,556
7365,1730,245
7366,6969,3866
7367,7139,7053
7368,7360,7316
7369,7213,7055
7370,7324,1771
7371,7280,7030
7372,7249,890
7373,2890,636
7374,7308,7147
7375,7306,3559
7376,7046,785
7377,2666,2029
7378,7253,1990
7379,7368,682
7380,7189,6647
7381,7349,794
7382,7381,369
7383,7006,116
7384,7382,583
7385,7179,1213
7386,3401,2274
7387,7263,6295
7388,7327,2793
7389,7384,7265
7390,7379,1837
7391,7390,1467
7392,7321,7279
7393,7222,6990
7394,7090,7089
7395,7350,7260
7396,7254,6865
7397,7229,376
7398,6170,3673
7399,3965,3219
7400,7272,7214
7401,7391,774
7402,7401,883
7403,7389,3946
7404,7322,294
7405,7403,7224
7406,7141,2934
7407,7406,311
7408,7342,1858
7409,7241,3790
7410,7113,6901
7411,2089,1103
7412,6998,2846
7413,1851,654
7414,7066,3214
7415,3113,1944
7416,7405,2425
7417,7246,2178
7418,7271,7111
7419,7402,7239
7420,7287,7286
7421,7416,674
7422,7364,7138
7423,7242,3766
7424,7128,3516
7425,7202,3045
7426,7212,7029
7427,7243,7158
7428,7419,7352
7429,6747,647
7430,7143,7062
7431,7187,582
7432,7309,2903
7433,7421,7341
7434,7433,7395
7435,6538,60
7436,7082,2581
7437,7428,835
7438,7054,6873
7439,7370,6065
7440,7079,2356
7441,2774,2180
7442,7152,18
7443,7437,1090
7444,2719,489
7445,7434,7259
7446,7443,7238
7447,7248,600
7448,7404,861
7449,7068,2031
7450,7148,6634
7451,7446,7297
7452,512,65
7453,7451,7318
7454,7445,910
7455,7376,7034
7456,7396,1720
7457,7323,1828
7458,7453,1293
7459,7245,676
7460,7458,2502
7461,7300,2549
7462,3739,2365
7463,7454,7418
7464,7423,7393
7465,7375,2415
7466,3567,611
7467,7204,566
7468,7460,2238
7469,2401,1070
7470,7312,3455
7471,7366,7273
7472,7467,2315
7473,3152,2733
7474,7133,1286
7475,7267,7235
7476,7093,797
7477,7472,7231
7478,7448,756
7479,7477,7367
7480,437,50
7481,7217,6911
7482,7388,7146
7483,3800,2974
7484,7283,2492
7485,3760,3416
7486,3159,2135
7487,7226,7105
7488,7463,7233
7489,7234,3252
7490,7468,7361
7491,7348,2592
7492,7422,3412
7493,7371,7355
7494,6972,6907
7495,7490,7427
7496,7495,569
7497,7496,6754
7498,7112,753
7499,7374,1754
7500,7488,1140
7501,7500,2418
7502,2944,897
7503,2444,516
7504,1223,1165
7505,7440,2434
7506,7497,7392
7507,7492,7004
7508,7501,2619
7509,7508,695
7510,7509,7303
7511,7021,2936
7512,7378,7178
7513,7478,7459
7514,7425,388
7515,7510,733
7516,7515,7305
7517,6298,1480
7518,7414,3066
7519,7506,7408
7520,7439,7332
7521,7456,48
7522,7282,1635
7523,7385,1158
7524,7373,7320
7525,7431,7099
7526,7507,7244
7527,7420,7409
7528,7479,7346
7529,7516,2756
7530,7529,7407
7531,7426,7200
7532,7519,6819
7533,7532,7397
7534,7533,732
7535,7534,7521
7536,2054,239
7537,7530,1027
7538,7430,2281
7539,7475,687
7540,7465,3563
7541,577,507
7542,7337,609
7543,7537,7469
7544,7400,665
7545,7107,3497
7546,7356,7338
7547,7543,7436
7548,7535,2517
7549,7512,2670
7550,7548,505
7551,7380,7193
7552,7491,7085
7553,2768,2214
7554,3759,1518
7555,7528,7362
7556,7483,2645
7557,7550,7471
7558,7262,2073
7559,2998,2607
7560,7442,7137
7561,7547,543
7562,7561,7499
7563,7562,2986
7564,7563,2362
7565,7168,3678
7566,7564,7482
7567,950,612
7568,7359,6822
7569,7566,2058
7570,7557,798
7571,7555,1565
7572,2815,2518
7573,7570,0
7574,7549,7345
7575,7573,2732
7576,7544,7377
7577,7447,3886
7578,7577,7575
7579,7484,852
7580,3125,120
7581,7520,7247
7582,7523,6994
7583,7412,3724
7584,7578,7525
7585,7571,770
7586,2888,57
7587,3772,2713
7588,7218,2722
7589,7518,3031
7590,7574,986
7591,7584,644
7592,3935,550
7593,7591,7331
7594,7569,6921
7595,7594,7545
7596,7595,1696
7597,7596,7452
7598,7593,7493
7599,7470,7075
7600,3321,2137
7601,7540,3741
7602,2894,2668
7603,7598,7481
7604,7538,7311
7605,7597,7462
7606,7154,7056
7607,3614,3523
7608,7601,3111
7609,1888,525
7610,7590,1961
7611,7605,7539
7612,3586,2922
7613,7611,7513
7614,7603,3566
7615,7486,3999
7616,7511,840
7617,7498,1377
7618,7614,7489
7619,3468,1256
7620,7618,632
7621,7567,947
7622,7444,2918
7623,7585,6980
7624,7620,7119
7625,7624,7387
7626,7441,2473
7627,2059,502
7628,7576,2843
7629,7524,7457
7630,7464,7432
7631,7623,2041
7632,7631,7383
7633,7613,7504
7634,7633,833
7635,7634,1764
7636,1946,1487
7637,7625,3568
7638,7637,7505
7639,7531,7354
7640,7429,788
7641,7638,787
7642,3838,821
7643,7635,1574
7644,7641,555
7645,7644,1179
7646,2818,1652
7647,7606,1794
7648,7583,3013
7649,7610,7438
7650,3361,3119
7651,7643,7552
7652,7599,7455
7653,7461,962
7654,3779,1301
7655,7554,7369
7656,2906,2710
7657,7494,7340
7658,7632,7474
7659,7645,2284
7660,7522,3597
7661,7660,1869
7662,7628,7343
7663,7651,7622
7664,7659,7339
7665,7664,3357
7666,7579,7347
7667,7415,7171
7668,7665,7658
7669,7476,7313
7670,3453,3196
7671,7663,7581
7672,7514,7413
7673,2991,2516
7674,3474,3025
7675,1511,154
7676,6937,3828
7677,7671,7088
7678,7677,321
7679,7028,3562
7680,7551,121
7681,7669,2898
7682,7435,4909
7683,7668,1288
7684,7678,2758
7685,7684,2628
7686,7186,858
7687,7630,7357
7688,7683,621
7689,7688,2845
7690,7517,6967
7691,2640,247
7692,7572,3179
7693,7653,7333
7694,7647,3598
7695,7145,2731
7696,7655,7398
7697,7502,1229
7698,7284,1830
7699,7541,6947
7700,7689,7616
7701,2876,2852
7702,7687,290
7703,7685,677
7704,7703,1698
7705,7700,7602
7706,7568,7449
7707,7363,978
7708,7705,1222
7709,7708,2126
7710,1866,1813
7711,7649,44
7712,7592,1198
7713,6982,3720
7714,7709,1115
7715,7394,1809
7716,7704,690
7717,7716,1060
7718,7717,7680
7719,6430,2752
7720,7589,3070
7721,7587,7424
7722,7714,7686
7723,3955,2879
7724,7629,668
7725,7718,584
7726,7725,7261
7727,7722,7711
7728,7588,3872
7729,7526,2613
7730,7604,7553
7731,7639,7612
7732,7726,7662
7733,2191,1898
7734,7565,7386
7735,7648,7487
7736,7732,7621
7737,7736,7695
7738,991,592
7739,2351,2231
7740,7060,2163
7741,7727,7702
7742,7741,7615
7743,7558,7372
7744,7673,7485
7745,7742,3718
7746,7745,7546
7747,7729,589
7748,7344,3093
7749,7690,7223
7750,7737,7600
7751,7750,2923
7752,7724,7450
7753,7657,7652
7754,7542,7181
7755,980,308
7756,7399,728
7757,7701,7503
7758,7746,7672
7759,7758,2488
7760,7617,7326
7761,7759,2321
7762,7694,7417
7763,7761,7646
7764,7036,3067
7765,7763,1735
7766,7751,7692
7767,7766,2596
7768,2606,938
7769,7730,941
7770,7767,1086
7771,7770,953
7772,7771,2709
7773,2823,2504
7774,6711,2806
7775,7740,7608
7776,7765,2044
7777,7527,3809
7778,7754,7697
7779,7747,3268
7780,7776,7556
7781,7642,847
7782,7723,7696
7783,7278,954
7784,7772,7719
7785,7784,7731
7786,7785,782
7787,6593,3731
7788,7728,1438
7789,7654,2789
7790,7780,871
7791,7790,2144
7792,7791,7666
7793,2142,132
7794,7792,7536
7795,7794,7609
7796,7667,7656
7797,7786,7626
7798,7795,7619
7799,7715,7675
7800,7797,386
7801,7800,2140
7802,7752,7744
7803,7798,7721
7804,7803,3963
7805,7804,7760
7806,7805,7707
7807,7782,7661
7808,7806,2780
7809,3796,973
7810,7808,7733
7811,7810,7743
7812,7811,3652
7813,7693,7636
7814,7699,864
7815,7812,7801
7816,7775,277
7817,2942,2737
7818,2541,22
7819,3936,2032
7820,7779,7640
7821,1769,1389
7822,7720,2681
7823,7807,7777
7824,7823,3099
7825,7813,7739
7826,7781,596
7827,7769,2749
7828,7815,7712
7829,7153,1969
7830,7828,1607
7831,7783,7756
7832,7706,1123
7833,7101,578
7834,7582,1302
7835,7816,7698
7836,7802,7757
7837,7836,7827
7838,1705,156
7839,7681,3862
7840,7788,7063
7841,7764,7753
7842,7627,3174
7843,7650,3485
7844,7830,3810
7845,7844,3994
7846,7560,3942
7847,7837,3659
7848,7480,379
7849,7799,7580
7850,7762,7748
7851,7834,2905
7852,7847,7845
7853,7852,7826
7854,7841,3794
7855,7410,7325
7856,7809,7793
7857,7835,7735
7858,7848,7749
7859,7820,7676
7860,7473,7365
7861,7734,1236
7862,7822,7607
7863,7670,6670
7864,7831,7818
7865,7853,7789
7866,7773,3654
7867,7865,7774
7868,7867,7839
7869,3937,267
7870,7833,2985
7871,7868,7768
7872,7871,7862
7873,7872,3542
7874,3655,462
7875,1296,1023
7876,7586,3353
7877,7863,7824
7878,7411,1845
7879,7825,2017
7880,7755,1519
7881,7873,1455
7882,1678,1436
7883,3323,3217
7884,1522,718
7885,7881,7840
7886,7885,2800
7887,7886,3548
7888,7887,7691
7889,7888,7861
7890,3692,2706
7891,6992,2061
7892,7889,7875
7893,7892,7879
7894,2909,754
7895,7893,563
7896,7895,7858
7897,7843,870
7898,7796,7778
7899,7846,7679
7900,7857,7814
7901,7850,1464
7902,7849,7832
7903,7900,2841
7904,3511,2587
7905,3030,1842
7906,7819,2989
7907,7896,7869
7908,7907,402
7909,7908,7851
7910,7909,7890
7911,7877,3765
7912,7911,7738
7913,7912,101
7914,7903,3780
7915,7713,380
7916,2363,64
7917,7913,7860
7918,7910,1542
7919,3897,2566
7920,7918,513
7921,2826,2819
7922,7859,7855
7923,7914,7898
7924,7920,7866
7925,7924,7870
7926,7925,7821
7927,7926,7466
7928,3927,3180
7929,7817,2821
7930,7894,930
7931,7901,7854
7932,7883,7878
7933,7899,7682
7934,7787,3191
7935,3782,3746
7936,7864,7674
7937,7936,7876
7938,7927,7882
7939,7938,3926
7940,7922,7919
7941,7940,7917
7942,7931,7884
7943,3141,160
7944,7939,7916
7945,7944,7856
7946,7932,2512
7947,7945,7921
7948,7947,393
7949,7948,7880
7950,7949,7838
7951,7950,7929
7952,7951,1953
7953,7952,1906
7954,2702,917
7955,7923,7874
7956,7955,7941
7957,7953,7842
7958,7957,7897
7959,7958,3719
7960,7959,7937
7961,7960,7904
7962,7961,7902
7963,7962,7942
7964,7963,7930
7965,71,34
7966,7964,7946
7967,7559,3599
7968,7934,7891
7969,7956,7954
7970,7966,2147
7971,7970,7829
7972,7915,3502
7973,7971,1046
7974,7973,7969
7975,7933,3777
7976,7974,2573
7977,7976,2626
7978,7977,2683
7979,7972,7710
7980,7967,7906
7981,7978,7975
7982,7981,7943
7983,7968,3538
7984,7982,7980
7985,7984,7979
7986,7985,2111
7987,7986,534
7988,7987,7983
7989,3745,651
7990,7989,7965
7991,7988,3894
7992,7991,7928
7993,7992,7307
7994,7993,7935
7995,7990,3715
7996,7994,7905
7997,7996,3010
7998,7997,7995
