6000,2338,1598
6001,6000,4167
6002,4103,2145
6003,5418,4091
6004,5141,2403
6005,3885,3643
6006,4488,2309
6007,6001,5098
6008,6005,5243
6009,5411,3234
6010,6007,5342
6011,5290,3977
6012,4361,2030
6013,6006,3069
6014,4183,1281
6015,6008,6002
6016,4080,3755
6017,5156,5070
6018,5134,5128
6019,4479,4297
6020,4797,3526
6021,2340,2138
6022,6010,3261
6023,5388,4266
6024,3686,2860
6025,6003,5361
6026,6004,5695
6027,6011,3920
6028,5827,1219
6029,6014,2133
6030,6013,5364
6031,6015,4264
6032,5907,2395
6033,5545,5343
6034,4489,4426
6035,6030,2374
6036,6032,6022
6037,6012,5480
6038,6031,6027
6039,6018,6017
6040,6036,4073
6041,5461,47
6042,6029,4116
6043,4364,4355
6044,3827,3712
6045,6038,6034
6046,6035,4291
6047,6020,4134
6048,6042,2559
6049,2243,477
6050,6025,3108
6051,6040,1315
6052,1242,433
6053,6021,96
6054,6051,5439
6055,6033,6026
6056,6039,5115
6057,6037,2383
6058,4429,3928
6059,4339,2387
6060,5767,3292
6061,4387,4204
6062,6016,2746
6063,6049,2661
6064,3950,1201
6065,6054,5011
6066,6019,4450
6067,4189,2051
6068,5226,4185
6069,6057,4233
6070,6047,3539
6071,6053,1951
6072,6067,6048
6073,3650,2070
6074,6046,4378
6075,6023,4197
6076,6069,2279
6077,4170,4047
6078,6045,2497
6079,4270,94
6080,6050,3298
6081,6063,2306
6082,6028,4181
6083,6076,6052
6084,4036,3427
6085,4159,4154
6086,6064,3763
6087,6078,4369
6088,6073,1013
6089,6055,2222
6090,6085,6074
6091,3768,3346
6092,1926,1857
6093,6009,5919
6094,3068,3036
6095,6077,6059
6096,6041,4165
6097,6058,4035
6098,5878,3707
6099,4457,4070
6100,4380,4012
6101,1096,390
6102,5491,4007
6103,4280,3860
6104,3290,150
6105,6089,6082
6106,6083,5136
6107,6060,3377
6108,6072,5241
6109,6081,4599
6110,4362,4327
6111,6062,4087
6112,6056,3899
6113,6087,5024
6114,6108,4584
6115,6098,6090
6116,6094,6075
6117,5175,3023
6118,6113,5806
6119,6096,3019
6120,6084,6065
6121,6044,4368
6122,6080,3530
6123,6043,5288
6124,6070,117
6125,6114,33
6126,5203,5077
6127,6120,3689
6128,6106,4539
6129,6079,6071
6130,6102,4083
6131,6128,5834
6132,2430,2287
6133,6097,3666
6134,3153,1177
6135,6127,3600
6136,6107,2464
6137,6111,3088
6138,6125,2074
6139,6117,4180
6140,5453,4113
6141,6118,3734
6142,4754,53
6143,6137,3260
6144,6088,74
6145,4470,4317
6146,4436,4230
6147,409,207
6148,6119,5020
6149,6092,6066
6150,6109,5325
6151,6091,5240
6152,6141,6105
6153,6131,1098
6154,6116,4354
6155,6135,1357
6156,6153,6061
6157,6143,6103
6158,6149,6133
6159,6104,3033
6160,6152,6086
6161,6144,6095
6162,6154,6130
6163,4344,4111
6164,5787,2477
6165,3095,2259
6166,2331,2302
6167,6136,2118
6168,6068,6024
6169,6122,1984
6170,6138,6115
6171,6155,3208
6172,4818,3998
6173,2582,220
6174,6150,6124
6175,6123,3203
6176,6169,6167
6177,6110,5090
6178,6171,4120
6179,5298,3908
6180,3970,79
6181,5369,3171
6182,6175,41
6183,6178,4302
6184,6093,3856
6185,6148,5333
6186,4492,4125
6187,3279,3015
6188,5747,5580
6189,389,20
6190,5148,2339
6191,3711,3691
6192,5386,4284
6193,5525,2099
6194,6156,6101
6195,6160,3146
6196,4077,4020
6197,6183,5180
6198,6170,5715
6199,6161,4138
6200,5285,2680
6201,4866,4173
6202,3982,2264
6203,2057,1649
6204,6162,6159
6205,4051,1838
6206,6195,1073
6207,4260,3047
6208,6100,3753
6209,5222,5062
6210,6197,3300
6211,6198,6134
6212,3698,3555
6213,6206,1742
6214,6184,43
6215,6112,3919
6216,6204,6129
6217,6213,4308
6218,4890,4525
6219,5182,3319
6220,6174,1084
6221,6099,1347
6222,6210,4192
6223,6185,4353
6224,6217,3438
6225,3429,3276
6226,6194,815
6227,5478,5375
6228,6157,3606
6229,6224,6186
6230,4373,2108
6231,6121,5043
6232,5762,4137
6233,6146,4013
6234,6180,4326
6235,6190,2104
6236,5445,3550
6237,6220,3110
6238,6140,4210
6239,6222,6145
6240,6223,3610
6241,4720,2273
6242,6158,4262
6243,5492,5261
6244,6151,5936
6245,6176,6164
6246,6202,1137
6247,5059,3670
6248,5584,1342
6249,6229,6192
6250,3770,3391
6251,4200,2071
6252,4236,465
6253,6228,4175
6254,6168,168
6255,398,367
6256,6177,3083
6257,3695,1523
6258,5374,1536
6259,6226,1131
6260,6214,4011
6261,6235,4033
6262,6234,5764
6263,4131,1349
6264,6240,5360
6265,4050,3708
6266,6242,6139
6267,6163,4481
6268,6259,2164
6269,5376,3185
6270,6249,1188
6271,4784,4628
6272,6245,5811
6273,6216,5918
6274,3805,3022
6275,5042,4039
6276,6215,4228
6277,6179,3057
6278,6268,714
6279,6270,2466
6280,6221,1544
6281,6239,6207
6282,6165,1657
6283,6172,5373
6284,6173,490
6285,215,77
6286,6277,6264
6287,6132,2816
6288,6279,6231
6289,3633,135
6290,4250,4060
6291,6241,4314
6292,2662,1093
6293,6254,5125
6294,6193,2035
6295,6253,5697
6296,6199,2317
6297,6273,5559
6298,6166,1881
6299,6211,2232
6300,4476,3403
6301,6266,6182
6302,6281,5278
6303,6272,5652
6304,4897,2008
6305,6299,3799
6306,6244,3681
6307,2120,497
6308,6288,4960
6309,6191,4269
6310,6205,5948
6311,2580,429
6312,4392,4360
6313,6201,4498
6314,6284,6237
6315,3456,3173
6316,6302,4696
6317,6296,4157
6318,6305,6261
6319,6219,4044
6320,1446,1018
6321,6250,3447
6322,6260,1747
6323,4094,3506
6324,6262,3064
6325,6316,6297
6326,6188,5625
6327,6256,3909
6328,1892,1154
6329,6295,2729
6330,6308,2438
6331,2679,1439
6332,4298,4040
6333,6225,5199
6334,5794,3246
6335,1778,1133
6336,6304,6278
6337,5876,5565
6338,6332,3496
6339,3205,1968
6340,6330,5473
6341,6257,4147
6342,3629,3244
6343,5474,204
6344,253,112
6345,6283,2443
6346,6303,5383
6347,6271,4529
6348,6196,2193
6349,6267,5262
6350,5304,5172
6351,4438,1777
6352,6317,5884
6353,3359,3187
6354,6289,6287
6355,6203,2378
6356,5027,4370
6357,6326,4752
6358,4705,4536
6359,4877,2917
6360,6238,6232
6361,6328,2849
6362,6340,4056
6363,410,138
6364,6251,5181
6365,6218,4315
6366,3183,3004
6367,151,86
6368,6293,3495
6369,6306,4671
6370,6300,1566
6371,285,75
6372,401,368
6373,6147,5100
6374,4484,4231
6375,5357,2328
6376,6329,6327
6377,1834,251
6378,2536,1195
6379,6362,6263
6380,6318,6142
6381,6282,5657
6382,6346,4382
6383,6342,4146
6384,6325,2199
6385,3189,2294
6386,6276,4142
6387,4612,4158
6388,5591,4058
6389,3365,3310
6390,2244,2233
6391,3769,3683
6392,6291,3961
6393,6274,2391
6394,5470,5412
6395,6319,4715
6396,6379,6309
6397,5899,1567
6398,6352,4123
6399,1489,1478
6400,3441,246
6401,5995,2181
6402,6324,5683
6403,6243,2368
6404,6398,6233
6405,6361,6336
6406,4480,3356
6407,4108,1292
6408,6294,3561
6409,2522,1631
6410,6310,3954
6411,6208,3826
6412,1481,353
6413,5147,243
6414,6382,5722
6415,5554,1647
6416,6380,6354
6417,1150,1052
6418,6369,6209
6419,6396,3098
6420,6349,4286
6421,6384,6343
6422,6355,6292
6423,5785,1295
6424,5403,4793
6425,6298,3137
6426,4066,1425
6427,6286,3717
6428,5648,4184
6429,3448,1144
6430,6255,72
6431,5050,3184
6432,5468,1646
6433,2685,1890
6434,6345,4272
6435,3131,89
6436,6248,2085
6437,6357,3846
6438,6409,6275
6439,6280,3051
6440,6405,6246
6441,6258,1283
6442,6410,124
6443,6314,4917
6444,6320,1321
6445,6301,1928
6446,6339,3220
6447,5143,1675
6448,4679,281
6449,4670,371
6450,4830,4439
6451,5097,4444
6452,449,152
6453,6408,6312
6454,6419,6402
6455,6414,4182
6456,5874,5253
6457,6392,3229
6458,6333,6315
6459,4009,2332
6460,4190,2380
6461,4435,3259
6462,4654,4106
6463,6442,6421
6464,4112,1239
6465,3449,3029
6466,6440,4986
6467,6351,6322
6468,6463,3459
6469,231,107
6470,6427,5679
6471,6455,6454
6472,6416,3100
6473,3905,3902
6474,6252,4256
6475,6370,1265
6476,6395,6368
6477,6443,170
6478,6418,4072
6479,5799,4067
6480,2832,1423
6481,6377,1039
6482,6439,6381
6483,6411,6373
6484,6445,4105
6485,6360,1220
6486,6478,6334
6487,6376,5197
6488,6472,5099
6489,1661,501
6490,6470,6126
6491,62,12
6492,5981,5512
6493,6435,237
6494,6468,6426
6495,6466,5170
6496,6321,3374
6497,6433,6341
6498,6212,5248
6499,6364,4318
6500,6488,1504
6501,6247,1107
6502,6457,4422
6503,6487,6446
6504,3761,97
6505,6404,1338
6506,6313,4188
6507,3596,2886
6508,6434,3400
6509,5014,3273
6510,5165,4335
6511,453,261
6512,1275,1082
6513,6494,2149
6514,6495,4537
6515,6285,73
6516,4490,2015
6517,1513,880
6518,6372,392
6519,6338,5629
6520,6458,3674
6521,5469,5230
6522,6471,6366
6523,4710,1676
6524,6386,4420
6525,6348,2192
6526,6189,4288
6527,6485,2412
6528,6484,6441
6529,6514,2632
6530,5205,2511
6531,6477,4893
6532,6492,5883
6533,6422,1840
6534,6363,354
6535,6480,3814
6536,6393,2523
6537,6403,1603
6538,1772,1589
6539,6500,901
6540,6503,6467
6541,257,59
6542,5780,3529
6543,6227,5176
6544,6486,3819
6545,6399,1815
6546,4014,1308
6547,6335,4143
6548,6529,3469
6549,3967,2352
6550,6513,6425
6551,6522,6508
6552,6378,5398
6553,6505,2308
6554,6460,3372
6555,1334,1272
6556,6499,6387
6557,6358,4697
6558,4945,4473
6559,6390,6347
6560,5813,4349
6561,6528,1020
6562,4408,4100
6563,6539,2487
6564,6323,4101
6565,6415,6365
6566,3781,252
6567,6407,5420
6568,6530,3943
6569,1433,357
6570,3369,413
6571,6420,3601
6572,2183,2129
6573,4604,3366
6574,6551,6501
6575,6383,3742
6576,3294,1615
6577,6563,3164
6578,4734,218
6579,6436,5651
6580,4969,2301
6581,6459,6375
6582,6476,3959
6583,5447,3590
6584,6550,4462
6585,6524,4150
6586,6200,3457
6587,6423,5502
6588,4399,3836
6589,4316,2375
6590,5852,4372
6591,6577,6553
6592,5313,4293
6593,6584,6538
6594,146,37
6595,6374,4088
6596,4591,3395
6597,6491,171
6598,6540,5153
6599,6544,6497
6600,2393,2337
6601,5171,1141
6602,6571,6265
6603,6337,5727
6604,6593,5838
6605,5422,4367
6606,6490,3440
6607,6307,5802
6608,2343,1040
6609,6518,119
6610,3043,103
6611,6533,5856
6612,6574,2256
6613,6483,6448
6614,5384,2792
6615,4474,403
6616,6482,6413
6617,6561,1708
6618,6464,1825
6619,6181,2103
6620,4964,4117
6621,6187,1979
6622,6612,5209
6623,6605,1924
6624,6531,1991
6625,6532,6502
6626,2255,2174
6627,4252,3626
6628,4972,4757
6629,6618,6438
6630,6391,4076
6631,4508,3018
6632,4375,4244
6633,3307,3041
6634,6622,3269
6635,6311,9
6636,3254,1886
6637,4485,3413
6638,6437,1372
6639,6504,3958
6640,5133,270
6641,6604,6562
6642,3085,2546
6643,6585,6558
6644,6579,5696
6645,6548,6371
6646,4015,3492
6647,3470,1941
6648,6429,4440
6649,6606,6350
6650,6552,4246
6651,6451,1126
6652,6527,5553
6653,6634,6565
6654,5913,5708
6655,6617,3212
6656,6580,4433
6657,5983,2344
6658,6591,6523
6659,1577,1035
6660,6489,722
6661,5270,4118
6662,6641,6581
6663,2314,762
6664,6610,5631
6665,6616,1734
6666,3904,3079
6667,6397,3944
6668,6394,5518
6669,4041,3285
6670,3966,3922
6671,6475,5886
6672,6535,5472
6673,6520,4166
6674,6449,5359
6675,1180,527
6676,6572,6506
6677,3360,3094
6678,3907,1457
6679,4826,1345
6680,6269,4630
6681,6599,2564
6682,4371,2910
6683,5939,4093
6684,5078,4237
6685,6598,5166
6686,6645,793
6687,5930,5321
6688,5489,4226
6689,6655,1311
6690,6662,1692
6691,4300,4025
6692,4141,2844
6693,6624,987
6694,6653,5779
6695,6406,4023
6696,6498,6461
6697,5452,5001
6698,6545,6493
6699,5415,5324
6700,6597,1329
6701,3869,3210
6702,6431,5214
6703,6629,4471
6704,6643,4151
6705,6658,3971
6706,6694,5740
6707,3332,2176
6708,6582,5421
6709,3540,1400
6710,6689,4031
6711,6642,2329
6712,6519,5576
6713,6693,658
6714,5146,4350
6715,5851,1497
6716,6660,6417
6717,440,343
6718,6515,1375
6719,6588,4126
6720,6690,6625
6721,3384,287
6722,6536,5401
6723,6705,115
6724,6521,5466
6725,6534,2565
6726,4891,4441
6727,3900,2007
6728,6631,3286
6729,6611,5934
6730,6638,5931
6731,6230,4910
6732,6713,742
6733,3373,2584
6734,6542,200
6735,6453,3588
6736,1835,1605
6737,6649,3243
6738,6686,6672
6739,6517,1087
6740,6681,2550
6741,5555,4010
6742,4282,3258
6743,2507,2202
6744,6692,6637
6745,4187,3547
6746,6589,2432
6747,4074,2929
6748,5956,5596
6749,6720,3820
6750,2514,1746
6751,6564,3648
6752,6636,2047
6753,3385,1994
6754,6652,6516
6755,6749,6549
6756,6708,5318
6757,6627,3510
6758,6479,1498
6759,6644,963
6760,6706,6687
6761,6723,3299
6762,3103,2455
6763,6496,4021
6764,260,255
6765,6656,4034
6766,3375,3222
6767,6712,6567
6768,5434,2751
6769,6432,3221
6770,6556,2353
6771,6710,3960
6772,6428,3046
6773,5212,5104
6774,6755,6632
6775,6737,6447
6776,2276,17
6777,3136,491
6778,1877,1320
6779,6465,370
6780,4004,1415
6781,6547,4843
6782,1193,1006
6783,5888,5710
6784,6729,1337
6785,3721,4
6786,6709,5121
6787,6481,2010
6788,5624,3986
6789,4571,495
6790,6774,6569
6791,5019,3387
6792,5699,2988
6793,6756,6586
6794,5994,1707
6795,6685,4613
6796,6668,1450
6797,6771,5292
6798,6704,4191
6799,6512,4301
6800,1814,508
6801,3213,1266
6802,6738,4950
6803,6602,4263
6804,3910,1660
6805,6761,6726
6806,6359,4590
6807,5265,4915
6808,5677,1585
6809,3831,3225
6810,6665,4216
6811,3306,929
6812,6696,3918
6813,6805,4115
6814,6651,1693
6815,6677,5618
6816,6388,4906
6817,5817,219
6818,6802,6650
6819,6790,6734
6820,1967,1856
6821,6674,3382
6822,6732,4509
6823,6813,6784
6824,6730,6401
6825,6767,3743
6826,6795,5009
6827,3211,3209
6828,6787,6715
6829,6633,6575
6830,1299,1282
6831,6613,442
6832,6600,2282
6833,6797,2911
6834,1757,460
6835,6769,6587
6836,2472,1251
6837,3314,317
6838,6456,5144
6839,6595,4397
6840,6673,6573
6841,5385,3345
6842,6718,4581
6843,4733,4008
6844,6620,1503
6845,6635,184
6846,6702,5511
6847,4487,4285
6848,6740,5254
6849,6717,6675
6850,6546,4055
6851,4224,3817
6852,6779,3675
6853,6818,1114
6854,4393,1091
6855,6566,307
6856,6583,4442
6857,6826,4119
6858,6798,5202
6859,3554,3090
6860,5929,3172
6861,6353,279
6862,6848,6543
6863,6663,2081
6864,6760,6754
6865,4901,2130
6866,6812,3309
6867,6751,4674
6868,6630,5289
6869,6525,1224
6870,4929,4878
6871,4749,3132
6872,3123,2878
6873,3160,3087
6874,6819,6739
6875,6601,2218
6876,6810,5636
6877,6759,5717
6878,6735,3802
6879,4168,1068
6880,6537,4089
6881,4739,4394
6882,6716,6703
6883,6853,6822
6884,5306,5127
6885,6748,6664
6886,4668,2240
6887,3671,1230
6888,4939,3101
6889,6874,6752
6890,6695,4351
6891,3399,2759
6892,1125,626
6893,4941,2366
6894,5911,2480
6895,6507,3297
6896,1398,1037
6897,6462,3442
6898,5869,4875
6899,6823,5564
6900,6444,1463
6901,5083,2955
6902,6707,6385
6903,6509,3825
6904,6824,5820
6905,6889,6733
6906,6596,3197
6907,6669,1821
6908,439,108
6909,6829,4845
6910,3394,3257
6911,6803,6775
6912,6724,4122
6913,6899,6786
6914,6570,1424
6915,6833,5345
6916,6864,6791
6917,6736,339
6918,6684,202
6919,3921,1552
6920,6905,1883
6921,2494,192
6922,6700,310
6923,6920,3504
6924,6916,6770
6925,6828,6727
6926,6913,6863
6927,3283,3193
6928,5750,2962
6929,6788,6728
6930,5534,500
6931,6621,4954
6932,6876,4391
6933,6858,3929
6934,6356,2687
6935,6578,300
6936,6757,2621
6937,6639,1758
6938,4418,4006
6939,6722,6671
6940,6923,1557
6941,6603,5606
6942,6862,6857
6943,6557,5210
6944,2928,314
6945,6698,1737
6946,5237,1186
6947,6895,6831
6948,6915,1382
6949,438,259
6950,5096,5012
6951,4063,3619
6952,5664,3169
6953,6883,6367
6954,3228,2367
6955,6940,5149
6956,6890,4565
6957,5909,2019
6958,4743,2778
6959,6725,3854
6960,6657,906
6961,4059,3238
6962,6389,3488
6963,6903,2938
6964,6474,4347
6965,6948,935
6966,6667,3574
6967,5719,4496
6968,6924,5322
6969,5586,2361
6970,6926,6817
6971,6768,5808
6972,6838,6424
6973,6842,298
6974,6745,2335
6975,6878,6816
6976,6721,6608
6977,6942,2877
6978,3634,3312
6979,6965,344
6980,6846,5943
6981,5354,167
6982,3313,1831
6983,6615,6541
6984,6680,2185
6985,5272,1643
6986,6955,2360
6987,5821,5599
6988,6932,5331
6989,6970,2420
6990,6780,6555
6991,5858,3630
6992,6968,4245
6993,4454,545
6994,6986,6867
6995,6904,2388
6996,5004,2416
6997,6825,6777
6998,4377,1079
6999,6814,4464
7000,6731,4666
7001,6839,6623
7002,5988,5504
7003,6931,4738
7004,6793,3694
7005,6773,3672
7006,470,51
7007,3340,2423
7008,5830,1051
7009,4983,2686
7010,6992,6688
7011,6628,4611
7012,6929,5535
7013,587,118
7014,6808,5540
7015,6869,3192
7016,3002,1384
7017,7010,5739
7018,5548,1537
7019,6840,872
7020,5067,3003
7021,6979,6947
7022,6849,1367
7023,6763,1083
7024,6989,6896
7025,6994,1306
7026,5991,2742
7027,6988,876
7028,6933,189
7029,6925,860
7030,6927,6648
7031,6559,5368
7032,6866,6661
7033,6953,4835
7034,6943,1132
7035,7025,4588
7036,4310,2534
7037,5500,1168
7038,7017,6880
7039,6901,6882
7040,6526,6430
7041,6331,286
7042,4689,1819
7043,5350,3056
7044,7024,1606
7045,4979,4383
7046,6654,5925
7047,5281,4881
7048,6778,1017
7049,7027,6640
7050,7022,5242
7051,3198,1917
7052,6977,3785
7053,6966,4078
7054,3517,3472
7055,6844,6804
7056,6850,6799
7057,7039,1393
7058,292,238
7059,6554,1619
7060,7012,5818
7061,6510,5109
7062,6809,3527
7063,425,337
7064,7038,2105
7065,6911,2297
7066,6590,1253
7067,1876,360
7068,5032,3989
7069,7065,2056
7070,6473,3945
7071,2234,210
7072,7028,2454
7073,5493,4413
7074,6892,6845
7075,6619,4846
7076,6741,4099
7077,7035,5661
7078,6990,6450
7079,6888,1386
7080,6765,6746
7081,7033,6946
7082,498,275
7083,6697,1868
7084,6997,1894
7085,7019,3996
7086,6792,1959
7087,6679,2547
7088,6975,2638
7089,6666,3479
7090,7029,1529
7091,6854,4135
7092,7044,2170
7093,3514,1390
7094,5395,5358
7095,7064,6887
7096,7071,5746
7097,5678,5029
7098,6851,2143
7099,6820,1430
7100,4029,312
7101,5949,1187
7102,6714,4097
7103,7092,1505
7104,7000,6806
7105,6885,2676
7106,1530,1379
7107,6935,3407
7108,5889,5810
7109,7095,7047
7110,6758,3581
7111,4796,3236
7112,7052,6909
7113,7004,6987
7114,5036,4475
7115,7077,5006
7116,7081,6789
7117,5456,736
7118,6941,5906
7119,2450,68
7120,6897,3329
7121,7045,6744
7122,5647,4914
7123,6938,3487
7124,6877,6800
7125,2567,838
7126,6594,1601
7127,7115,7015
7128,6995,278
7129,5448,5438
7130,6939,1218
7131,7072,6452
7132,6914,199
7133,6886,3549
7134,6830,1333
7135,7085,5600
7136,6719,3378
7137,4968,3380
7138,7043,6782
7139,5441,2296
7140,6614,2861
7141,6576,4273
7142,6894,1095
7143,7103,7090
7144,6856,1029
7145,7109,6647
7146,420,318
7147,7020,3061
7148,106,42
7149,7112,1101
7150,3914,3868
7151,7036,879
7152,7116,2097
7153,7127,7018
7154,6907,4379
7155,7049,6821
7156,3773,3740
7157,4542,4313
7158,7021,1368
7159,6984,6659
7160,6999,46
7161,2060,1591
7162,7152,7087
7163,7032,4043
7164,5680,3435
7165,7153,3255
7166,5974,5569
7167,7145,6912
7168,6982,4057
7169,7134,1297
7170,1710,1216
7171,6910,5391
7172,6762,4329
7173,6951,4054
7174,7069,5723
7175,3178,778
7176,5769,397
7177,7165,1034
7178,7149,6859
7179,7076,6835
7180,7008,2064
7181,7162,6879
7182,7058,6609
7183,4130,2897
7184,3940,3722
7185,5297,1919
7186,179,61
7187,6971,6796
7188,6412,892
7189,7167,2508
7190,1204,88
7191,6978,229
7192,5751,5703
7193,5718,2461
7194,7177,1434
7195,6785,291
7196,2326,1041
7197,7113,1304
7198,7083,6815
7199,7181,1291
7200,7189,5686
7201,7143,7057
7202,6980,4430
7203,4857,4763
7204,6959,6743
7205,7124,7014
7206,6766,3084
7207,805,635
7208,7194,3972
7209,7158,1579
7210,4406,2678
7211,7002,1586
7212,299,186
7213,334,258
7214,4295,4279
7215,5475,705
7216,4898,416
7217,7088,3995
7218,5617,5074
7219,6881,6772
7220,3669,1206
7221,2943,2836
7222,5601,1787
7223,7050,1602
7224,4343,4305
7225,6742,4553
7226,7034,4597
7227,5577,3832
7228,7009,629
7229,6945,6922
7230,6711,5793
7231,6783,5689
7232,7041,6568
7233,3402,3322
7234,3803,3024
7235,5145,2743
7236,7200,7001
7237,4337,3876
7238,4813,4677
7239,5849,5602
7240,6678,4259
7241,7168,3775
7242,7209,5425
7243,5900,5797
7244,1923,1648
7245,6983,423
7246,7208,2160
7247,4899,2324
7248,7150,7121
7249,6956,6841
7250,2637,2088
7251,7178,5508
7252,7080,2112
7253,5194,3818
7254,7201,6919
7255,7136,6400
7256,7246,7055
7257,3021,129
7258,6969,2880
7259,7256,7130
7260,6750,2150
7261,7219,2866
7262,6875,1417
7263,7053,4482
7264,7084,2485
7265,6646,3638
7266,7236,7197
7267,6906,400
7268,7254,2978
7269,5895,1932
7270,6832,2096
7271,7042,3128
7272,4030,2197
7273,6936,4127
7274,7169,15
7275,7111,7031
7276,7163,4225
7277,7079,5224
7278,5637,1532
7279,3653,476
7280,7175,7135
7281,6937,5809
7282,6676,4767
7283,1435,1028
7284,4160,3231
7285,5910,1466
7286,7138,7091
7287,4499,3821
7288,4691,3311
7289,7251,7195
7290,5365,2078
7291,7060,3622
7292,6776,1350
7293,5387,3642
7294,7233,2827
7295,7266,6781
7296,6972,593
7297,5233,4219
7298,7264,2646
7299,7204,28
7300,7174,6699
7301,6801,784
7302,2602,1044
7303,7074,5279
7304,6976,1422
7305,5692,1358
7306,5691,1827
7307,5533,1149
7308,6930,3347
7309,1348,350
7310,7073,2608
7311,5848,4235
7312,6836,1645
7313,7046,4468
7314,7268,7101
7315,3165,2760
7316,4675,3532
7317,6855,280
7318,7242,2798
7319,4600,1408
7320,7011,1824
7321,7205,7142
7322,7211,5777
7323,7110,5706
7324,3824,2993
7325,6921,6898
7326,7223,7107
7327,7180,6670
7328,7318,739
7329,3170,1656
7330,6928,1127
7331,6985,1860
7332,6868,6607
7333,7280,3859
7334,7289,5407
7335,4543,2881
7336,7231,7128
7337,5065,4253
7338,7199,1560
7339,3155,2372
7340,6981,862
7341,7258,7078
7342,7146,272
7343,7155,3049
7344,5731,1748
7345,4985,4583
7346,2757,1108
7347,7295,7122
7348,4911,1624
7349,7140,2812
7350,7003,6973
7351,6950,1473
7352,7259,7037
7353,7089,3232
7354,7170,1761
7355,7273,1885
7356,7105,5286
7357,7338,4703
7358,7328,4345
7359,7312,2408
7360,7245,7006
7361,6682,4973
7362,7126,6944
7363,7062,3778
7364,6960,1164
7365,6963,452
7366,6949,3835
7367,7314,1904
7368,4932,4294
7369,7291,5803
7370,5961,4839
7371,7248,3624
7372,5877,1429
7373,7296,4037
7374,7352,5488
7375,7075,6884
7376,7358,3984
7377,6860,6837
7378,7282,4641
7379,7067,6794
7380,7367,3009
7381,7129,4239
7382,7347,7086
7383,3397,3161
7384,6934,2493
7385,5008,4437
7386,7125,791
7387,6974,2509
7388,7059,6811
7389,7172,4768
7390,3895,1613
7391,5945,5778
7392,7357,6747
7393,5563,331
7394,7380,3348
7395,7308,4292
7396,6961,5397
7397,7355,7334
7398,7173,4461
7399,3705,468
7400,7374,7333
7401,7104,1062
7402,7250,2300
7403,7394,4410
7404,6872,4261
7405,7300,7263
7406,4258,3751
7407,7232,1237
7408,6954,837
7409,7252,5980
7410,6891,5155
7411,7343,5712
7412,7023,3073
7413,7160,5195
7414,7382,7179
7415,7376,7171
7416,7159,7123
7417,7132,3892
7418,7131,4416
7419,7298,1925
7420,5590,395
7421,7403,1510
7422,4400,4026
7423,7277,6993
7424,6917,2136
7425,3735,2635
7426,4726,3052
7427,7040,7030
7428,4504,4325
7429,7141,6753
7430,7392,1214
7431,7118,6560
7432,6290,2837
7433,7241,3499
7434,7411,7369
7435,6852,1454
7436,1274,1067
7437,7225,3728
7438,7421,7274
7439,1376,923
7440,7271,3887
7441,7302,6701
7442,7229,7148
7443,7066,1679
7444,7299,122
7445,5294,916
7446,5670,975
7447,7154,5266
7448,3618,1891
7449,6865,2458
7450,7056,4467
7451,7400,5958
7452,6952,2738
7453,5356,5124
7454,7414,2781
7455,3764,1209
7456,2152,1580
7457,7438,7371
7458,4560,565
7459,984,70
7460,6962,4572
7461,6344,143
7462,3354,3122
7463,7240,7226
7464,6511,223
7465,7454,6683
7466,5268,3006
7467,7397,5378
7468,7415,3665
7469,7401,5429
7470,4695,3702
7471,4133,3812
7472,7202,5957
7473,7151,1156
7474,7119,4984
7475,5162,4587
7476,5432,5234
7477,7378,7007
7478,7467,5056
7479,6908,6
7480,6843,4251
7481,7465,7391
7482,5002,3978
7483,7106,2310
7484,2248,1452
7485,7451,662
7486,7005,5390
7487,7261,6871
7488,7434,7356
7489,7320,4577
7490,7187,7051
7491,7102,5315
7492,7305,346
7493,7418,473
7494,7099,1217
7495,7419,1111
7496,7468,1976
7497,7284,4699
7498,5566,2258
7499,4095,4079
7500,7198,4535
7501,7485,7196
7502,7469,4686
7503,7260,6902
7504,6964,4221
7505,1551,1002
7506,7332,7061
7507,7478,7301
7508,7026,2895
7509,5211,2996
7510,7218,5660
7511,5538,1362
7512,7227,3797
7513,7216,4376
7514,7276,5340
7515,7234,3657
7516,7120,2405
7517,5975,1279
7518,5487,5192
7519,7501,7293
7520,7412,6873
7521,7349,2926
7522,7082,196
7523,7322,7321
7524,7496,3631
7525,7483,776
7526,7457,7389
7527,7424,1507
7528,7139,572
7529,7354,6834
7530,7430,789
7531,7519,5771
7532,7481,5594
7533,5164,4497
7534,7524,7188
7535,1870,1562
7536,7364,7326
7537,7336,1353
7538,7117,972
7539,7475,6870
7540,7407,1471
7541,7531,7262
7542,7507,6861
7543,3932,435
7544,7214,2530
7545,3331,383
7546,7315,579
7547,3913,2006
7548,7222,424
7549,3858,3251
7550,4735,2677
7551,7526,7390
7552,5965,4330
7553,7309,3432
7554,5759,4451
7555,7409,7372
7556,7048,1104
7557,7534,5450
7558,7215,2594
7559,6893,2643
7560,3615,1914
7561,7444,7190
7562,2311,95
7563,7203,4766
7564,5903,1128
7565,5815,4213
7566,7541,7495
7567,5118,716
7568,4412,1955
7569,4923,4874
7570,7013,2711
7571,5016,446
7572,7417,7133
7573,7494,7303
7574,5589,610
7575,7439,5455
7576,7530,7093
7577,5201,249
7578,7489,4174
7579,7359,5517
7580,7097,5000
7581,7431,7235
7582,3917,266
7583,7323,5927
7584,5028,3877
7585,7342,161
7586,7286,2260
7587,7551,1681
7588,7385,7275
7589,5720,3202
7590,4443,2535
7591,7471,7221
7592,7353,5843
7593,7294,3875
7594,7330,1033
7595,7557,7341
7596,7319,529
7597,7384,4728
7598,1729,191
7599,1402,365
7600,7217,4727
7601,3376,3016
7602,7387,1878
7603,7566,5066
7604,7587,5267
7605,7377,358
7606,4177,1543
7607,7405,7114
7608,7287,2207
7609,7542,7278
7610,7555,7257
7611,7576,7459
7612,7604,915
7613,7532,7249
7614,7515,6847
7615,7544,4212
7616,7547,5196
7617,2825,2593
7618,7609,7509
7619,7612,7570
7620,4455,4092
7621,149,10
7622,7423,3730
7623,1614,1269
7624,1913,1085
7625,2379,2286
7626,7603,5327
7627,7373,3082
7628,3594,412
7629,3985,3218
7630,7447,639
7631,7281,7100
7632,7563,7502
7633,3182,2641
7634,7448,5047
7635,7626,1322
7636,4858,3613
7637,7339,2098
7638,3339,1739
7639,5283,1826
7640,7220,4278
7641,6626,5711
7642,4352,4065
7643,7350,7304
7644,7619,5531
7645,5868,3792
7646,7094,547
7647,4448,2459
7648,7635,2148
7649,1370,407
7650,7600,7440
7651,4922,933
7652,3162,1460
7653,7648,7488
7654,7325,2590
7655,5964,5860
7656,7166,3044
7657,7503,7270
7658,316,306
7659,7267,7210
7660,3651,256
7661,7279,2467
7662,7413,4693
7663,4179,1378
7664,7644,5235
7665,7643,7442
7666,7182,273
7667,4085,1912
7668,7618,5449
7669,7613,7450
7670,1686,363
7671,7559,1076
7672,7472,2572
7673,7212,351
7674,7460,1548
7675,993,765
7676,5622,4022
7677,7445,7386
7678,7611,7540
7679,7656,4606
7680,7446,5367
7681,5442,2634
7682,5933,5440
7683,7573,979
7684,4203,3078
7685,7346,7144
7686,7664,7340
7687,6918,236
7688,7435,7206
7689,7324,475
7690,7607,7493
7691,7463,5773
7692,5280,5058
7693,7561,7473
7694,7508,2691
7695,7668,1590
7696,5026,3505
7697,7578,4803
7698,7500,7054
7699,4936,3275
7700,7539,1116
7701,7307,7269
7702,7238,4458
7703,7669,7610
7704,1247,790
7705,7703,7672
7706,7230,5873
7707,7164,5971
7708,4836,3483
7709,7477,1113
7710,466,313
7711,5276,2921
7712,5524,2069
7713,7193,2470
7714,4994,1634
7715,7098,268
7716,7228,3127
7717,5861,2139
7718,7686,2854
7719,7520,1651
7720,1394,434
7721,7224,5316
7722,7161,7096
7723,7527,7517
7724,1359,843
7725,7063,133
7726,7213,7186
7727,7523,5894
7728,7470,7360
7729,7255,848
7730,5701,2714
7731,7363,25
7732,7311,2034
7733,6991,5864
7734,7631,91
7735,3409,2947
7736,5126,2995
7737,5190,3289
7738,7361,1983
7739,5833,1257
7740,7678,7677
7741,7548,2141
7742,7698,7695
7743,4761,1568
7744,7366,694
7745,1437,1210
7746,7521,2829
7747,7443,1170
7748,7605,949
7749,7427,263
7750,7288,7265
7751,7606,5317
7752,7348,6807
7753,5311,1118
7754,7456,7437
7755,4271,3948
7756,7705,5872
7757,5960,5688
7758,2557,2510
7759,3750,3428
7760,7584,943
7761,3020,2075
7762,7756,5404
7763,7718,7368
7764,3074,849
7765,4178,2885
7766,7653,1859
7767,7685,2615
7768,7595,1818
7769,7556,1319
7770,7766,1666
7771,2079,1414
7772,7740,940
7773,7536,1032
7774,7763,4681
7775,185,67
7776,7762,5076
7777,6996,4519
7778,7550,4019
7779,7768,796
7780,7388,2673
7781,7772,3104
7782,7297,2213
7783,4882,1250
7784,4957,4217
7785,7781,1211
7786,4576,1811
7787,7598,1839
7788,7474,2414
7789,7779,7774
7790,7185,4801
7791,4018,361
7792,4220,1312
7793,4744,203
7794,7379,1340
7795,1494,175
7796,7290,4534
7797,7770,2495
7798,7785,7665
7799,7497,803
7800,4395,248
7801,7016,3873
7802,7727,1559
7803,4792,1395
7804,7588,7449
7805,7402,601
7806,7728,7316
7807,5482,2411
7808,7583,5523
7809,7070,3632
7810,7797,7560
7811,176,31
7812,3964,2313
7813,7441,3462
7814,6900,2251
7815,7416,1122
7816,4403,781
7817,2465,2215
7818,7670,7630
7819,7733,1701
7820,7514,4241
7821,7650,7487
7822,274,205
7823,7498,686
7824,7674,7429
7825,7632,2945
7826,7742,3884
7827,7362,2228
7828,7810,7535
7829,7453,3515
7830,3404,1571
7831,7637,7627
7832,5185,3224
7833,5363,1456
7834,457,56
7835,7581,134
7836,7776,7625
7837,7828,2371
7838,2671,1927
7839,2278,1709
7840,7709,2712
7841,7657,2091
7842,7837,1022
7843,3536,1611
7844,7683,7628
7845,4283,3500
7846,3762,137
7847,7589,5844
7848,7723,7579
7849,5800,3168
7850,5922,2961
7851,7662,5274
7852,3822,3661
7853,5085,213
7854,4764,3386
7855,7842,7655
7856,7693,1768
7857,2788,2543
7858,3729,232
7859,4933,1339
7860,7773,1965
7861,7761,7554
7862,5168,598
7863,7622,7375
7864,7855,2107
7865,7572,2970
7866,7327,2220
7867,1622,1075
7868,7614,7351
7869,7659,1313
7870,1587,496
7871,7365,254
7872,7836,7680
7873,7176,4658
7874,7821,3544
7875,7804,6998
7876,7864,4578
7877,7335,4517
7878,7654,3791
7879,7789,7331
7880,7147,3248
7881,3991,2189
7882,7826,7755
7883,5954,5867
7884,7525,7404
7885,4682,1556
7886,7506,7486
7887,5007,750
7888,3925,1388
7889,7719,7702
7890,4086,3896
7891,7283,1285
7892,7537,104
7893,7820,5151
7894,7433,6236
7895,7552,2456
7896,4716,3847
7897,3392,3158
7898,7504,7420
7899,7708,13
7900,7529,7306
7901,7713,7432
7902,7398,7381
7903,5807,4549
7904,7751,2542
7905,7729,1697
7906,5558,3342
7907,7716,7638
7908,7882,194
7909,7794,1410
7910,7597,2354
7911,5583,426
7912,7860,4777
7913,7802,2436
7914,7884,7856
7915,7247,1365
7916,7874,7815
7917,3389,304
7918,7901,541
7919,7847,7691
7920,7586,5423
7921,7617,4717
7922,7808,7452
7923,7908,4736
7924,7410,3270
7925,4000,3501
7926,7798,517
7927,4424,1441
7928,2551,1119
7929,5782,1175
7930,7769,1129
7931,7749,109
7932,4540,2665
7933,7748,3865
7934,7746,7399
7935,7848,7624
7936,7903,4163
7937,7923,7876
7938,7818,1327
7939,7881,7788
7940,4275,1409
7941,7841,7722
7942,5963,5587
7943,7688,7395
7944,7137,2210
7945,178,84
7946,7840,7575
7947,4148,303
7948,1810,283
7949,7813,5349
7950,5428,2476
7951,7569,3437
7952,7479,493
7953,2188,1324
7954,1691,1030
7955,5976,2633
7956,7879,2847
7957,5902,1061
7958,481,87
7959,451,130
7960,7591,3682
7961,7640,6592
7962,7741,7484
7963,504,319
7964,7183,2266
7965,5822,3017
7966,3215,2529
7967,7931,3744
7968,5068,415
7969,7721,4005
7970,5075,3795
7971,7717,7546
7972,4320,3316
7973,7706,3480
7974,5669,3318
7975,7846,3709
7976,4332,836
7977,7651,7574
7978,7715,2720
7979,7426,4199
7980,7615,7253
7981,7593,4992
7982,7476,4098
7983,7825,746
7984,4411,2965
7985,7867,7787
7986,7814,7608
7987,5049,1134
7988,5770,4495
7989,7671,7602
7990,7700,4531
7991,3774,1973
7992,7892,7872
7993,7956,4608
7994,7492,1795
7995,7935,7641
7996,4114,2237
7997,5875,2376
7998,7863,7851
7999,7930,1677
8000,3396,3007
8001,7993,7912
8002,7734,5419
8003,3039,1872
8004,7666,1655
8005,7699,3035
8006,7807,155
8007,7594,5700
8008,7673,1950
8009,1952,1625
8010,5890,5537
8011,7875,7645
8012,7831,7730
8013,7553,1181
8014,7937,659
8015,7568,7337
8016,7941,1120
8017,7926,4709
8018,7865,7512
8019,7370,114
8020,7313,5091
8021,7801,7191
8022,7393,5052
8023,7344,1740
8024,7827,1323
8025,7835,5685
8026,4988,4977
8027,7992,2082
8028,7780,2050
8029,944,800
8030,7184,5291
8031,5743,4769
8032,8017,540
8033,7938,7905
8034,7767,6764
8035,5163,1704
8036,3663,624
8037,7983,7914
8038,7844,510
8039,7970,7868
8040,7422,4107
8041,7689,2848
8042,7921,655
8043,7823,7285
8044,7902,7690
8045,7900,2348
8046,7977,7580
8047,2072,772
8048,7585,1572
8049,7962,7739
8050,4756,4110
8051,7731,5757
8052,2785,227
8053,8027,5106
8054,480,233
8055,5675,1502
8056,3256,3062
8057,7861,3230
8058,8033,7480
8059,7738,2327
8060,8044,7707
8061,7720,3806
8062,7765,2303
8063,7975,1833
8064,7946,7920
8065,7990,7918
8066,4432,878
8067,5634,3325
8068,7649,1346
8069,1875,296
8070,7687,4016
8071,8001,1184
8072,7829,4935
8073,4718,3277
8074,3625,2753
8075,7904,7406
8076,7675,7292
8077,5665,4574
8078,5607,3947
8079,4324,1066
8080,4616,1453
8081,7676,3383
8082,7436,7239
8083,4500,2597
8084,8032,7558
8085,8016,2023
8086,8038,7909
8087,3855,3811
8088,1749,411
8089,7793,5105
8090,467,322
8091,7621,348
8092,7661,7528
8093,7745,1167
8094,5330,139
8095,8014,2385
8096,7513,7491
8097,7967,3050
8098,7505,5277
8099,8053,7620
8100,6469,4062
8101,8095,7759
8102,7998,7843
8103,8071,444
8104,7750,7694
8105,7889,7592
8106,8007,7878
8107,7913,1146
8108,7754,3852
8109,8103,4706
8110,7461,1
8111,7969,928
8112,2896,2254
8113,7747,5972
8114,7599,7510
8115,7943,4692
8116,7981,7907
8117,8013,2867
8118,7816,865
8119,2883,297
8120,5870,2457
8121,7681,3464
8122,7764,4124
8123,7744,3509
8124,8109,909
8125,7886,3727
8126,8084,606
8127,5733,966
8128,8099,3293
8129,5855,4513
8130,461,406
8131,7924,2771
8132,8128,7243
8133,8046,7819
8134,717,528
8135,2907,1016
8136,7697,4802
8137,8126,7726
8138,5444,110
8139,7895,5023
8140,8107,5592
8141,8124,7995
8142,5246,995
8143,5859,2169
8144,7849,7428
8145,7652,3054
8146,7629,2688
8147,4365,3086
8148,7778,2761
8149,8097,7893
8150,7877,4798
8151,3837,2656
8152,8025,7947
8153,8045,1714
8154,8019,4336
8155,8132,4856
8156,7917,1776
8157,3725,3081
8158,3952,2252
8159,7979,7458
8160,7499,3578
8161,8064,2705
8162,1361,1238
8163,7871,7156
8164,7108,5754
8165,8018,604
8166,8137,1396
8167,6958,1380
8168,7933,7736
8169,4825,3048
8170,5471,4883
8171,5955,2745
8172,8101,1461
8173,3350,3305
8174,8141,7971
8175,7939,7919
8176,7887,5405
8177,8172,7997
8178,8140,1897
8179,7696,5823
8180,8174,2462
8181,7955,1508
8182,441,341
8183,8139,5528
8184,5499,1014
8185,8177,8092
8186,7964,7490
8187,2486,1563
8188,387,144
8189,7786,3575
8190,8004,7858
8191,8060,8020
8192,7549,5437
8193,8180,3953
8194,3494,1499
8195,3418,1600
8196,3296,1832
8197,7516,4896
8198,8051,524
8199,5738,1194
8200,2446,2009
8201,2990,1391
8202,7799,4477
8203,7869,5130
8204,8185,7922
8205,7796,1516
8206,7068,586
8207,7852,5323
8208,7425,1939
8209,8193,8135
8210,2478,1354
8211,5154,2390
8212,3898,751
8213,8065,4511
8214,7701,1665
8215,3058,234
8216,3767,1793
8217,1638,602
8218,3235,7
8219,8166,3801
8220,8155,1626
8221,8042,1445
8222,7310,1381
8223,8220,8113
8224,8204,8123
8225,7660,7317
8226,5937,5893
8227,3336,2810
8228,8209,8086
8229,7803,1160
8230,7980,3417
8231,211,111
8232,8224,4814
8233,7989,7616
8234,7934,7533
8235,5850,5571
8236,8039,1403
8237,7812,5305
8238,8232,904
8239,7329,5970
8240,4319,3591
8241,7986,1159
8242,8059,7596
8243,7543,5494
8244,8085,8028
8245,7973,7455
8246,7545,1515
8247,8133,8011
8248,7704,2933
8249,8219,38
8250,8178,7511
8251,8191,8040
8252,8114,7916
8253,7833,1263
8254,8153,8023
8255,8002,2625
8256,8249,990
8257,7679,4419
8258,8238,190
8259,8106,7954
8260,8258,8055
8261,8081,3931
8262,3433,3154
8263,8150,7408
8264,6967,4038
8265,8256,1050
8266,8102,605
8267,7682,4061
8268,8146,1472
8269,3710,1763
8270,2489,1642
8271,8058,7482
8272,8104,2726
8273,8022,2889
8274,1721,1183
8275,7988,3621
8276,4664,3115
8277,7806,7805
8278,8260,5054
8279,7714,5013
8280,7396,4104
8281,7862,7538
8282,8214,8043
8283,7994,7932
8284,1008,58
8285,4634,3126
8286,8072,7885
8287,7800,1936
8288,8037,4737
8289,4214,157
8290,8278,8266
8291,5920,4725
8292,8257,8175
8293,7562,4952
8294,8247,8223
8295,8108,1351
8296,5836,5063
8297,3227,93
8298,8265,1694
8299,8029,5985
8300,8230,3431
8301,7978,7857
8302,8165,3452
8303,8248,8118
8304,506,436
8305,8012,5716
8306,8121,7464
8307,7898,3787
8308,7157,2716
8309,8290,8075
8310,8034,4342
8311,7737,2125
8312,3697,1796
8313,3303,142
8314,8168,187
8315,7950,5245
8316,8136,8111
8317,8076,5336
8318,7771,4816
8319,8115,5092
8320,8298,4907
8321,8252,2750
8322,7929,692
8323,5057,2739
8324,7522,24
8325,3616,1863
8326,8309,3611
8327,8197,7633
8328,7915,2295
8329,8024,1314
8330,8320,743
8331,7961,5501
8332,8122,4243
8333,7795,7345
8334,8179,3602
8335,8259,8228
8336,8295,2033
8337,8105,8087
8338,8026,982
8339,8068,2068
8340,165,30
8341,7927,4069
8342,8330,1305
8343,1191,588
8344,3419,2767
8345,8338,8288
8346,5724,5426
8347,8192,7782
8348,7634,3639
8349,5698,288
8350,8302,2707
8351,5790,5257
8352,4149,1355
8353,8326,734
8354,7910,328
8355,2146,2127
8356,8149,8021
8357,8221,8161
8358,8213,7758
8359,5435,2856
8360,7928,4781
8361,2165,1569
8362,7880,3011
8363,8198,3531
8364,8242,710
8365,2406,1706
8366,8335,1426
8367,7999,1493
8368,4483,373
8369,1670,1561
8370,3055,2853
8371,8254,8250
8372,8366,8162
8373,4573,454
8374,8321,824
8375,8294,8202
8376,4779,1155
8377,8151,4778
8378,8353,8159
8379,8372,2247
8380,8203,448
8381,1316,325
8382,8342,874
8383,3756,1802
8384,5392,1244
8385,7976,1862
8386,347,327
8387,5039,3788
8388,8336,8116
8389,5107,4759
8390,418,63
8391,7866,4238
8392,5053,4268
8393,7809,3736
8394,1942,419
8395,8345,685
8396,8276,5022
8397,8009,5138
8398,2417,1841
8399,8378,562
8400,8319,8236
8401,8379,4632
8402,2503,1581
8403,7639,5446
8404,8272,7911
8405,5129,5037
8406,8176,7984
8407,8251,7571
8408,8375,712
8409,5626,1233
8410,4712,4533
8411,8041,377
8412,8079,166
8413,8229,8061
8414,3974,3063
8415,8408,8181
8416,7985,7850
8417,8322,4194
8418,7873,4049
8419,8399,5575
8420,4075,3992
8421,1385,1189
8422,8419,1152
8423,8350,8035
8424,8357,8093
8425,8374,1658
8426,8244,8074
8427,8052,3882
8428,5863,302
8429,5776,5753
8430,8314,7582
8431,5905,5862
8432,7965,2226
8433,8170,2644
8434,8186,1741
8435,8261,8120
8436,4254,3951
8437,8415,2116
8438,8422,8316
8439,8189,8066
8440,7896,7760
8441,8437,8096
8442,8401,8282
8443,5547,4423
8444,8358,8216
8445,3699,2835
8446,3874,1784
8447,7839,1599
8448,3204,2110
8449,8208,3649
8450,1641,672
8451,7752,4794
8452,4586,3038
8453,8156,2863
8454,8425,8047
8455,2657,1728
8456,7790,2
8457,3871,3580
8458,8441,5379
8459,5623,924
8460,8397,7949
8461,7894,2570
8462,5300,3880
8463,2167,39
8464,3471,3351
8465,5912,3949
8466,8407,4389
8467,2156,1774
8468,4385,1852
8469,8145,1451
8470,4139,2345
8471,8271,7845
8472,2346,2020
8473,4384,3849
8474,8138,4943
8475,7777,3667
8476,8406,1317
8477,4934,3367
8478,8264,8057
8479,8125,5302
8480,8438,7936
8481,5944,5644
8482,5402,3983
8483,3851,8
8484,8339,856
8485,8395,1766
8486,7383,3151
8487,5010,3278
8488,8301,4622
8489,5666,3579
8490,8442,936
8491,5561,217
8492,8490,846
8493,5609,2386
8494,8458,4421
8495,8329,7906
8496,7945,499
8497,8056,5103
8498,7577,2864
8499,5598,4002
8500,8327,8050
8501,7968,148
8502,8492,2094
8503,1431,701
8504,8333,3481
8505,7982,5348
8506,8502,1995
8507,8480,8062
8508,7987,3460
8509,4657,2773
8510,8424,8382
8511,5495,4928
8512,8356,5112
8513,8506,1786
8514,8233,2084
8515,8212,4919
8516,8303,2599
8517,8237,2652
8518,8292,1064
8519,8460,7817
8520,8507,8226
8521,2357,2245
8522,8494,3071
8523,8513,761
8524,8281,983
8525,5319,1182
8526,8523,669
8527,7244,4618
8528,8520,8300
8529,4940,2087
8530,8310,3130
8531,7732,2219
8532,8418,8152
8533,8434,1682
8534,8241,2157
8535,8253,8184
8536,8082,8049
8537,5229,5069
8538,7952,92
8539,8003,7783
8540,4493,269
8541,8199,6957
8542,8461,4274
8543,2973,1855
8544,8526,7940
8545,8528,7647
8546,2872,1963
8547,7944,2040
8548,7824,4602
8549,8110,8048
8550,5645,3808
8551,8363,4333
8552,5854,3981
8553,8380,8183
8554,3829,336
8555,8163,4524
8556,8529,1019
8557,8545,8404
8558,1986,779
8559,4673,1689
8560,2960,1145
8561,8391,2039
8562,5921,2298
8563,7991,7883
8564,8426,2669
8565,5353,240
8566,8364,7784
8567,4032,2131
8568,4623,989
8569,5238,209
8570,8423,8234
8571,8447,1221
8572,7724,2046
8573,7667,4140
8574,7711,3771
8575,8222,5072
8576,8465,5516
8577,8164,1094
8578,5915,4017
8579,5527,2042
8580,5663,2782
8581,8544,553
8582,2787,1521
8583,7775,1700
8584,8522,3645
8585,8584,8524
8586,8454,5514
8587,1690,1267
8588,8413,1117
8589,8388,2319
8590,5608,1009
8591,8005,4548
8592,4965,4959
8593,8485,988
8594,8277,4700
8595,8581,8444
8596,4887,1054
8597,8206,3976
8598,8557,8484
8599,8360,2090
8600,4997,4570
8601,3291,3206
8602,5400,4961
8603,5826,5671
8604,8367,8284
8605,8471,7743
8606,3102,2496
8607,8593,977
8608,7948,3813
8609,7646,5132
8610,8098,691
8611,3393,3226
8612,3014,2045
8613,7564,4701
8614,8533,1442
8615,8227,4425
8616,8585,1328
8617,1957,1459
8618,8595,8535
8619,8255,8117
8620,7565,2701
8621,2577,2223
8622,4924,4650
8623,5749,1310
8624,8479,8100
8625,8510,4751
8626,8354,768
8627,8512,8377
8628,7959,1934
8629,8466,5479
8630,8385,1594
8631,5814,1895
8632,8134,859
8633,8539,8315
8634,8514,571
8635,8618,8416
8636,8392,4198
8637,7272,3508
8638,8091,422
8639,8119,201
8640,5506,484
8641,8337,1980
8642,8088,2983
8643,8629,8160
8644,8187,1780
8645,4958,4869
8646,8598,740
8647,1628,1151
8648,214,164
8649,8605,8439
8650,5332,3930
8651,4366,1059
8652,8586,8143
8653,2891,2036
8654,8400,3923
8655,1535,1243
8656,1972,576
8657,8625,8607
8658,5015,55
8659,3475,3150
8660,2979,2802
8661,7891,4762
8662,8427,7854
8663,8381,2561
8664,2682,2429
8665,8112,1136
8666,8521,5756
8667,2095,1756
8668,8616,8171
8669,5198,729
8670,8589,8332
8671,8450,1492
8672,4390,4128
8673,5828,1779
8674,8412,2552
8675,8430,1903
8676,7888,1582
8677,8341,8129
8678,8390,52
8679,8323,1549
8680,8245,5839
8681,8641,8073
8682,3398,3308
8683,8534,1021
8684,8283,1592
8685,8131,7207
8686,8273,3262
8687,5825,1072
8688,7792,3201
8689,8389,8127
8690,5709,1005
8691,4873,4568
8692,8646,1945
8693,8668,78
8694,8635,2629
8695,8570,1671
8696,8572,2093
8697,8594,877
8698,2269,719
8699,8693,8318
8700,8627,8089
8701,1609,1558
8702,8469,3233
8703,4967,4561
8704,2636,1922
8705,8692,814
8706,5748,5585
8707,7838,145
8708,8694,5351
8709,8435,1258
8710,4902,2270
8711,8705,4955
8712,8675,474
8713,4452,4398
8714,5120,212
8715,1545,1166
8716,8240,8154
8717,8551,8468
8718,8201,2690
8719,2505,1596
8720,8190,332
8721,3560,3334
8722,8239,7899
8723,3543,1428
8724,8348,3134
8725,8291,241
8726,3881,2186
8727,8699,2799
8728,2858,1147
8729,8205,8200
8730,8440,2312
8731,8711,3839
8732,5982,886
8733,2280,1470
8734,4551,414
8735,7642,3490
8736,7960,2958
8737,4205,3135
8738,8727,8517
8739,2833,2221
8740,5714,3754
8741,8708,5414
8742,3484,2700
8743,8503,2957
8744,8643,333
8745,8614,8475
8746,342,80
8747,8571,3890
8748,8489,5673
8749,8495,8306
8750,8069,831
8751,2994,1743
8752,7712,1192
8753,5567,1227
8754,4850,4747
8755,8567,7972
8756,8741,3658
8757,8731,1468
8758,8757,8698
8759,3635,2925
8760,8518,2544
8761,3042,2539
8762,8756,8697
8763,3585,1820
8764,8169,4566
8765,8744,2515
8766,8588,3186
8767,3133,3114
8768,8536,8328
8769,8663,4931
8770,8762,3080
8771,5880,4580
8772,5730,5630
8773,8217,3037
8774,5568,4136
8775,8325,5551
8776,8680,8561
8777,5942,622
8778,8758,8738
8779,8683,2168
8780,8760,8467
8781,8459,822
8782,4772,3776
8783,8279,2413
8784,8652,8398
8785,8597,1109
8786,8670,2409
8787,4299,3620
8788,5641,1173
8789,8491,2263
8790,1226,850
8791,8553,748
8792,8780,1048
8793,2483,1916
8794,8210,7636
8795,8770,8519
8796,8054,225
8797,8090,430
8798,8305,2600
8799,8289,5094
8800,8317,8063
8801,8449,3288
8802,8516,2920
8803,7567,3701
8804,8654,8312
8805,8778,8681
8806,464,54
8807,5760,3280
8808,8687,8564
8809,8532,4334
8810,7601,3032
8811,8720,32
8812,8784,866
8813,5582,1620
8814,8361,8296
8815,2404,1901
8816,8263,4512
8817,8462,7753
8818,7822,335
8819,5765,3143
8820,8610,3703
8821,5853,5729
8822,8700,8582
8823,7897,5515
8824,3924,643
8825,8542,4206
8826,8548,5604
8827,4617,698
8828,8417,8371
8829,8182,1484
8830,8795,715
8831,8787,2941
8832,8830,1964
8833,5061,2216
8834,8457,4688
8835,5174,2241
8836,8498,1788
8837,8411,2871
8838,8832,8538
8839,7951,5653
8840,8563,3247
8841,3685,2323
8842,8555,8474
8843,4582,2524
8844,1371,459
8845,8362,3364
8846,8448,5572
8847,3889,745
8848,8493,8365
8849,4346,3556
8850,8649,7953
8851,3264,2651
8852,8805,4585
8853,8786,5161
8854,7834,5252
8855,1669,1249
8856,8630,8568
8857,2162,808
8858,5763,4592
8859,8838,8158
8860,5186,1576
8861,8812,4865
8862,4741,1298
8863,8456,3844
8864,8809,7963
8865,8657,523
8866,8765,4082
8867,5796,4780
8868,8859,1363
8869,5219,4746
8870,5805,594
8871,8478,5352
8872,4201,3804
8873,8850,8515
8874,8868,3405
8875,2658,2463
8876,8497,5208
8877,8167,5542
8878,8634,548
8879,3147,2537
8880,8861,2727
8881,8853,657
8882,8148,2953
8883,8874,8577
8884,1309,1215
8885,8299,5060
8886,3274,1762
8887,5597,2969
8888,5055,3716
8889,8547,8010
8890,8196,4453
8891,8747,8373
8892,8883,1966
8893,8566,8511
8894,5741,4694
8895,8709,5399
8896,5947,4404
8897,8798,8006
8898,1933,428
8899,8334,197
8900,8892,888
8901,8580,8311
8902,8446,4624
8903,8500,3423
8904,650,544
8905,8900,8476
8906,8235,5973
8907,8802,1752
8908,8808,1325
8909,8866,8724
8910,8531,5783
8911,8852,4974
8912,4640,1234
8913,8546,8344
8914,1823,1407
8915,8804,8287
8916,8880,8499
8917,8811,8565
8918,8655,4466
8919,5560,3903
8920,8911,2011
8921,8347,1026
8922,8745,8653
8923,5427,4724
8924,4563,2175
8925,8211,5503
8926,8246,7590
8927,8501,3747
8928,8686,5812
8929,8695,2369
8930,8405,4646
8931,8725,4447
8932,8619,81
8933,8905,839
8934,8482,1616
8935,3263,1011
8936,8638,66
8937,8691,4331
8938,8628,8008
8939,3841,1716
8940,8078,2086
8941,8822,8429
8942,8783,5908
8943,1449,381
8944,8826,7735
8945,8865,2555
8946,3850,3335
8947,8488,1785
8948,8792,8776
8949,8908,8878
8950,8933,1546
8951,8409,2439
8952,8661,8036
8953,2187,2080
8954,8791,8667
8955,8684,3582
8956,8617,8274
8957,7832,4895
8958,2533,1531
8959,3993,1003
8960,8895,8815
8961,8393,3863
8962,5529,2265
8963,8945,4556
8964,8920,8676
8965,8929,8766
8966,8873,3706
8967,2349,1854
8968,5832,3287
8969,2253,1287
8970,8749,8674
8971,7958,408
8972,8950,8671
8973,8964,8579
8974,4930,2980
8975,2935,2874
8976,5646,2271
8977,8890,8280
8978,8963,8604
8979,1982,1185
8980,8891,4912
8981,5603,4908
8982,8844,8828
8983,3646,3129
8984,8262,5635
8985,8827,8592
8986,8718,2583
8987,8331,5789
8988,8504,4486
8989,8682,3446
8990,4338,1745
8991,8477,1163
8992,8685,8656
8993,8432,503
8994,8932,5684
8995,955,567
8996,2595,704
8997,3557,224
8998,8000,3476
8999,8956,8549
9000,8225,4510
9001,8973,8915
9002,4669,2693
9003,559,558
9004,8665,8268
9005,3190,76
9006,8710,1654
9007,8881,2206
9008,8609,614
9009,8541,8307
9010,8972,1477
9011,8857,1908
9012,9010,1496
9013,5189,5031
9014,985,913
9015,8701,1783
9016,8842,8712
9017,8982,2654
9018,8031,2616
9019,8917,8884
9020,8243,7925
9021,8677,801
9022,9004,8916
9023,1804,1790
9024,4755,4472
9025,8962,8779
9026,5693,4635
9027,7518,2902
9028,8383,8142
9029,3458,902
9030,8215,2513
9031,8955,2318
9032,1993,1099
9033,1588,208
9034,8882,4655
9035,8431,5520
9036,9017,8752
9037,8907,1207
9038,5217,141
9039,8707,1004
9040,3140,2948
9041,9014,9012
9042,4257,1971
9043,8736,613
9044,8703,4970
9045,1369,1280
9046,7663,5271
9047,8285,2601
9048,3121,1889
9049,8396,3700
9050,5200,1711
9051,8960,7757
9052,8909,382
9053,8530,8195
9054,3524,1759
9055,3533,708
9056,8978,741
9057,8410,4340
9058,8436,3662
9059,8275,7942
9060,8297,1672
9061,4927,1806
9062,8893,8633
9063,8267,4045
9064,9056,136
9065,9001,8834
9066,8308,5804
9067,8716,5562
9068,8624,4396
9069,9068,3668
9070,5490,226
9071,8970,8470
9072,9041,8632
9073,8713,8621
9074,8394,5064
9075,8717,3424
9076,8948,8846
9077,5847,5045
9078,8402,2997
9079,1907,1789
9080,8689,1540
9081,8897,3911
9082,8954,5775
9083,9052,5329
9084,5081,623
9085,9072,8775
9086,9064,2155
9087,7966,1225
9088,8764,8304
9089,8858,4903
9090,8899,8800
9091,8769,8540
9092,147,126
9093,4871,4723
9094,8848,3077
9095,9036,1668
9096,8863,8015
9097,9085,1816
9098,8640,8070
9099,8876,7890
9100,9086,8421
9101,8944,1069
9102,9097,590
9103,8077,3338
9104,7623,3679
9105,9102,2022
9106,7237,2724
9107,8864,8814
9108,8921,8793
9109,8543,2811
9110,1420,427
9111,5167,3117
9112,8293,3266
9113,9007,8979
9114,8613,1803
9115,8351,5632
9116,9105,8902
9117,9071,8702
9118,8433,2227
9119,8723,1097
9120,8080,2851
9121,5835,1715
9122,4804,4267
9123,1352,599
9124,8803,5117
9125,5917,2932
9126,8443,3738
9127,9116,8993
9128,8696,2992
9129,8912,2083
9130,8949,777
9131,5734,1199
9132,8966,942
9133,4248,2801
9134,8994,4215
9135,8941,3956
9136,5633,309
9137,4414,1042
9138,8763,3617
9139,5034,3317
9140,9127,9088
9141,4807,4805
9142,8965,4667
9143,8781,8733
9144,8270,2605
9145,8574,305
9146,9065,8939
9147,8642,180
9148,9095,957
9149,9109,8719
9150,8903,2721
9151,8728,2426
9152,9028,1024
9153,2868,2604
9154,8550,2134
9155,8947,4603
9156,8777,1989
9157,8453,2501
9158,9076,8789
9159,8583,443
9160,4208,378
9161,8740,8615
9162,9146,8578
9163,8870,5752
9164,8871,8428
9165,2422,375
9166,9148,8587
9167,9031,8623
9168,8452,1071
9169,8611,3075
9170,8839,4704
9171,9135,8368
9172,8414,3436
9173,7859,1539
9174,4053,228
9175,8591,7684
9176,8650,5616
9177,1674,177
9178,8688,3962
9179,8801,5301
9180,9082,889
9181,8867,2250
9182,8554,7853
9183,9140,1007
9184,9103,4687
9185,8748,8645
9186,4359,3569
9187,4196,21
9188,8729,2964
9189,8147,1805
9190,3379,102
9191,8768,1798
9192,9183,4812
9193,9132,4880
9194,2106,29
9195,3878,1520
9196,8750,2102
9197,8845,4863
9198,9081,5882
9199,9192,1639
9200,9011,1575
9201,8816,554
9202,9162,2620
9203,8992,8569
9204,8359,2976
9205,8753,8620
9206,8714,3324
9207,9199,5263
9208,9083,9013
9209,9208,8505
9210,9142,8761
9211,9202,825
9212,9207,8951
9213,5507,4409
9214,9211,9023
9215,7192,2717
9216,9035,8843
9217,9212,8836
9218,8486,3752
9219,9217,1427
9220,8910,5742
9221,4809,3239
9222,8726,3493
9223,8556,640
9224,9100,8662
9225,4642,2304
9226,9214,8835
9227,9019,9006
9228,9022,8673
9229,9193,8927
9230,2642,1880
9231,9113,3415
9232,8483,4990
9233,1474,16
9234,9166,1527
9235,9025,1722
9236,9219,1938
9237,9228,5187
9238,8083,2003
9239,2449,2166
9240,9117,9051
9241,5046,324
9242,8376,2153
9243,9069,3941
9244,9236,9037
9245,123,23
9246,8559,8355
9247,9226,812
9248,8754,5213
9249,8820,8679
9250,5135,952
9251,8737,5389
9252,2190,763
9253,4528,4218
9254,9053,8622
9255,8600,1808
9256,8819,4771
9257,9134,8508
9258,9150,7974
9259,4844,827
9260,9224,4676
9261,4775,3726
9262,2123,1318
9263,9155,546
9264,8094,2776
9265,9107,8231
9266,9128,9047
9267,8751,7957
9268,7870,4982
9269,2908,1684
9270,8472,1331
9271,8403,3512
9272,5979,649
9273,8626,4889
9274,5977,1997
9275,1817,1623
9276,8218,4909
9277,9067,8785
9278,8794,5256
9279,5713,1421
9280,1479,538
9281,9260,8975
9282,9244,8923
9283,1848,169
9284,9247,9021
9285,9209,8636
9286,9141,4773
9287,9281,5465
9288,3842,3408
9289,5996,2740
9290,9254,9101
9291,9161,9075
9292,8527,2447
9293,8987,8771
9294,7710,2460
9295,8937,8207
9296,9130,702
9297,9282,1781
9298,9229,5362
9299,9284,3572
9300,9297,8985
9301,4463,2177
9302,9094,3636
9303,9299,9265
9304,2899,2796
9305,8810,293
9306,4966,1929
9307,8573,5463
9308,2289,1483
9309,9300,8856
9310,9227,5227
9311,9237,9038
9312,9311,8922
9313,9048,735
9314,8889,5522
9315,2364,1231
9316,8885,802
9317,8862,5232
9318,9200,9129
9319,9231,4894
9320,9287,8660
9321,9108,2394
9322,9188,3194
9323,9050,3521
9324,3466,3076
9325,8343,2857
9326,9234,8562
9327,9296,8690
9328,4828,3454
9329,9210,8759
9330,2805,326
9331,4620,3987
9332,9171,8825
9333,9309,5443
9334,8957,8596
9335,9333,3593
9336,9335,1667
9337,3327,83
9338,8451,3242
9339,8888,8722
9340,9320,5417
9341,8991,2184
9342,9235,8837
9343,9336,4841
9344,8732,2285
9345,4938,3388
9346,9303,8799
9347,4289,4202
9348,9343,8986
9349,9078,2027
9350,8904,542
9351,5087,1853
9352,5220,925
9353,8928,3576
9354,5676,3853
9355,9149,900
9356,9058,820
9357,3341,2623
9358,9346,1078
9359,8918,8647
9360,9043,970
9361,1241,1088
9362,5095,1998
9363,9158,5335
9364,9348,1161
9365,5621,3414
9366,2901,2525
9367,4795,4745
9368,2695,2384
9369,8637,1475
9370,5410,2109
9371,9364,9310
9372,8977,1695
9373,9285,8730
9374,9167,2171
9375,8952,4152
9376,9191,8666
9377,8739,8599
9378,8860,1190
9379,9198,620
9380,5702,5642
9381,9061,8926
9382,8940,8913
9383,479,195
9384,9263,1528
9385,8463,5299
9386,8601,3328
9387,1921,764
9388,9225,5310
9389,8340,99
9390,8743,5110
9391,5071,3823
9392,8194,1058
9393,9371,706
9394,9304,2299
9395,3426,2203
9396,9175,8669
9397,4121,2655
9398,549,518
9399,920,700
9400,3109,2021
9401,8896,8144
9402,9358,2115
9403,9005,8790
9404,5755,2410
9405,9402,9089
9406,9137,2018
9407,9000,2708
9408,1476,1065
9409,9185,9143
9410,9302,1633
9411,4341,2342
9412,9327,8967
9413,3195,3149
9414,992,680
9415,2398,1974
9416,9405,2479
9417,9066,1106
9418,9393,2954
9419,1750,1637
9420,9326,8914
9421,9319,3656
9422,9416,749
9423,9073,8996
9424,1850,1578
9425,9119,1782
9426,9379,3676
9427,9039,8773
9428,9159,8980
9429,216,172
9430,1797,494
9431,9418,1584
9432,9422,9077
9433,8997,1844
9434,9062,3845
9435,9373,5089
9436,8999,8369
9437,9431,683
9438,8715,1525
9439,8420,3570
9440,5690,3223
9441,9363,9157
9442,9392,9298
9443,9432,8894
9444,1685,1595
9445,3368,2563
9446,1412,585
9447,9437,783
9448,9180,660
9449,8959,2900
9450,9340,9147
9451,9447,1264
9452,4307,2224
9453,8943,2931
9454,9290,8602
9455,9264,564
9456,9412,1829
9457,9221,1985
9458,5269,664
9459,9203,758
9460,5573,2355
9461,9421,8608
9462,9277,2859
9463,5578,3583
9464,9201,4848
9465,9420,5513
9466,5249,4503
9467,4545,2475
9468,2481,1636
9469,9451,9080
9470,8833,5416
9471,9220,5539
9472,9450,9374
9473,7692,3295
9474,9329,5131
9475,9441,1232
9476,6827,1360
9477,8817,8797
9478,9125,8648
9479,9442,9362
9480,9106,5273
9481,9470,5239
9482,8560,396
9483,9179,532
9484,9034,8854
9485,9197,8841
9486,9382,9367
9487,3848,1943
9488,8346,960
9489,9469,1610
9490,8721,1294
9491,9016,2950
9492,5735,2689
9493,9271,5005
9494,9461,8847
9495,198,125
9496,9276,2500
9497,9258,3647
9498,9376,1012
9499,9243,469
9500,8935,8644
9501,9489,627
9502,9164,9054
9503,9443,1864
9504,9196,2828
9505,7466,830
9506,9426,3216
9507,3489,153
9508,9501,9427
9509,9182,3522
9510,9503,9181
9511,9357,3177
9512,9322,8509
9513,9223,539
9514,9384,5093
9515,4407,4276
9516,9454,9396
9517,4644,2968
9518,5866,2049
9519,9510,1411
9520,8821,2612
9521,8906,887
9522,9099,8030
9523,9266,7830
9524,8445,399
9525,8925,526
9526,2440,2293
9527,9314,113
9528,9409,9091
9529,9519,9206
9530,8352,3272
9531,9238,262
9532,9390,2972
9533,9250,3834
9534,9257,4552
9535,9529,1374
9536,9508,9425
9537,9535,9381
9538,9074,1356
9539,9046,1344
9540,9123,1564
9541,5725,2445
9542,9114,9044
9543,9269,3421
9544,9465,9423
9545,9537,9462
9546,5619,3105
9547,9472,8829
9548,9378,9239
9549,9474,3637
9550,9536,1736
9551,9350,5424
9552,9545,3148
9553,9456,8968
9554,9491,492
9555,9090,2322
9556,9291,9024
9557,9556,752
9558,9547,4627
9559,8130,49
9560,9111,9033
9561,9255,276
9562,9305,1800
9563,9552,9249
9564,9563,2967
9565,5829,5654
9566,9313,842
9567,8953,2124
9568,4643,271
9569,9312,9015
9570,8455,2052
9571,9240,2946
9572,9124,5308
9573,9549,9448
9574,9104,9084
9575,9353,9133
9576,1307,667
9577,8936,1719
9578,8958,2627
9579,5986,3571
9580,3265,3112
9581,9110,873
9582,3605,3552
9583,9564,8782
9584,9332,5431
9585,9248,193
9586,8942,8387
9587,9233,1174
9588,9170,4851
9589,9558,5339
9590,9550,4730
9591,9301,8370
9592,9355,3607
9593,9583,2649
9594,9434,709
9595,9252,1373
9596,2370,1612
9597,9293,9029
9598,9589,2842
9599,9136,2028
9600,8879,1077
9601,766,731
9602,5370,3381
9603,9342,1148
9604,3267,2585
9605,9593,4876
9606,9055,3912
9607,9571,9540
9608,9339,8473
9609,9590,2589
9610,9598,8855
9611,5459,3704
9612,8603,1775
9613,9609,899
9614,4595,4207
9615,9126,8774
9616,9156,744
9617,9428,345
9618,4949,320
9619,4852,2927
9620,8558,711
9621,9486,9318
9622,9118,3330
9623,9307,3867
9624,5116,2728
9625,9605,9406
9626,9273,3443
9627,9494,896
9628,9594,9553
9629,8974,8575
9630,5543,4707
9631,9435,5640
9632,9613,2807
9633,9479,3519
9634,9574,581
9635,9452,1702
9636,9632,8869
9637,5544,1726
9638,9049,3696
9639,9256,5924
9640,9527,9498
9641,9544,2912
9642,9636,9517
9643,9554,2609
9644,9625,4541
9645,8983,5216
9646,9610,1278
9647,9646,9555
9648,9268,3664
9649,5662,2076
9650,9059,8934
9651,9573,9528
9652,9471,4169
9653,3444,3271
9654,9321,5526
9655,8930,4621
9656,5992,5990
9657,9644,9144
9658,2850,2024
9659,9407,9153
9660,4815,128
9661,9533,2249
9662,9642,1644
9663,8324,1197
9664,9417,8813
9665,1100,352
9666,9453,4358
9667,9279,1405
9668,9657,8576
9669,8961,3612
9670,9641,1981
9671,9662,5467
9672,9009,8590
9673,2290,607
9674,8901,372
9675,9286,795
9676,9627,2268
9677,9439,9372
9678,9668,3687
9679,9484,8988
9680,1130,841
9681,8984,678
9682,8639,3478
9683,2736,2663
9684,9386,2588
9685,9120,8313
9686,9497,8919
9687,9063,2441
9688,9499,9241
9689,9569,8981
9690,9410,9151
9691,9678,9251
9692,9670,4639
9693,9408,8487
9694,9671,9398
9695,8938,8796
9696,9621,845
9697,9168,8286
9698,9176,2172
9699,9274,5865
9700,9369,9218
9701,9516,9026
9702,2211,828
9703,4987,1703
9704,9633,893
9705,9584,3439
9706,2755,811
9707,4242,3713
9708,9694,5259
9709,9603,9316
9710,9455,9270
9711,9511,8464
9712,3240,3181
9713,9356,1074
9714,9003,4879
9715,9294,5638
9716,5140,4790
9717,932,183
9718,9691,9607
9719,282,127
9720,9060,4833
9721,8772,8269
9722,9663,3249
9723,9323,8877
9724,9692,9131
9725,9708,4660
9726,8742,4494
9727,9704,9483
9728,4449,3138
9729,9689,5887
9730,9475,1538
9731,8976,8840
9732,9725,2424
9733,3467,3139
9734,9732,895
9735,9585,2893
9736,3684,819
9737,9505,9087
9738,9718,9566
9739,5320,3988
9740,4567,4042
9741,9482,5959
9742,9414,9399
9743,9506,3450
9744,9705,3584
9745,9464,1142
9746,9659,3749
9747,9647,9504
9748,2820,918
9749,3116,2421
9750,9729,2723
9751,9734,1203
9752,2101,1000
9753,9730,5846
9754,9262,3008
9755,9686,9344
9756,9315,1570
9757,9639,9278
9758,4417,3498
9759,8898,3434
9760,9738,5341
9761,9626,9189
9762,9751,759
9763,9698,315
9764,9744,3592
9765,9002,2576
9766,9334,630
9767,9762,730
9768,9377,8537
9769,295,69
9770,9760,637
9771,5681,5674
9772,2952,2764
9773,8704,8384
9774,2065,1847
9775,9767,4171
9776,2013,1080
9777,9770,9753
9778,3355,3059
9779,3410,3337
9780,9747,5123
9781,9780,775
9782,9775,511
9783,3026,2660
9784,3883,1799
9785,9514,8806
9786,3879,3587
9787,9163,5627
9788,8525,1047
9789,9115,2209
9790,9628,747
9791,8931,3028
9792,9750,9523
9793,2949,2538
9794,9502,2431
9795,9781,5188
9796,9651,9042
9797,9204,2037
9798,9411,3118
9799,9676,9561
9800,5744,3344
9801,159,36
9802,9338,9178
9803,3237,3107
9804,4656,3012
9805,9570,2236
9806,9782,2433
9807,9796,9532
9808,9724,804
9809,9727,9433
9810,9806,5792
9811,9666,1500
9812,9534,2389
9813,5728,356
9814,9810,1364
9815,4721,2939
9816,4708,4445
9817,9631,9608
9818,9808,9032
9819,9743,9222
9820,9289,9246
9821,9795,688
9822,9152,9045
9823,9814,9317
9824,9823,1092
9825,5758,1343
9826,5656,1286
9827,9824,2235
9828,2117,673
9829,9509,8887
9830,9375,4615
9831,5408,374
9832,9122,656
9833,9701,5774
9834,9792,9481
9835,5745,2763
9836,9827,792
9837,9836,4516
9838,9822,5819
9839,9777,4636
9840,9679,2453
9841,9018,2882
9842,9216,1807
9843,9837,9640
9844,6691,4491
9845,9030,851
9846,8990,2734
9847,9839,9388
9848,1727,330
9849,9654,2490
9850,9587,619
9851,3973,3551
9852,9645,4748
9853,9581,9359
9854,9664,2569
9855,9616,1918
9856,5204,631
9857,9847,5997
9858,9723,9020
9859,9857,1822
9860,9790,9526
9861,5574,1495
9862,9818,9776
9863,9799,9748
9864,9859,9154
9865,9261,2830
9866,9349,4770
9867,9577,9559
9868,9638,9190
9869,4991,2631
9870,2770,1958
9871,9562,8755
9872,9715,9672
9873,9864,5033
9874,9490,5295
9875,9560,3096
9876,9764,3870
9877,9688,4102
9878,9809,679
9879,9843,2200
9880,8735,5923
9881,9873,9658
9882,9391,4161
9883,3157,1760
9884,9845,9821
9885,9597,757
9886,355,173
9887,9466,9459
9888,9879,9860
9889,4523,3589
9890,9884,8678
9891,1440,456
9892,9812,9755
9893,9145,1063
9894,8969,2809
9895,9548,1336
9896,9478,2904
9897,4357,4109
9898,9881,1920
9899,8788,1248
9900,9878,9675
9901,9862,2884
9902,9093,1387
9903,9325,3916
9904,5051,806
9905,4684,3535
9906,9773,9195
9907,2684,2578
9908,1289,1055
9909,9863,1724
9910,2779,1744
9911,9834,9513
9912,9898,8706
9913,9403,721
9914,9557,5672
9915,9817,8672
9916,9525,2664
9917,9617,2744
9918,9917,8946
9919,3358,2154
9920,4564,3250
9921,9205,188
9922,5396,3523
9923,9840,1268
9924,9492,9242
9925,9909,9855
9926,9542,4645
9927,9912,724
9928,2055,1169
9929,9485,1931
9930,9468,2540
9931,9387,1053
9932,9888,9592
9933,9876,9643
9934,3891,1962
9935,1038,760
9936,9794,9606
9937,9927,9588
9938,9785,9419
9939,9938,5667
9940,9693,9337
9941,9802,9709
9942,9819,9531
9943,9937,5380
9944,9623,4096
9945,9512,2451
9946,9783,3363
9947,2966,818
9948,9370,826
9949,9600,9040
9950,4760,2239
9951,9943,2791
9952,9699,9615
9953,9951,9186
9954,9830,9681
9955,9380,926
9956,9267,5611
9957,9424,3156
9958,9650,9401
9959,9690,3843
9960,9766,4176
9961,8851,4527
9962,9460,2435
9963,2984,1663
9964,9687,816
9965,432,163
9966,9932,2358
9967,5536,976
9968,2484,26
9969,9953,867
9970,9969,4732
9971,9966,2373
9972,5668,2000
9973,9915,3315
9974,2201,1102
9975,9890,969
9976,9629,1874
9977,9885,5643
9978,9850,9436
9979,9901,5966
9980,9887,9807
9981,9360,3253
9982,5658,1871
9983,1662,482
9984,4885,4629
9985,9973,5841
9986,4808,727
9987,9895,9696
9988,3482,3349
9989,9970,914
9990,9457,8173
9991,9596,9595
9992,9989,9352
9993,1031,937
9994,4211,1915
9995,2277,1110
9996,9172,3486
9997,9975,1975
9998,9959,9731
9999,9674,1488
10000,8658,1680
10001,9493,7725
10002,9971,520
10003,8824,1664
10004,2122,162
10005,9992,3302
10006,9870,5247
10007,10005,1699
10008,9586,9496
10009,5557,4311
10010,9673,4405
10011,9979,9538
10012,9745,5484
10013,9582,9194
10014,9791,9710
10015,8875,1303
10016,9677,4823
10017,10007,9230
10018,9787,9635
10019,5556,5021
10020,1935,1485
10021,10017,1200
10022,9978,9576
10023,9530,3175
10024,9476,8349
10025,3304,364
10026,4849,3933
10027,3979,3939
10028,9833,912
10029,9742,882
10030,4626,1326
10031,10002,1899
10032,9618,45
10033,5588,3089
10034,9900,1555
10035,9911,9789
10036,10035,5786
10037,9660,9330
10038,9739,5457
10039,2428,1541
10040,9985,2875
10041,8831,7462
10042,10021,9757
10043,9280,615
10044,10031,905
10045,10044,9720
10046,1198,140
10047,9914,9521
10048,9924,561
10049,9761,9578
10050,5736,3245
10051,1448,1235
10052,10028,4144
10053,10042,9551
10054,9487,844
10055,9184,4431
10056,2730,773
10057,10045,4765
10058,9008,2272
10059,5250,2113
10060,9331,2334
10061,5485,4048
10062,9652,5705
10063,3786,2772
10064,3934,1621
10065,9027,8989
10066,9945,9567
10067,9825,8651
10068,10011,699
10069,9939,9500
10070,10034,2579
10071,9541,2014
10072,3980,533
10073,3430,1717
10074,9997,2333
10075,4900,595
10076,9820,9682
10077,5142,90
10078,9835,5255
10079,9956,9683
10080,9866,9394
10081,3861,1330
10082,9931,3534
10083,927,922
10084,9868,9568
10085,10040,4309
10086,9624,9539
10087,4859,2012
10088,10053,4963
10089,10057,9977
10090,10088,1547
10091,4046,703
10092,10090,666
10093,10068,1884
10094,5615,2002
10095,9749,1956
10096,10012,9306
10097,10036,2840
10098,4786,4506
10099,2482,881
10100,10089,994
10101,4806,603
10102,4546,3362
10103,9786,9488
10104,9923,9661
10105,9871,3627
10106,9345,4942
10107,10092,9680
10108,10107,10097
10109,3320,997
10110,10077,9295
10111,9341,4024
10112,9121,1270
10113,9980,3748
10114,10052,10047
10115,5570,2817
10116,10100,3609
10117,9737,3465
10118,2400,2194
10119,4465,4322
10120,5840,3520
10121,9713,3145
10122,9952,9851
10123,5687,417
10124,10060,9942
10125,9903,9653
10126,10116,1245
10127,9933,9546
10128,9852,9138
10129,8849,5184
10130,4998,485
10131,10074,884
10132,10085,1196
10133,9987,9925
10134,9954,9892
10135,9801,8818
10136,9579,3352
10137,9981,9874
10138,9828,9714
10139,10008,1550
10140,7996,1153
10141,3040,486
10142,10131,9685
10143,10093,1001
10144,9477,2956
10145,10070,9740
10146,9891,1240
10147,4886,1712
10148,9612,1718
10149,9853,9741
10150,2804,2230
10151,10108,965
10152,9702,907
10153,10126,670
10154,4605,2624
10155,9444,9385
10156,9637,1593
10157,2198,1341
10158,8612,3282
10159,9926,934
10160,10153,2427
10161,2038,560
10162,10160,2971
10163,9354,648
10164,10162,829
10165,10142,707
10166,10145,1999
10167,5088,3595
10168,10084,9846
10169,8067,2977
10170,9565,9446
10171,10164,2808
10172,4459,4328
10173,9389,3176
10174,3106,362
10175,9601,767
10176,9960,9804
10177,10022,1597
10178,9098,8552
10179,9575,1653
10180,9292,4609
10181,10132,2725
10182,10165,4619
10183,10171,9848
10184,10183,9695
10185,10143,10113
10186,10151,9619
10187,9520,431
10188,10182,1688
10189,9854,4557
10190,5476,1996
10191,10029,9805
10192,9936,5989
10193,10186,2999
10194,2288,645
10195,9700,908
10196,3603,340
10197,8481,5837
10198,9728,9057
10199,10124,5139
10200,2402,1277
10201,4290,2873
10202,10193,4381
10203,10056,9655
10204,9768,3188
10205,10177,9918
10206,9634,4842
10207,9232,105
10208,1849,85
10209,10096,9849
10210,9092,3968
10211,10184,875
10212,10062,9921
10213,9894,9882
10214,10111,9788
10215,9875,5521
10216,9215,289
10217,2053,1954
10218,9735,1738
10219,2173,1089
10220,10211,10133
10221,9288,1723
10222,8823,2713
10223,10202,5550
10224,9667,813
10225,9832,9515
10226,3142,2196
10227,9649,4819
10228,10039,1640
10229,9259,2553
10230,10223,2100
10231,10230,2735
10232,10181,4084
10233,9976,5282
10234,10231,1765
10235,10018,2834
10236,10166,10038
10237,9602,799
10238,9772,9665
10239,405,338
10240,10188,5497
10241,9798,1514
10242,2855,608
10243,9591,1205
10244,10204,8924
10245,10127,9856
10246,10234,2119
10247,9746,2674
10248,10246,5150
10249,10185,9955
10250,9929,4916
10251,9572,4864
10252,10248,769
10253,9765,2703
10254,9913,2951
10255,9697,9684
10256,10049,2924
10257,4993,2267
10258,5984,2305
10259,10252,9253
10260,3758,3053
10261,10192,5914
10262,9958,4386
10263,10259,9842
10264,9797,1618
10265,5732,2913
10266,9518,5581
10267,10137,3888
10268,8734,967
10269,10236,10082
10270,9139,35
10271,9415,5935
10272,9994,2397
10273,10101,9902
10274,10263,1273
10275,9756,509
10276,9964,174
10277,10274,10006
10278,10232,9944
10279,9429,3
10280,10277,857
10281,10280,634
10282,10281,10249
10283,9841,2915
10284,2261,1882
10285,10189,9904
10286,10199,10180
10287,10220,3690
10288,9999,1178
10289,9726,9413
10290,10240,487
10291,10290,10157
10292,10024,447
10293,9893,1583
10294,9865,522
10295,10287,894
10296,10286,9480
10297,10032,4304
10298,10295,2161
10299,10041,8664
10300,9703,2762
10301,9872,2359
10302,3422,2919
10303,10122,1300
10304,10298,1490
10305,10235,10228
10306,5433,2377
10307,7811,265
10308,10010,9754
10309,483,301
10310,10304,10026
10311,9941,552
10312,9771,2469
10313,10048,1112
10314,10114,2212
10315,1260,618
10316,10233,3200
10317,2571,537
10318,10245,5236
10319,9883,264
10320,2653,1465
10321,9896,9308
10322,3528,1554
10323,5605,2381
10324,4356,2407
10325,9998,2715
10326,10285,10016
10327,9877,8971
10328,4888,3938
10329,10267,5344
10330,9165,2316
10331,3371,823
10332,5816,2283
10333,10310,514
10334,9996,9961
10335,10282,1482
10336,10119,9614
10337,10149,9811
10338,10139,9733
10339,10064,1509
10340,10318,9438
10341,10155,10079
10342,3207,3144
10343,10333,9962
10344,10001,4999
10345,10315,10191
10346,9473,3445
10347,9522,9096
10348,10291,1015
10349,9404,3906
10350,10314,3893
10351,9351,2704
10352,4193,2575
10353,9347,1751
10354,10218,10175
10355,10343,868
10356,9160,5987
10357,10152,10104
10358,10015,5215
10359,10355,531
10360,10262,2062
10361,4662,2089
10362,1902,5
10363,10325,2292
10364,2325,2225
10365,9986,3092
10366,10348,1081
10367,10247,9648
10368,10367,9906
10369,10256,3553
10370,4740,4532
10371,10359,9838
10372,10055,4680
10373,10206,2839
10374,10269,931
10375,10264,2748
10376,10350,10225
10377,9844,250
10378,9831,2838
10379,10288,4502
10380,9784,1629
10381,10121,4948
10382,10058,9463
10383,3784,1404
10384,9507,5885
10385,2959,2940
10386,8386,27
10387,472,206
10388,2591,394
10389,4989,3013
10390,10300,10043
10391,10176,10098
10392,10335,3564
10393,10311,3507
10394,10069,1801
10395,10371,5102
10396,10103,2862
10397,10301,5951
10398,10395,9717
10399,10374,723
10400,9949,3420
10401,10392,9458
10402,9779,3411
10403,9543,1284
10404,4460,4209
10405,10398,10187
10406,9815,2648
10407,9829,9467
10408,10030,4515
10409,10009,5704
10410,10401,10095
10411,10353,2870
10412,5682,1335
10413,10410,9995
10414,2617,1143
10415,10278,4363
10416,10366,10195
10417,10405,903
10418,10351,4956
10419,10413,5382
10420,10393,10345
10421,9112,2382
10422,3503,646
10423,10134,1731
10424,10423,10078
10425,5639,1397
10426,9778,4052
10427,2448,999
10428,9940,2442
10429,10305,9991
10430,2987,2814
10431,10203,671
10432,10417,9993
10433,2159,855
10434,9622,4579
10435,10250,10023
10436,10380,10020
10437,10179,9957
10438,10399,3513
10439,10071,5891
10440,10419,5552
10441,10440,3975
10442,9722,2545
10443,10394,9800
10444,10169,2614
10445,10094,4164
10446,1043,515
10447,1261,1176
10448,9919,2205
10449,10441,2257
10450,10416,10357
10451,2813,1960
10452,10172,4229
10453,10449,10156
10454,2001,713
10455,10432,10072
10456,10424,4501
10457,10313,5707
10458,10379,10099
10459,384,19
10460,10212,9213
10461,10106,4810
10462,10455,557
10463,2586,2498
10464,9173,1444
10465,8886,5892
10466,10321,9328
10467,10462,1208
10468,10456,2784
10469,10260,684
10470,10112,2016
10471,10453,3565
10472,10251,1987
10473,10438,2630
10474,10276,3065
10475,863,675
10476,10467,10450
10477,1491,1486
10478,2865,2562
10479,10302,3343
10480,311,244
10481,10297,131
10482,8659,8157
10483,10238,1271
10484,10303,10237
10485,9395,4596
10486,10415,10376
10487,9916,945
10488,10129,653
10489,5073,3001
10490,120,100
10491,10431,10296
10492,10468,9774
10493,10443,1909
10494,10135,9070
10495,10473,4637
10496,2831,2468
10497,8188,329
10498,10471,974
10499,10498,1469
10500,10205,4661
10501,10377,9283
10502,10458,2491
10503,10340,964
10504,10499,10495
10505,10243,1978
10506,10363,9759
10507,10397,9982
10508,5223,3790
10509,580,536
10510,9858,1893
10511,10457,9930
10512,10391,4428
10513,9984,2937
10514,10504,810
10515,10275,1673
10516,5307,4195
10517,10268,4817
10518,10369,10322
10519,5337,1836
10520,10503,10349
10521,10168,9275
10522,10080,10076
10523,9867,2697
10524,3807,1683
10525,2067,1524
10526,3326,2399
10527,10221,2396
10528,10065,8496
10529,9445,2765
10530,10254,9630
10531,9935,1887
10532,10418,9972
10533,10514,2981
10534,10337,9620
10535,3604,3577
10536,2048,958
10537,2229,1988
10538,9947,9816
10539,10435,8767
10540,2824,2769
10541,10105,2262
10542,10158,3477
10543,4027,1732
10544,10533,1770
10545,10439,10146
10546,10037,638
10547,9752,3333
10548,8998,1627
10549,5122,2982
10550,10396,10214
10551,10493,10130
10552,9905,4822
10553,10253,9599
10554,10484,9880
10555,10476,10373
10556,10375,10261
10557,3997,1553
10558,10500,10014
10559,5952,2063
10560,10173,10144
10561,9813,3451
10562,10544,551
10563,10562,10429
10564,9449,1139
10565,10272,9899
10566,10507,10442
10567,2741,573
10568,5111,521
10569,9793,3737
10570,9736,5659
10571,10110,4649
10572,3677,2179
10573,10510,10128
10574,771,284
10575,10563,10381
10576,10150,10066
10577,9669,3857
10578,10541,10138
10579,10445,5932
10580,391,323
10581,10551,9908
10582,10201,2128
10583,1896,1713
10584,3485,919
10585,10547,4287
10586,9758,1049
10587,9950,2737
10588,10428,1767
10589,1501,445
10590,10528,3453
10591,10174,4348
10592,9187,3113
10593,10518,2025
10594,5978,1659
10595,10558,9716
10596,10219,3491
10597,10407,4862
10598,10224,9366
10599,10033,737
10600,10575,3793
10601,5221,3688
10602,10600,10512
10603,10115,5519
10604,10486,10382
10605,10602,10578
10606,10372,2639
10607,10338,9169
10608,3301,1846
10609,10520,10329
10610,10400,10308
10611,10271,1753
10612,10511,9928
10613,9910,1687
10614,10170,5334
10615,10283,4249
10616,10312,9763
10617,10120,9948
10618,5610,647
10619,4281,2004
10620,10387,230
10621,10292,4648
10622,10336,9869
10623,10437,10091
10624,10605,1861
10625,1733,1124
10626,10279,366
10627,10255,9324
10628,1977,1392
10629,10216,1948
10630,10289,9990
10631,10595,10555
10632,10293,898
10633,5593,3284
10634,10210,9963
10635,10309,10215
10636,4995,2242
10637,10213,3545
10638,10470,10341
10639,10420,10358
10640,10624,10483
10641,3166,3005
10642,10640,9604
10643,10631,478
10644,2914,1057
10645,10067,4981
10646,10265,1526
10647,4240,2650
10648,10178,221
10649,9803,3031
10650,10521,10347
10651,10491,617
10652,4562,4526
10653,3714,3390
10654,10576,10487
10655,10163,798
10656,8995,2140
10657,5381,1406
10658,5926,3733
10659,9495,488
10660,10506,1517
10661,10472,5406
10662,10661,1228
10663,10102,1725
10664,10637,10209
10665,10642,10488
10666,10614,10270
10667,10553,10330
10668,10258,10148
10669,9368,1506
10670,4559,2499
10671,10643,10489
10672,10492,4522
10673,10556,1970
10674,10229,2790
10675,10671,1135
10676,9967,1157
10677,9397,385
10678,10474,869
10679,10073,2437
10680,9920,9430
10681,10672,10550
10682,10117,9580
10683,10087,1462
10684,10665,10609
10685,10434,981
10686,5044,625
10687,3281,1121
10688,1105,689
10689,10159,4653
10690,10560,1843
10691,2330,2217
10692,2675,2208
10693,9524,3766
10694,5795,3833
10695,10194,4853
10696,10316,9707
10697,10675,10515
10698,10697,10354
10699,10660,10448
10700,10552,10327
10701,3199,3000
10702,10648,82
10703,10685,10530
10704,10566,3608
10705,5766,5030
10706,2916,1650
10707,10461,10332
10708,10523,10013
10709,10075,4742
10710,4028,1254
10711,10651,10632
10712,3840,404
10713,10698,809
10714,10689,5898
10715,10597,5650
10716,10612,10161
10717,10509,10317
10718,10684,1900
10719,10466,3463
10720,2869,1255
10721,4868,3693
10722,10718,10436
10723,10639,2754
10724,5831,2975
10725,10593,10505
10726,10545,10444
10727,9711,9174
10728,10615,10517
10729,10508,5628
10730,10588,2618
10731,2336,2121
10732,9177,1533
10733,10540,10141
10734,359,235
10735,4550,1443
10736,2622,1458
10737,10713,786
10738,10737,951
10739,10581,10522
10740,10242,9721
10741,10546,10463
10742,5946,1036
10743,10548,4980
10744,10740,1873
10745,10623,10621
10746,10244,2274
10747,10673,9988
10748,5798,5532
10749,4232,3927
10750,10454,10390
10751,4145,3673
10752,10654,10534
10753,10535,834
10754,10722,1138
10755,10604,10360
10756,10754,10054
10757,10716,10257
10758,10485,5791
10759,10538,10469
10760,3732,575
10761,10284,2043
10762,10591,10086
10763,10411,3097
10764,2659,1534
10765,10700,10198
10766,10573,2092
10767,10723,10425
10768,10664,948
10769,10756,10635
10770,2320,1162
10771,10699,10594
10772,10352,10344
10773,1879,1447
10774,10241,4832
10775,2892,1937
10776,10539,4593
10777,10409,4162
10778,1930,1512
10779,10433,720
10780,5962,4071
10781,2307,2275
10782,10767,10736
10783,10607,10326
10784,10426,2696
10785,10430,3864
10786,885,597
10787,10299,1940
10788,10768,4401
10789,959,956
10790,10769,10572
10791,10662,2777
10792,10790,10190
10793,10339,5177
10794,10682,10529
10795,10792,1332
10796,10266,4265
10797,3152,3060
10798,10384,5620
10799,10795,10730
10800,3473,349
10801,10711,939
10802,10606,4713
10803,10502,1056
10804,3866,971
10805,10738,642
10806,10805,2556
10807,10617,10554
10808,10227,10059
10809,10408,10273
10810,10799,10747
10811,10638,1259
10812,10806,2506
10813,9719,9383
10814,10670,3461
10815,4753,2135
10816,9440,8606
10817,10677,8746
10818,10812,591
10819,10571,10389
10820,4750,3541
10821,2531,1949
10822,9974,8631
10823,10810,5496
10824,10823,5462
10825,10000,2752
10826,10824,10706
10827,10818,5157
10828,10827,10719
10829,10532,2795
10830,1045,455
10831,10611,2887
10832,10755,10460
10833,3370,3091
10834,10828,10154
10835,10681,4944
10836,10835,10826
10837,4698,1171
10838,10587,4222
10839,4569,4518
10840,10708,9079
10841,4799,3798
10842,10757,10668
10843,3518,2026
10844,10834,10568
10845,10025,3124
10846,10140,4685
10847,10758,3120
10848,10368,2794
10849,10564,2549
10850,10844,5355
10851,2341,2151
10852,4788,636
10853,3573,1432
10854,10848,10569
10855,10592,3623
10856,10645,2005
10857,10811,2471
10858,10836,633
10859,10793,4296
10860,10239,10125
10861,10858,1812
10862,10861,3757
10863,10772,10570
10864,10862,2195
10865,10694,10370
10866,2158,14
10867,10864,5486
10868,10598,10334
10869,10770,574
10870,10650,2520
10871,10527,3901
10872,10669,4633
10873,10147,2548
10874,5953,5772
10875,3558,2598
10876,10385,9611
10877,10850,10226
10878,9365,2668
10879,10867,10829
10880,10879,10803
10881,10771,5998
10882,10782,10739
10883,10743,10690
10884,10763,1172
10885,10585,4456
10886,10320,10306
10887,10525,9968
10888,10477,946
10889,10831,10616
10890,10714,890
10891,5314,5086
10892,10403,1866
10893,5498,2845
10894,10721,10402
10895,10880,2667
10896,10629,9400
10897,9245,2528
10898,2797,98
10899,10422,4872
10900,10877,853
10901,10900,652
10902,10707,10678
10903,968,681
10904,10895,530
10905,10222,9361
10906,10787,10583
10907,10904,5312
10908,10766,609
10909,10901,10837
10910,10801,10746
10911,10832,5993
10912,2066,738
10913,10531,2521
10914,10798,10788
10915,10565,682
10916,10625,5207
10917,10196,181
10918,10726,10633
10919,10776,10622
10920,4554,1865
10921,10676,10579
10922,10744,10063
10923,10907,2452
10924,10909,10789
10925,10924,10841
10926,10608,3915
10927,10050,2793
10928,10923,854
10929,10925,535
10930,10928,10446
10931,10857,1905
10932,5287,5113
10933,10881,1632
10934,10644,10406
10935,10780,1202
10936,3072,154
10937,10906,10628
10938,2603,921
10939,10526,10383
10940,10703,10427
10941,10930,519
10942,10929,4714
10943,10559,2281
10944,10479,1617
10945,10807,1419
10946,10830,10464
10947,10941,10475
10948,2519,1252
10949,10589,242
10950,182,11
10951,10710,9934
10952,10947,10945
10953,10942,1947
10954,10953,10497
10955,5079,2560
10956,3789,2698
10957,10590,10027
10958,10750,4920
10959,10933,10717
10960,10451,4925
10961,10421,4782
10962,10931,10586
10963,10873,780
10964,9706,1851
10965,10870,3455
10966,10954,697
10967,10657,10627
10968,10952,9965
10969,10378,2132
10970,10680,2350
10971,10968,2610
10972,10307,10208
10973,10728,10666
10974,10971,10557
10975,10599,10294
10976,10720,10636
10977,10966,10567
10978,10914,10802
10979,10977,10958
10980,10974,10959
10981,10118,3969
10982,10979,10735
10983,10765,4446
10984,10882,10859
10985,4837,4153
10986,5264,2526
10987,10980,10783
10988,10613,1771
10989,10365,10323
10990,10913,5137
10991,4951,4665
10992,10976,4791
10993,10866,4064
10994,10797,5338
10995,10478,696
10996,10833,4892
10997,10910,4521
10998,10004,5481
10999,10982,693
11000,10999,5193
11001,10915,10646
11002,10911,10652
11003,11002,10465
11004,10987,817
11005,10346,4255
11006,10524,3660
11007,5454,4776
11008,11004,2114
11009,10854,5179
11010,11000,1792
11011,10386,158
11012,11010,9946
11013,10610,1401
11014,10452,3723
11015,10674,2692
11016,10819,10785
11017,10816,10752
11018,10745,5048
11019,11008,9889
11020,3241,2178
11021,10003,4774
11022,10938,10536
11023,11003,5879
11024,10918,10889
11025,11012,2803
11026,11025,807
11027,3641,1399
11028,2731,40
11029,10846,4223
11030,10890,2492
11031,11030,10725
11032,10494,10217
11033,11026,1604
11034,10888,1791
11035,2291,911
11036,3640,3546
11037,11036,7791
11038,11019,1212
11039,11038,1910
11040,1418,1246
11041,11039,5436
11042,2783,463
11043,9983,4855
11044,11041,11007
11045,10794,10123
11046,10686,4824
11047,10761,2246
11048,11044,1608
11049,5510,4555
11050,10727,4652
11051,10908,10207
11052,11048,10935
11053,11052,2419
11054,10647,5549
11055,5649,5326
11056,4953,294
11057,4598,3159
11058,11053,883
11059,10709,556
11060,11014,5901
11061,10679,3406
11062,11058,3027
11063,10983,10658
11064,11062,10596
11065,11033,10903
11066,11023,10951
11067,10825,5080
11068,5152,3416
11069,10704,471
11070,10481,2647
11071,10791,4971
11072,9897,3559
11073,10875,10773
11074,11064,1416
11075,10984,9907
11076,10967,10741
11077,10962,10842
11078,5737,3741
11079,11074,10899
11080,11018,2568
11081,10774,10724
11082,3034,2786
11083,11079,11001
11084,11065,961
11085,11084,11075
11086,10995,10885
11087,10447,4538
11088,11069,10872
11089,11066,4860
11090,10955,2611
11091,10970,10136
11092,10808,10200
11093,11083,5160
11094,1010,222
11095,10965,4913
11096,10618,10331
11097,2822,65
11098,11085,3830
11099,10324,2031
11100,4247,1276
11101,10630,10542
11102,10634,3990
11103,10884,4978
11104,11093,10847
11105,5206,687
11106,10920,2747
11107,1366,1262
11108,11104,5761
11109,11108,10868
11110,10927,10902
11111,11098,5451
11112,2963,2768
11113,1911,1290
11114,11045,10997
11115,10921,1867
11116,4505,753
11117,2775,1755
11118,5950,897
11119,10853,10582
11120,11109,10934
11121,11089,10863
11122,5579,1413
11123,11120,10655
11124,11077,10742
11125,10786,4918
11126,3644,1383
11127,11111,663
11128,10619,5191
11129,10692,2392
11130,11123,2574
11131,11050,10653
11132,11130,4690
11133,11132,10926
11134,10894,3412
11135,10459,379
11136,11133,774
11137,5347,1086
11138,11031,10820
11139,10775,2029
11140,725,641
11141,10667,1990
11142,10972,10840
11143,10940,10659
11144,5251,2645
11145,11136,1837
11146,10897,388
11147,11145,616
11148,11147,1467
11149,10973,10856
11150,11148,11055
11151,11150,2502
11152,10362,10319
11153,11127,3815
11154,11153,10963
11155,11154,3525
11156,11155,570
11157,10712,458
11158,2918,1025
11159,10809,2073
11160,5309,1992
11161,11076,5159
11162,10975,10759
11163,11151,5025
11164,11163,10960
11165,5178,4831
11166,5101,2846
11167,11164,10871
11168,1730,245
11169,10715,3563
11170,4068,48
11171,11156,11034
11172,11171,583
11173,9861,1301
11174,11121,10891
11175,11167,2238
11176,2473,2182
11177,11175,10061
11178,11059,10804
11179,11177,835
11180,11179,10992
11181,11081,1828
11182,11095,10696
11183,11110,3772
11184,4132,1794
11185,10561,2558
11186,11180,832
11187,2532,998
11188,11073,11017
11189,11186,996
11190,10796,10733
11191,11189,11124
11192,10986,755
11193,11056,4838
11194,11138,10937
11195,10480,794
11196,11172,3946
11197,11196,2554
11198,11197,11140
11199,11198,369
11200,11191,1090
11201,11080,10705
11202,11051,3816
11203,11199,891
11204,11203,11188
11205,11015,10838
11206,10916,600
11207,11141,2766
11208,3214,2347
11209,10969,57
11210,11200,11119
11211,11009,10663
11212,11134,11013
11213,11210,4821
11214,11213,1293
11215,11181,2365
11216,10946,9826
11217,10981,4227
11218,3965,3219
11219,11185,2672
11220,11204,11090
11221,10732,2434
11222,11220,11102
11223,11222,2474
11224,11214,3537
11225,5108,3268
11226,11182,11174
11227,10876,10764
11228,10649,4520
11229,10917,10083
11230,11020,1630
11231,5871,4610
11232,11224,11092
11233,11114,10328
11234,10978,10905
11235,11232,5225
11236,10388,5768
11237,11100,10543
11238,10988,10822
11239,11223,11035
11240,11235,1720
11241,11240,568
11242,11241,11206
11243,11239,2425
11244,11243,2401
11245,11242,11022
11246,11244,5346
11247,11217,11016
11248,11247,10919
11249,10821,3516
11250,4800,852
11251,10843,10779
11252,11005,10751
11253,11245,10887
11254,11253,10922
11255,10695,9656
11256,10693,4415
11257,11254,5228
11258,11103,2903
11259,4722,947
11260,10702,10501
11261,10051,60
11262,5231,3957
11263,4374,978
11264,11211,10883
11265,10839,4575
11266,3045,1769
11267,5614,840
11268,10691,5328
11269,10898,290
11270,2774,421
11271,11257,569
11272,11246,10998
11273,11272,11086
11274,11234,11105
11275,11233,566
11276,2719,489
11277,5530,4081
11278,11139,11024
11279,10734,116
11280,11271,10342
11281,11273,10990
11282,10753,4847
11283,11281,10993
11284,11280,11201
11285,11207,11144
11286,11275,11143
11287,11183,5017
11288,10855,4469
11289,11088,18
11290,11161,10414
11291,10817,10046
11292,1223,1165
11293,3567,611
11294,11284,10989
11295,10964,654
11296,11294,10878
11297,11283,4672
11298,11297,674
11299,10800,5999
11300,11122,11070
11301,11215,756
11302,10601,10019
11303,11298,695
11304,11303,910
11305,861,676
11306,2054,239
11307,10996,3217
11308,10869,4702
11309,11296,11115
11310,3167,3163
11311,11304,2418
11312,437,50
11313,10944,10865
11314,10513,3586
11315,11289,11049
11316,3800,2974
11317,11290,11159
11318,5038,821
11319,11311,582
11320,11309,11040
11321,11319,11067
11322,11202,11149
11323,10948,4854
11324,11320,10778
11325,11324,10815
11326,11212,11131
11327,11321,733
11328,11327,2619
11329,11278,11042
11330,10892,2592
11331,11325,732
11332,11331,505
11333,11128,11101
11334,2444,516
11335,11332,11300
11336,10762,2351
11337,11107,1773
11338,11335,2517
11339,10748,10197
11340,2843,2666
11341,11328,2986
11342,11341,1140
11343,11342,2756
11344,11343,5035
11345,10687,3796
11346,4478,3872
11347,11344,1027
11348,10994,2733
11349,11061,5784
11350,11285,10580
11351,10356,2789
11352,11338,2732
11353,10852,632
11354,11352,4589
11355,11354,0
11356,11322,11166
11357,11264,11032
11358,11355,3886
11359,1103,661
11360,5458,3425
11361,11082,5483
11362,11190,4921
11363,10167,10081
11364,11358,11301
11365,11226,4975
11366,4861,1845
11367,11364,11305
11368,11347,2362
11369,11165,10886
11370,11367,2527
11371,1869,1635
11372,11368,5505
11373,11365,2415
11374,11238,10949
11375,11282,11046
11376,11091,10849
11377,10784,10519
11378,11370,4303
11379,11378,5371
11380,11372,11192
11381,10549,10482
11382,11381,11071
11383,9712,4731
11384,4827,4711
11385,11380,612
11386,11385,543
11387,11386,4631
11388,11379,1754
11389,11388,11333
11390,11087,10939
11391,10874,2504
11392,10814,3678
11393,11287,2137
11394,11387,5183
11395,10860,10490
11396,11389,11221
11397,11043,10404
11398,5726,950
11399,11394,11268
11400,11326,5781
11401,577,507
11402,11094,2876
11403,11037,3680
11404,11399,2058
11405,11258,4129
11406,11396,644
11407,11306,11194
11408,11277,1565
11409,5694,376
11410,11404,11350
11411,11406,11255
11412,10912,2356
11413,3759,1518
11414,11411,5897
11415,11410,11158
11416,11415,2581
11417,2998,2607
11418,11416,11162
11419,11096,5430
11420,11414,11187
11421,11169,3111
11422,11420,770
11423,11422,4787
11424,11423,11315
11425,10813,1480
11426,11418,11274
11427,5293,2894
11428,11373,5394
11429,11393,11116
11430,4946,3724
11431,11256,11209
11432,11195,2934
11433,11356,11146
11434,11173,4758
11435,11424,11353
11436,11063,5393
11437,2815,2518
11438,10961,5084
11439,11438,10731
11440,11029,2718
11441,3838,3739
11442,11265,11006
11443,11099,1809
11444,3497,1813
11445,11426,10496
11446,11357,2670
11447,11435,11248
11448,11129,10943
11449,11237,1944
11450,11336,4234
11451,11229,5409
11452,11142,9769
11453,11395,11286
11454,11453,10760
11455,11447,11178
11456,11445,1070
11457,11446,1961
11458,11068,3760
11459,11455,4884
11460,11459,3568
11461,11349,2315
11462,11429,11251
11463,11405,10364
11464,11216,5040
11465,11460,11384
11466,3935,550
11467,11317,11205
11468,10656,1158
11469,11428,11361
11470,10688,5003
11471,11227,10603
11472,1858,1377
11473,11462,11456
11474,11323,2722
11475,11465,787
11476,11475,3566
11477,10577,3720
11478,11219,11112
11479,11228,3066
11480,1888,525
11481,11339,2922
11482,11476,3252
11483,11193,2985
11484,11482,1179
11485,11484,2284
11486,11473,1696
11487,11486,833
11488,11487,11329
11489,11450,11407
11490,11400,11152
11491,11392,3401
11492,11118,2944
11493,3468,1256
11494,11461,11267
11495,11454,10936
11496,11452,10896
11497,4719,2749
11498,11485,11448
11499,11479,11377
11500,11488,11259
11501,11500,11113
11502,11047,797
11503,11501,1764
11504,11503,1574
11505,11495,5842
11506,11374,11310
11507,11498,11135
11508,11218,3119
11509,3783,980
11510,11463,11375
11511,11421,11078
11512,11269,5460
11513,2059,502
11514,11507,555
11515,11514,11313
11516,11436,10957
11517,11516,11060
11518,11106,11028
11519,11504,11292
11520,10626,10620
11521,2818,1652
11522,11515,3357
11523,11314,11295
11524,11469,10777
11525,11524,3099
11526,11522,11489
11527,11449,11288
11528,11054,1705
11529,1946,1487
11530,11340,2041
11531,11457,986
11532,11531,11291
11533,11276,3321
11534,11376,9272
11535,11526,11494
11536,11535,1288
11537,4306,2596
11538,11506,11496
11539,11525,3955
11540,11125,10956
11541,11442,11027
11542,11262,4651
11543,5258,3731
11544,11072,2702
11545,11536,11409
11546,11545,11412
11547,2906,2710
11548,11444,11330
11549,11533,11519
11550,11546,2077
11551,11302,5928
11552,9922,3614
11553,10893,2363
11554,11550,11236
11555,4156,665
11556,11505,10845
11557,11539,3809
11558,11401,11170
11559,11307,10991
11560,10412,5940
11561,11523,11474
11562,2991,2516
11563,11293,450
11564,11549,2758
11565,11564,11097
11566,11565,512
11567,11541,2694
11568,11250,788
11569,11566,4638
11570,3474,3025
11571,11554,621
11572,11571,11510
11573,11441,11318
11574,10574,3828
11575,11569,2628
11576,11575,677
11577,11572,1115
11578,11577,1222
11579,10683,628
11580,11437,11408
11581,11576,584
11582,11581,11532
11583,11578,5158
11584,11583,11231
11585,11584,1573
11586,11369,11351
11587,11556,11157
11588,11585,11308
11589,11588,11451
11590,11502,2898
11591,11499,11208
11592,11425,11402
11593,11538,726
11594,11557,4834
11595,11594,2879
11596,11589,2321
11597,11595,10701
11598,11596,11472
11599,11467,2890
11600,11598,4820
11601,11478,2214
11602,11582,1698
11603,11440,2204
11604,11431,5372
11605,2930,1522
11606,11602,690
11607,11362,8807
11608,11261,7658
11609,11606,11137
11610,2640,247
11611,5967,4937
11612,11316,962
11613,11600,2163
11614,11613,11390
11615,11590,11117
11616,11021,10985
11617,11363,462
11618,11176,5613
11619,11618,2180
11620,11057,3353
11621,11609,4926
11622,10584,3361
11623,11599,11470
11624,11621,321
11625,4614,2806
11626,11614,11464
11627,11626,3598
11628,11627,11126
11629,11628,11521
11630,11492,11433
11631,11548,11382
11632,11624,11593
11633,11468,1213
11634,11629,941
11635,11517,3628
11636,4647,2852
11637,11587,11345
11638,11634,2488
11639,11638,2144
11640,11639,3718
11641,11597,11397
11642,11632,11528
11643,11642,11471
11644,11630,1229
11645,11640,2126
11646,11645,1735
11647,11646,11480
11648,10537,4870
11649,11299,2888
11650,11643,5114
11651,11637,11184
11652,11650,5173
11653,11647,11427
11654,11653,11530
11655,11652,5260
11656,11655,121
11657,11654,871
11658,11509,308
11659,11657,11249
11660,11659,11398
11661,11511,5169
11662,11661,5916
11663,11579,4594
11664,11580,4507
11665,11359,10361
11666,11651,11491
11667,2191,1898
11668,11623,11458
11669,11559,11383
11670,3597,3067
11671,11660,5284
11672,9886,1123
11673,11671,2044
11674,11656,11434
11675,11674,1060
11676,11675,11432
11677,4905,3779
11678,11586,2699
11679,11676,11518
11680,11366,11160
11681,11391,4729
11682,11540,11263
11683,11641,11252
11684,11592,3659
11685,11534,11481
11686,10781,578
11687,11679,2709
11688,11687,3179
11689,11673,11493
11690,11689,11664
11691,11690,11558
11692,11691,3780
11693,11439,11260
11694,11683,991
11695,5788,4003
11696,11490,2613
11697,4829,1464
11698,11466,4530
11699,11692,11512
11700,11604,11279
11701,11561,11270
11702,11560,864
11703,11688,4544
11704,11703,782
11705,11568,785
11706,11699,3963
11707,11704,2923
11708,11707,5655
11709,11706,847
11710,11709,11698
11711,11483,2936
11712,11537,1511
11713,2606,938
11714,11696,589
11715,11443,2142
11716,11591,2681
11717,11710,5119
11718,11717,11555
11719,11712,11666
11720,11718,11334
11721,11720,858
11722,11721,11708
11723,11622,11508
11724,11684,11636
11725,11635,10729
11726,11725,10109
11727,11644,11562
11728,11553,3999
11729,11694,11551
11730,11413,4607
11731,11668,11563
11732,11727,5541
11733,11603,728
11734,11607,11543
11735,11729,11225
11736,11663,2780
11737,11732,11682
11738,11726,4547
11739,11608,4663
11740,4659,563
11741,11735,5509
11742,870,44
11743,11477,3562
11744,11722,11612
11745,11419,3897
11746,11737,11680
11747,11714,11669
11748,11678,1438
11749,11665,11430
11750,11744,11701
11751,11750,11716
11752,11751,11567
11753,11741,5857
11754,3196,1842
11755,11728,11620
11756,11616,4001
11757,11752,386
11758,11731,668
11759,11753,11611
11760,11757,11573
11761,11672,11513
11762,3125,973
11763,4904,2566
11764,11736,11711
11765,11371,11348
11766,11760,11520
11767,11625,4558
11768,4811,64
11769,11719,11570
11770,11746,11527
11771,11662,71
11772,11771,10516
11773,11769,11733
11774,11685,11230
11775,11619,1302
11776,11667,1607
11777,11766,3810
11778,11777,5018
11779,10851,1969
11780,11759,4321
11781,11615,3862
11782,5546,1236
11783,11780,11765
11784,11783,11738
11785,11601,11497
11786,11778,3994
11787,11786,11758
11788,11649,11360
11789,11787,5275
11790,11773,11715
11791,11266,4277
11792,11734,2032
11793,11789,11776
11794,2541,22
11795,2061,1830
11796,11793,11312
11797,11747,11574
11798,11770,5968
11799,11796,11790
11800,11799,11764
11801,11795,4785
11802,11681,2800
11803,11761,11631
11804,5896,132
11805,11745,11705
11806,11785,11702
11807,3174,954
11808,10950,393
11809,11739,2231
11810,3654,2823
11811,11800,11775
11812,11529,5612
11813,11648,11542
11814,11670,3765
11815,11774,2017
11816,11811,3542
11817,11816,11713
11818,11817,11781
11819,11818,11700
11820,11819,11767
11821,5904,5303
11822,3937,267
11823,10749,3180
11824,11820,11724
11825,11824,11740
11826,11825,11677
11827,11791,1389
11828,11826,1455
11829,11828,3652
11830,11829,11768
11831,11337,5969
11832,11830,4789
11833,5845,3655
11834,11806,11748
11835,11832,11742
11836,3141,2905
11837,5464,2989
11838,11835,3548
11839,11797,11547
11840,11838,5041
11841,11840,1296
11842,11841,11610
11843,11842,1023
11844,11784,11772
11845,11844,101
11846,11845,11730
11847,11834,930
11848,11839,11805
11849,4402,2841
11850,1678,1436
11851,11693,3942
11852,2909,754
11853,11798,11749
11854,11756,3794
11855,11843,2706
11856,11855,5477
11857,4323,1906
11858,3070,2587
11859,5218,2512
11860,11856,402
11861,11860,3692
11862,11861,11782
11863,11633,2942
11864,11605,718
11865,11851,8872
11866,11792,11755
11867,11846,11544
11868,5595,4155
11869,11695,3511
11870,11862,11346
11871,11870,11812
11872,11871,11847
11873,11872,1542
11874,11853,277
11875,11873,11822
11876,11875,11802
11877,11815,11417
11878,11876,596
11879,11865,11809
11880,11808,11743
11881,11658,1519
11882,11801,4678
11883,11878,513
11884,11831,11803
11885,11884,953
11886,11794,4976
11887,11883,11827
11888,11869,11849
11889,11697,3323
11890,11788,11779
11891,11867,5721
11892,11891,11814
11893,2826,2819
11894,11887,11868
11895,11874,11617
11896,11866,11723
11897,11894,11850
11898,11897,3926
11899,11898,11552
11900,11899,11686
11901,11900,11804
11902,4783,3191
11903,10932,4996
11904,3782,3746
11905,11754,3030
11906,11762,4867
11907,11892,4090
11908,11907,11848
11909,11908,5366
11910,11901,11877
11911,11910,5244
11912,11911,11895
11913,11912,11810
11914,11881,11858
11915,11837,3936
11916,11885,11807
11917,11909,917
11918,4947,4427
11919,4962,4625
11920,11917,11168
11921,11821,34
11922,11913,11889
11923,11922,11896
11924,11920,11854
11925,11813,11011
11926,11863,5082
11927,11923,4186
11928,11927,3719
11929,11918,11886
11930,11403,156
11931,11928,1953
11932,11931,11859
11933,11932,11890
11934,11933,11926
11935,11934,11914
11936,11935,11916
11937,11924,11763
11938,11936,11836
11939,11938,5296
11940,11939,11893
11941,11937,11925
11942,11940,11888
11943,11880,380
11944,11879,4434
11945,11942,11852
11946,5801,3538
11947,11941,11903
11948,11947,11921
11949,11945,2821
11950,11949,11929
11951,11864,4683
11952,11950,2573
11953,11952,11857
11954,3777,3502
11955,11882,4601
11956,5413,160
11957,11953,4840
11958,11957,1046
11959,11958,2147
11960,11959,11833
11961,4172,3745
11962,11960,4514
11963,11962,2626
11964,11963,2683
11965,11964,11943
11966,11951,11948
11967,11966,11919
11968,11967,2111
11969,11968,11946
11970,11969,592
11971,11970,11823
11972,11915,3599
11973,11965,5938
11974,11973,11944
11975,11974,11955
11976,11906,3093
11977,11975,11971
11978,11977,534
11979,11904,5377
11980,11978,11954
11981,11980,11930
11982,11981,11902
11983,11982,5824
11984,11983,11976
11985,11956,3715
11986,11972,5881
11987,11984,4388
11988,11987,11986
11989,11979,10641
11990,11989,4312
11991,11985,11905
11992,11988,5941
11993,11992,11990
11994,11993,3894
11995,11994,3010
11996,11991,651
11997,11996,11995
11998,11997,11961
