100,96,94
101,41,33
102,101,53
103,62,12
104,72,20
105,77,73
106,100,43
107,97,79
108,89,42
109,105,102
110,86,70
111,106,4
112,108,103
113,109,51
114,113,75
115,107,68
116,110,61
117,47,13
118,112,28
119,114,74
120,59,15
121,120,9
122,81,25
123,111,37
124,121,119
125,118,67
126,116,17
127,115,91
128,124,16
129,126,125
130,127,122
131,123,46
132,63,52
133,131,104
134,128,6
135,117,78
136,66,1
137,134,88
138,129,58
139,138,137
140,133,98
141,139,38
142,141,55
143,92,54
144,140,130
145,85,31
146,136,49
147,76,39
148,132,10
149,142,29
150,99,30
151,149,56
152,80,32
153,144,45
154,143,83
155,148,145
156,135,84
157,155,151
158,153,19
159,157,146
160,57,7
161,147,93
162,154,150
163,156,2
164,23,5
165,24,11
166,158,35
167,152,14
168,164,21
169,166,162
170,167,161
171,163,8
172,44,26
173,159,36
174,95,50
175,160,22
176,172,169
177,173,40
178,176,170
179,165,3
180,177,65
181,171,48
182,174,90
183,181,0
184,180,69
185,178,168
186,185,183
187,82,18
188,186,182
189,179,60
190,188,64
191,190,189
192,191,175
193,87,34
194,192,184
195,193,71
196,195,27
197,194,187
198,197,196
