6000,2338,1598
6001,6000,4167
6002,4103,2145
6003,5418,4091
6004,5141,2403
6005,3885,3643
6006,4488,2309
6007,6001,5098
6008,6005,5243
6009,5411,3234
6010,6007,5342
6011,5290,3977
6012,4361,2030
6013,6006,3069
6014,4183,1281
6015,6008,6002
6016,4080,3755
6017,5156,5070
6018,5134,5128
6019,4479,4297
6020,4797,3526
6021,2340,2138
6022,6010,3261
6023,5388,4266
6024,3686,2860
6025,6003,5361
6026,6004,5695
6027,6011,3920
6028,5827,1219
6029,6014,2133
6030,6013,5364
6031,6015,4264
6032,5907,2395
6033,5545,5343
6034,4489,4426
6035,6030,2374
6036,6032,6022
6037,6012,5480
6038,6031,6027
6039,6018,6017
6040,6036,4073
6041,5461,47
6042,6029,4116
6043,4364,4355
6044,3827,3712
6045,6038,6034
6046,6035,4291
6047,6020,4134
6048,6042,2559
6049,2243,477
6050,6025,3108
6051,6040,1315
6052,1242,433
6053,6021,96
6054,6051,5439
6055,6033,6026
6056,6039,5115
6057,6037,2383
6058,4429,3928
6059,4339,2387
6060,5767,3292
6061,4387,4204
6062,6016,2746
6063,6049,2661
6064,3950,1201
6065,6054,5011
6066,6019,4450
6067,4189,2051
6068,5226,4185
6069,6057,4233
6070,6047,3539
6071,6053,1951
6072,6067,6048
6073,3650,2070
6074,6046,4378
6075,6023,4197
6076,6069,2279
6077,4170,4047
6078,6045,2497
6079,4270,94
6080,6050,3298
6081,6063,2306
6082,6028,4181
6083,6076,6052
6084,4036,3427
6085,4159,4154
6086,6064,3763
6087,6078,4369
6088,6073,1013
6089,6055,2222
6090,6085,6074
6091,3768,3346
6092,1926,1857
6093,6009,5919
6094,3068,3036
6095,6077,6059
6096,6041,4165
6097,6058,4035
6098,5878,3707
6099,4457,4070
6100,4380,4012
6101,1096,390
6102,5491,4007
6103,4280,3860
6104,3290,150
6105,6089,6082
6106,6083,5136
6107,6060,3377
6108,6072,5241
6109,6081,4599
6110,4362,4327
6111,6062,4087
6112,6056,3899
6113,6087,5024
6114,6108,4584
6115,6098,6090
6116,6094,6075
6117,5175,3023
6118,6113,5806
6119,6096,3019
6120,6084,6065
6121,6044,4368
6122,6080,3530
6123,6043,5288
6124,6070,117
6125,6114,33
6126,5203,5077
6127,6120,3689
6128,6106,4539
6129,6079,6071
6130,6102,4083
6131,6128,5834
6132,2430,2287
6133,6097,3666
6134,3153,1177
6135,6127,3600
6136,6107,2464
6137,6111,3088
6138,6125,2074
6139,6117,4180
6140,5453,4113
6141,6118,3734
6142,4754,53
6143,6137,3260
6144,6088,74
6145,4470,4317
6146,4436,4230
6147,409,207
6148,6119,5020
6149,6092,6066
6150,6109,5325
6151,6091,5240
6152,6141,6105
6153,6131,1098
6154,6116,4354
6155,6135,1357
6156,6153,6061
6157,6143,6103
6158,6149,6133
6159,6104,3033
6160,6152,6086
6161,6144,6095
6162,6154,6130
6163,4344,4111
6164,5787,2477
6165,3095,2259
6166,2331,2302
6167,6136,2118
6168,6068,6024
6169,6122,1984
6170,6138,6115
6171,6155,3208
6172,4818,3998
6173,2582,220
6174,6150,6124
6175,6123,3203
6176,6169,6167
6177,6110,5090
6178,6171,4120
6179,5298,3908
6180,3970,79
6181,5369,3171
6182,6175,41
6183,6178,4302
6184,6093,3856
6185,6148,5333
6186,4492,4125
6187,3279,3015
6188,5747,5580
6189,389,20
6190,5148,2339
6191,3711,3691
6192,5386,4284
6193,5525,2099
6194,6156,6101
6195,6160,3146
6196,4077,4020
6197,6183,5180
6198,6170,5715
6199,6161,4138
6200,5285,2680
6201,4866,4173
6202,3982,2264
6203,2057,1649
6204,6162,6159
6205,4051,1838
6206,6195,1073
6207,4260,3047
6208,6100,3753
6209,5222,5062
6210,6197,3300
6211,6198,6134
6212,3698,3555
6213,6206,1742
6214,6184,43
6215,6112,3919
6216,6204,6129
6217,6213,4308
6218,4890,4525
6219,5182,3319
6220,6174,1084
6221,6099,1347
6222,6210,4192
6223,6185,4353
6224,6217,3438
6225,3429,3276
6226,6194,815
6227,5478,5375
6228,6157,3606
6229,6224,6186
6230,4373,2108
6231,6121,5043
6232,5762,4137
6233,6146,4013
6234,6180,4326
6235,6190,2104
6236,5445,3550
6237,6220,3110
6238,6140,4210
6239,6222,6145
6240,6223,3610
6241,4720,2273
6242,6158,4262
6243,5492,5261
6244,6151,5936
6245,6176,6164
6246,6202,1137
6247,5059,3670
6248,5584,1342
6249,6229,6192
6250,3770,3391
6251,4200,2071
6252,4236,465
6253,6228,4175
6254,6168,168
6255,398,367
6256,6177,3083
6257,3695,1523
6258,5374,1536
6259,6226,1131
6260,6214,4011
6261,6235,4033
6262,6234,5764
6263,4131,1349
6264,6240,5360
6265,4050,3708
6266,6242,6139
6267,6163,4481
6268,6259,2164
6269,5376,3185
6270,6249,1188
6271,4784,4628
6272,6245,5811
6273,6216,5918
6274,3805,3022
6275,5042,4039
6276,6215,4228
6277,6179,3057
6278,6268,714
6279,6270,2466
6280,6221,1544
6281,6239,6207
6282,6165,1657
6283,6172,5373
6284,6173,490
6285,215,77
6286,6277,6264
6287,6132,2816
6288,6279,6231
6289,3633,135
6290,4250,4060
6291,6241,4314
6292,2662,1093
6293,6254,5125
6294,6193,2035
6295,6253,5697
6296,6199,2317
6297,6273,5559
6298,6166,1881
6299,6211,2232
6300,4476,3403
6301,6266,6182
6302,6281,5278
6303,6272,5652
6304,4897,2008
6305,6299,3799
6306,6244,3681
6307,2120,497
6308,6288,4960
6309,6191,4269
6310,6205,5948
6311,2580,429
6312,4392,4360
6313,6201,4498
6314,6284,6237
6315,3456,3173
6316,6302,4696
6317,6296,4157
6318,6305,6261
6319,6219,4044
6320,1446,1018
6321,6250,3447
6322,6260,1747
6323,4094,3506
6324,6262,3064
6325,6316,6297
6326,6188,5625
6327,6256,3909
6328,1892,1154
6329,6295,2729
6330,6308,2438
6331,2679,1439
6332,4298,4040
6333,6225,5199
6334,5794,3246
6335,1778,1133
6336,6304,6278
6337,5876,5565
6338,6332,3496
6339,3205,1968
6340,6330,5473
6341,6257,4147
6342,3629,3244
6343,5474,204
6344,253,112
6345,6283,2443
6346,6303,5383
6347,6271,4529
6348,6196,2193
6349,6267,5262
6350,5304,5172
6351,4438,1777
6352,6317,5884
6353,3359,3187
6354,6289,6287
6355,6203,2378
6356,5027,4370
6357,6326,4752
6358,4705,4536
6359,4877,2917
6360,6238,6232
6361,6328,2849
6362,6340,4056
6363,410,138
6364,6251,5181
6365,6218,4315
6366,3183,3004
6367,151,86
6368,6293,3495
6369,6306,4671
6370,6300,1566
6371,285,75
6372,401,368
6373,6147,5100
6374,4484,4231
6375,5357,2328
6376,6329,6327
6377,1834,251
6378,2536,1195
6379,6362,6263
6380,6318,6142
6381,6282,5657
6382,6346,4382
6383,6342,4146
6384,6325,2199
6385,3189,2294
6386,6276,4142
6387,4612,4158
6388,5591,4058
6389,3365,3310
6390,2244,2233
6391,3769,3683
6392,6291,3961
6393,6274,2391
6394,5470,5412
6395,6319,4715
6396,6379,6309
6397,5899,1567
6398,6352,4123
6399,1489,1478
6400,3441,246
6401,5995,2181
6402,6324,5683
6403,6243,2368
6404,6398,6233
6405,6361,6336
6406,4480,3356
6407,4108,1292
6408,6294,3561
6409,2522,1631
6410,6310,3954
6411,6208,3826
6412,1481,353
6413,5147,243
6414,6382,5722
6415,5554,1647
6416,6380,6354
6417,1150,1052
6418,6369,6209
6419,6396,3098
6420,6349,4286
6421,6384,6343
6422,6355,6292
6423,5785,1295
6424,5403,4793
6425,6298,3137
6426,4066,1425
6427,6286,3717
6428,5648,4184
6429,3448,1144
6430,6255,72
6431,5050,3184
6432,5468,1646
6433,2685,1890
6434,6345,4272
6435,3131,89
6436,6248,2085
6437,6357,3846
6438,6409,6275
6439,6280,3051
6440,6405,6246
6441,6258,1283
6442,6410,124
6443,6314,4917
6444,6320,1321
6445,6301,1928
6446,6339,3220
6447,5143,1675
6448,4679,281
6449,4670,371
6450,4830,4439
6451,5097,4444
6452,449,152
6453,6408,6312
6454,6419,6402
6455,6414,4182
6456,5874,5253
6457,6392,3229
6458,6333,6315
6459,4009,2332
6460,4190,2380
6461,4435,3259
6462,4654,4106
6463,6442,6421
6464,4112,1239
6465,3449,3029
6466,6440,4986
6467,6351,6322
6468,6463,3459
6469,231,107
6470,6427,5679
6471,6455,6454
6472,6416,3100
6473,3905,3902
6474,6252,4256
6475,6370,1265
6476,6395,6368
6477,6443,170
6478,6418,4072
6479,5799,4067
6480,2832,1423
6481,6377,1039
6482,6439,6381
6483,6411,6373
6484,6445,4105
6485,6360,1220
6486,6478,6334
6487,6376,5197
6488,6472,5099
6489,1661,501
6490,6470,6126
6491,62,12
6492,5981,5512
6493,6435,237
6494,6468,6426
6495,6466,5170
6496,6321,3374
6497,6433,6341
6498,6212,5248
6499,6364,4318
6500,6488,1504
6501,6247,1107
6502,6457,4422
6503,6487,6446
6504,3761,97
6505,6404,1338
6506,6313,4188
6507,3596,2886
6508,6434,3400
6509,5014,3273
6510,5165,4335
6511,453,261
6512,1275,1082
6513,6494,2149
6514,6495,4537
6515,6285,73
6516,4490,2015
6517,1513,880
6518,6372,392
6519,6338,5629
6520,6458,3674
6521,5469,5230
6522,6471,6366
6523,4710,1676
6524,6386,4420
6525,6348,2192
6526,6189,4288
6527,6485,2412
6528,6484,6441
6529,6514,2632
6530,5205,2511
6531,6477,4893
6532,6492,5883
6533,6422,1840
6534,6363,354
6535,6480,3814
6536,6393,2523
6537,6403,1603
6538,1772,1589
6539,6500,901
6540,6503,6467
6541,257,59
6542,5780,3529
6543,6227,5176
6544,6486,3819
6545,6399,1815
6546,4014,1308
6547,6335,4143
6548,6529,3469
6549,3967,2352
6550,6513,6425
6551,6522,6508
6552,6378,5398
6553,6505,2308
6554,6460,3372
6555,1334,1272
6556,6499,6387
6557,6358,4697
6558,4945,4473
6559,6390,6347
6560,5813,4349
6561,6528,1020
6562,4408,4100
6563,6539,2487
6564,6323,4101
6565,6415,6365
6566,3781,252
6567,6407,5420
6568,6530,3943
6569,1433,357
6570,3369,413
6571,6420,3601
6572,2183,2129
6573,4604,3366
6574,6551,6501
6575,6383,3742
6576,3294,1615
6577,6563,3164
6578,4734,218
6579,6436,5651
6580,4969,2301
6581,6459,6375
6582,6476,3959
6583,5447,3590
6584,6550,4462
6585,6524,4150
6586,6200,3457
6587,6423,5502
6588,4399,3836
6589,4316,2375
6590,5852,4372
6591,6577,6553
6592,5313,4293
6593,6584,6538
6594,146,37
6595,6374,4088
6596,4591,3395
6597,6491,171
6598,6540,5153
6599,6544,6497
6600,2393,2337
6601,5171,1141
6602,6571,6265
6603,6337,5727
6604,6593,5838
6605,5422,4367
6606,6490,3440
6607,6307,5802
6608,2343,1040
6609,6518,119
6610,3043,103
6611,6533,5856
6612,6574,2256
6613,6483,6448
6614,5384,2792
6615,4474,403
6616,6482,6413
6617,6561,1708
6618,6464,1825
6619,6181,2103
6620,4964,4117
6621,6187,1979
6622,6612,5209
6623,6605,1924
6624,6531,1991
6625,6532,6502
6626,2255,2174
6627,4252,3626
6628,4972,4757
6629,6618,6438
6630,6391,4076
6631,4508,3018
6632,4375,4244
6633,3307,3041
6634,6622,3269
6635,6311,9
6636,3254,1886
6637,4485,3413
6638,6437,1372
6639,6504,3958
6640,5133,270
6641,6604,6562
6642,3085,2546
6643,6585,6558
6644,6579,5696
6645,6548,6371
6646,4015,3492
6647,3470,1941
6648,6429,4440
6649,6606,6350
6650,6552,4246
6651,6451,1126
6652,6527,5553
6653,6634,6565
6654,5913,5708
6655,6617,3212
6656,6580,4433
6657,5983,2344
6658,6591,6523
6659,1577,1035
6660,6489,722
6661,5270,4118
6662,6641,6581
6663,2314,762
6664,6610,5631
6665,6616,1734
6666,3904,3079
6667,6397,3944
6668,6394,5518
6669,4041,3285
6670,3966,3922
6671,6475,5886
6672,6535,5472
6673,6520,4166
6674,6449,5359
6675,1180,527
6676,6572,6506
6677,3360,3094
6678,3907,1457
6679,4826,1345
6680,6269,4630
6681,6599,2564
6682,4371,2910
6683,5939,4093
6684,5078,4237
6685,6598,5166
6686,6645,793
6687,5930,5321
6688,5489,4226
6689,6655,1311
6690,6662,1692
6691,4300,4025
6692,4141,2844
6693,6624,987
6694,6653,5779
6695,6406,4023
6696,6498,6461
6697,5452,5001
6698,6545,6493
6699,5415,5324
6700,6597,1329
6701,3869,3210
6702,6431,5214
6703,6629,4471
6704,6643,4151
6705,6658,3971
6706,6694,5740
6707,3332,2176
6708,6582,5421
6709,3540,1400
6710,6689,4031
6711,6642,2329
6712,6519,5576
6713,6693,658
6714,5146,4350
6715,5851,1497
6716,6660,6417
6717,440,343
6718,6515,1375
6719,6588,4126
6720,6690,6625
6721,3384,287
6722,6536,5401
6723,6705,115
6724,6521,5466
6725,6534,2565
6726,4891,4441
6727,3900,2007
6728,6631,3286
6729,6611,5934
6730,6638,5931
6731,6230,4910
6732,6713,742
6733,3373,2584
6734,6542,200
6735,6453,3588
6736,1835,1605
6737,6649,3243
6738,6686,6672
6739,6517,1087
6740,6681,2550
6741,5555,4010
6742,4282,3258
6743,2507,2202
6744,6692,6637
6745,4187,3547
6746,6589,2432
6747,4074,2929
6748,5956,5596
6749,6720,3820
6750,2514,1746
6751,6564,3648
6752,6636,2047
6753,3385,1994
6754,6652,6516
6755,6749,6549
6756,6708,5318
6757,6627,3510
6758,6479,1498
6759,6644,963
6760,6706,6687
6761,6723,3299
6762,3103,2455
6763,6496,4021
6764,260,255
6765,6656,4034
6766,3375,3222
6767,6712,6567
6768,5434,2751
6769,6432,3221
6770,6556,2353
6771,6710,3960
6772,6428,3046
6773,5212,5104
6774,6755,6632
6775,6737,6447
6776,2276,17
6777,3136,491
6778,1877,1320
6779,6465,370
6780,4004,1415
6781,6547,4843
6782,1193,1006
6783,5888,5710
6784,6729,1337
6785,3721,4
6786,6709,5121
6787,6481,2010
6788,5624,3986
6789,4571,495
6790,6774,6569
6791,5019,3387
6792,5699,2988
6793,6756,6586
6794,5994,1707
6795,6685,4613
6796,6668,1450
6797,6771,5292
6798,6704,4191
6799,6512,4301
6800,1814,508
6801,3213,1266
6802,6738,4950
6803,6602,4263
6804,3910,1660
6805,6761,6726
6806,6359,4590
6807,5265,4915
6808,5677,1585
6809,3831,3225
6810,6665,4216
6811,3306,929
6812,6696,3918
6813,6805,4115
6814,6651,1693
6815,6677,5618
6816,6388,4906
6817,5817,219
6818,6802,6650
6819,6790,6734
6820,1967,1856
6821,6674,3382
6822,6732,4509
6823,6813,6784
6824,6730,6401
6825,6767,3743
6826,6795,5009
6827,3211,3209
6828,6787,6715
6829,6633,6575
6830,1299,1282
6831,6613,442
6832,6600,2282
6833,6797,2911
6834,1757,460
6835,6769,6587
6836,2472,1251
6837,3314,317
6838,6456,5144
6839,6595,4397
6840,6673,6573
6841,5385,3345
6842,6718,4581
6843,4733,4008
6844,6620,1503
6845,6635,184
6846,6702,5511
6847,4487,4285
6848,6740,5254
6849,6717,6675
6850,6546,4055
6851,4224,3817
6852,6779,3675
6853,6818,1114
6854,4393,1091
6855,6566,307
6856,6583,4442
6857,6826,4119
6858,6798,5202
6859,3554,3090
6860,5929,3172
6861,6353,279
6862,6848,6543
6863,6663,2081
6864,6760,6754
6865,4901,2130
6866,6812,3309
6867,6751,4674
6868,6630,5289
6869,6525,1224
6870,4929,4878
6871,4749,3132
6872,3123,2878
6873,3160,3087
6874,6819,6739
6875,6601,2218
6876,6810,5636
6877,6759,5717
6878,6735,3802
6879,4168,1068
6880,6537,4089
6881,4739,4394
6882,6716,6703
6883,6853,6822
6884,5306,5127
6885,6748,6664
6886,4668,2240
6887,3671,1230
6888,4939,3101
6889,6874,6752
6890,6695,4351
6891,3399,2759
6892,1125,626
6893,4941,2366
6894,5911,2480
6895,6507,3297
6896,1398,1037
6897,6462,3442
6898,5869,4875
6899,6823,5564
6900,6444,1463
6901,5083,2955
6902,6707,6385
6903,6509,3825
6904,6824,5820
6905,6889,6733
6906,6596,3197
6907,6669,1821
6908,439,108
6909,6829,4845
6910,3394,3257
6911,6803,6775
6912,6724,4122
6913,6899,6786
6914,6570,1424
6915,6833,5345
6916,6864,6791
6917,6736,339
6918,6684,202
6919,3921,1552
6920,6905,1883
6921,2494,192
6922,6700,310
6923,6920,3504
6924,6916,6770
6925,6828,6727
6926,6913,6863
6927,3283,3193
6928,5750,2962
6929,6788,6728
6930,5534,500
6931,6621,4954
6932,6876,4391
6933,6858,3929
6934,6356,2687
6935,6578,300
6936,6757,2621
6937,6639,1758
6938,4418,4006
6939,6722,6671
6940,6923,1557
6941,6603,5606
6942,6862,6857
6943,6557,5210
6944,2928,314
6945,6698,1737
6946,5237,1186
6947,6895,6831
6948,6915,1382
6949,438,259
6950,5096,5012
6951,4063,3619
6952,5664,3169
6953,6883,6367
6954,3228,2367
6955,6940,5149
6956,6890,4565
6957,5909,2019
6958,4743,2778
6959,6725,3854
6960,6657,906
6961,4059,3238
6962,6389,3488
6963,6903,2938
6964,6474,4347
6965,6948,935
6966,6667,3574
6967,5719,4496
6968,6924,5322
6969,5586,2361
6970,6926,6817
6971,6768,5808
6972,6838,6424
6973,6842,298
6974,6745,2335
6975,6878,6816
6976,6721,6608
6977,6942,2877
6978,3634,3312
6979,6965,344
6980,6846,5943
6981,5354,167
6982,3313,1831
6983,6615,6541
6984,6680,2185
6985,5272,1643
6986,6955,2360
6987,5821,5599
6988,6932,5331
6989,6970,2420
6990,6780,6555
6991,5858,3630
6992,6968,4245
6993,4454,545
6994,6986,6867
6995,6904,2388
6996,5004,2416
6997,6825,6777
6998,4377,1079
6999,6814,4464
7000,6731,4666
7001,6839,6623
7002,5988,5504
7003,6931,4738
7004,6793,3694
7005,6773,3672
7006,470,51
7007,3340,2423
7008,5830,1051
7009,4983,2686
7010,6992,6688
7011,6628,4611
7012,6929,5535
7013,587,118
7014,6808,5540
7015,6869,3192
7016,3002,1384
7017,7010,5739
7018,5548,1537
7019,6840,872
7020,5067,3003
7021,6979,6947
7022,6849,1367
7023,6763,1083
7024,6989,6896
7025,6994,1306
7026,5991,2742
7027,6988,876
7028,6933,189
7029,6925,860
7030,6927,6648
7031,6559,5368
7032,6866,6661
7033,6953,4835
7034,6943,1132
7035,7025,4588
7036,4310,2534
7037,5500,1168
7038,7017,6880
7039,6901,6882
7040,6526,6430
7041,6331,286
7042,4689,1819
7043,5350,3056
7044,7024,1606
7045,4979,4383
7046,6654,5925
7047,5281,4881
7048,6778,1017
7049,7027,6640
7050,7022,5242
7051,3198,1917
7052,6977,3785
7053,6966,4078
7054,3517,3472
7055,6844,6804
7056,6850,6799
7057,7039,1393
7058,292,238
7059,6554,1619
7060,7012,5818
7061,6510,5109
7062,6809,3527
7063,425,337
7064,7038,2105
7065,6911,2297
7066,6590,1253
7067,1876,360
7068,5032,3989
7069,7065,2056
7070,6473,3945
7071,2234,210
7072,7028,2454
7073,5493,4413
7074,6892,6845
7075,6619,4846
7076,6741,4099
7077,7035,5661
7078,6990,6450
7079,6888,1386
7080,6765,6746
7081,7033,6946
7082,498,275
7083,6697,1868
7084,6997,1894
7085,7019,3996
7086,6792,1959
7087,6679,2547
7088,6975,2638
7089,6666,3479
7090,7029,1529
7091,6854,4135
7092,7044,2170
7093,3514,1390
7094,5395,5358
7095,7064,6887
7096,7071,5746
7097,5678,5029
7098,6851,2143
7099,6820,1430
7100,4029,312
7101,5949,1187
7102,6714,4097
7103,7092,1505
7104,7000,6806
7105,6885,2676
7106,1530,1379
7107,6935,3407
7108,5889,5810
7109,7095,7047
7110,6758,3581
7111,4796,3236
7112,7052,6909
7113,7004,6987
7114,5036,4475
7115,7077,5006
7116,7081,6789
7117,5456,736
7118,6941,5906
7119,2450,68
7120,6897,3329
7121,7045,6744
7122,5647,4914
7123,6938,3487
7124,6877,6800
7125,2567,838
7126,6594,1601
7127,7115,7015
7128,6995,278
7129,5448,5438
7130,6939,1218
7131,7072,6452
7132,6914,199
7133,6886,3549
7134,6830,1333
7135,7085,5600
7136,6719,3378
7137,4968,3380
7138,7043,6782
7139,5441,2296
7140,6614,2861
7141,6576,4273
7142,6894,1095
7143,7103,7090
7144,6856,1029
7145,7109,6647
7146,420,318
7147,7020,3061
7148,106,42
7149,7112,1101
7150,3914,3868
7151,7036,879
7152,7116,2097
7153,7127,7018
7154,6907,4379
7155,7049,6821
7156,3773,3740
7157,4542,4313
7158,7021,1368
7159,6984,6659
7160,6999,46
7161,2060,1591
7162,7152,7087
7163,7032,4043
7164,5680,3435
7165,7153,3255
7166,5974,5569
7167,7145,6912
7168,6982,4057
7169,7134,1297
7170,1710,1216
7171,6910,5391
7172,6762,4329
7173,6951,4054
7174,7069,5723
7175,3178,778
7176,5769,397
7177,7165,1034
7178,7149,6859
7179,7076,6835
7180,7008,2064
7181,7162,6879
7182,7058,6609
7183,4130,2897
7184,3940,3722
7185,5297,1919
7186,179,61
7187,6971,6796
7188,6412,892
7189,7167,2508
7190,1204,88
7191,6978,229
7192,5751,5703
7193,5718,2461
7194,7177,1434
7195,6785,291
7196,2326,1041
7197,7113,1304
7198,7083,6815
7199,7181,1291
7200,7189,5686
7201,7143,7057
7202,6980,4430
7203,4857,4763
7204,6959,6743
7205,7124,7014
7206,6766,3084
7207,805,635
7208,7194,3972
7209,7158,1579
7210,4406,2678
7211,7002,1586
7212,299,186
7213,334,258
7214,4295,4279
7215,5475,705
7216,4898,416
7217,7088,3995
7218,5617,5074
7219,6881,6772
7220,3669,1206
7221,2943,2836
7222,5601,1787
7223,7050,1602
7224,4343,4305
7225,6742,4553
7226,7034,4597
7227,5577,3832
7228,7009,629
7229,6945,6922
7230,6711,5793
7231,6783,5689
7232,7041,6568
7233,3402,3322
7234,3803,3024
7235,5145,2743
7236,7200,7001
7237,4337,3876
7238,4813,4677
7239,5849,5602
7240,6678,4259
7241,7168,3775
7242,7209,5425
7243,5900,5797
7244,1923,1648
7245,6983,423
7246,7208,2160
7247,4899,2324
7248,7150,7121
7249,6956,6841
7250,2637,2088
7251,7178,5508
7252,7080,2112
7253,5194,3818
7254,7201,6919
7255,7136,6400
7256,7246,7055
7257,3021,129
7258,6969,2880
7259,7256,7130
7260,6750,2150
7261,7219,2866
7262,6875,1417
7263,7053,4482
7264,7084,2485
7265,6646,3638
7266,7236,7197
7267,6906,400
7268,7254,2978
7269,5895,1932
7270,6832,2096
7271,7042,3128
7272,4030,2197
7273,6936,4127
7274,7169,15
7275,7111,7031
7276,7163,4225
7277,7079,5224
7278,5637,1532
7279,3653,476
7280,7175,7135
7281,6937,5809
7282,6676,4767
7283,1435,1028
7284,4160,3231
7285,5910,1466
7286,7138,7091
7287,4499,3821
7288,4691,3311
7289,7251,7195
7290,5365,2078
7291,7060,3622
7292,6776,1350
7293,5387,3642
7294,7233,2827
7295,7266,6781
7296,6972,593
7297,5233,4219
7298,7264,2646
7299,7204,28
7300,7174,6699
7301,6801,784
7302,2602,1044
7303,7074,5279
7304,6976,1422
7305,5692,1358
7306,5691,1827
7307,5533,1149
7308,6930,3347
7309,1348,350
7310,7073,2608
7311,5848,4235
7312,6836,1645
7313,7046,4468
7314,7268,7101
7315,3165,2760
7316,4675,3532
7317,6855,280
7318,7242,2798
7319,4600,1408
7320,7011,1824
7321,7205,7142
7322,7211,5777
7323,7110,5706
7324,3824,2993
7325,6921,6898
7326,7223,7107
7327,7180,6670
7328,7318,739
7329,3170,1656
7330,6928,1127
7331,6985,1860
7332,6868,6607
7333,7280,3859
7334,7289,5407
7335,4543,2881
7336,7231,7128
7337,5065,4253
7338,7199,1560
7339,3155,2372
7340,6981,862
7341,7258,7078
7342,7146,272
7343,7155,3049
7344,5731,1748
7345,4985,4583
7346,2757,1108
7347,7295,7122
7348,4911,1624
7349,7140,2812
7350,7003,6973
7351,6950,1473
7352,7259,7037
7353,7089,3232
7354,7170,1761
7355,7273,1885
7356,7105,5286
7357,7338,4703
7358,7328,4345
7359,7312,2408
7360,7245,7006
7361,6682,4973
7362,7126,6944
7363,7062,3778
7364,6960,1164
7365,6963,452
7366,6949,3835
7367,7314,1904
7368,4932,4294
7369,7291,5803
7370,5961,4839
7371,7248,3624
7372,5877,1429
7373,7296,4037
7374,7352,5488
7375,7075,6884
7376,7358,3984
7377,6860,6837
7378,7282,4641
7379,7067,6794
7380,7367,3009
7381,7129,4239
7382,7347,7086
7383,3397,3161
7384,6934,2493
7385,5008,4437
7386,7125,791
7387,6974,2509
7388,7059,6811
7389,7172,4768
7390,3895,1613
7391,5945,5778
7392,7357,6747
7393,5563,331
7394,7380,3348
7395,7308,4292
7396,6961,5397
7397,7355,7334
7398,7173,4461
7399,3705,468
7400,7374,7333
7401,7104,1062
7402,7250,2300
7403,7394,4410
7404,6872,4261
7405,7300,7263
7406,4258,3751
7407,7232,1237
7408,6954,837
7409,7252,5980
7410,6891,5155
7411,7343,5712
7412,7023,3073
7413,7160,5195
7414,7382,7179
7415,7376,7171
7416,7159,7123
7417,7132,3892
7418,7131,4416
7419,7298,1925
7420,5590,395
7421,7403,1510
7422,4400,4026
7423,7277,6993
7424,6917,2136
7425,3735,2635
7426,4726,3052
7427,7040,7030
7428,4504,4325
7429,7141,6753
7430,7392,1214
7431,7118,6560
7432,6290,2837
7433,7241,3499
7434,7411,7369
7435,6852,1454
7436,1274,1067
7437,7225,3728
7438,7421,7274
7439,1376,923
7440,7271,3887
7441,7302,6701
7442,7229,7148
7443,7066,1679
7444,7299,122
7445,5294,916
7446,5670,975
7447,7154,5266
7448,3618,1891
7449,6865,2458
7450,7056,4467
7451,7400,5958
7452,6952,2738
7453,5356,5124
7454,7414,2781
7455,3764,1209
7456,2152,1580
7457,7438,7371
7458,4560,565
7459,984,70
7460,6962,4572
7461,6344,143
7462,3354,3122
7463,7240,7226
7464,6511,223
7465,7454,6683
7466,5268,3006
7467,7397,5378
7468,7415,3665
7469,7401,5429
7470,4695,3702
7471,4133,3812
7472,7202,5957
7473,7151,1156
7474,7119,4984
7475,5162,4587
7476,5432,5234
7477,7378,7007
7478,7467,5056
7479,6908,6
7480,6843,4251
7481,7465,7391
7482,5002,3978
7483,7106,2310
7484,2248,1452
7485,7451,662
7486,7005,5390
7487,7261,6871
7488,7434,7356
7489,7320,4577
7490,7187,7051
7491,7102,5315
7492,7305,346
7493,7418,473
7494,7099,1217
7495,7419,1111
7496,7468,1976
7497,7284,4699
7498,5566,2258
7499,4095,4079
7500,7198,4535
7501,7485,7196
7502,7469,4686
7503,7260,6902
7504,6964,4221
7505,1551,1002
7506,7332,7061
7507,7478,7301
7508,7026,2895
7509,5211,2996
7510,7218,5660
7511,5538,1362
7512,7227,3797
7513,7216,4376
7514,7276,5340
7515,7234,3657
7516,7120,2405
7517,5975,1279
7518,5487,5192
7519,7501,7293
7520,7412,6873
7521,7349,2926
7522,7082,196
7523,7322,7321
7524,7496,3631
7525,7483,776
7526,7457,7389
7527,7424,1507
7528,7139,572
7529,7354,6834
7530,7430,789
7531,7519,5771
7532,7481,5594
7533,5164,4497
7534,7524,7188
7535,1870,1562
7536,7364,7326
7537,7336,1353
7538,7117,972
7539,7475,6870
7540,7407,1471
7541,7531,7262
7542,7507,6861
7543,3932,435
7544,7214,2530
7545,3331,383
7546,7315,579
7547,3913,2006
7548,7222,424
7549,3858,3251
7550,4735,2677
7551,7526,7390
7552,5965,4330
7553,7309,3432
7554,5759,4451
7555,7409,7372
7556,7048,1104
7557,7534,5450
7558,7215,2594
7559,6893,2643
7560,3615,1914
7561,7444,7190
7562,2311,95
7563,7203,4766
7564,5903,1128
7565,5815,4213
7566,7541,7495
7567,5118,716
7568,4412,1955
7569,4923,4874
7570,7013,2711
7571,5016,446
7572,7417,7133
7573,7494,7303
7574,5589,610
7575,7439,5455
7576,7530,7093
7577,5201,249
7578,7489,4174
7579,7359,5517
7580,7097,5000
7581,7431,7235
7582,3917,266
7583,7323,5927
7584,5028,3877
7585,7342,161
7586,7286,2260
7587,7551,1681
7588,7385,7275
7589,5720,3202
7590,4443,2535
7591,7471,7221
7592,7353,5843
7593,7294,3875
7594,7330,1033
7595,7557,7341
7596,7319,529
7597,7384,4728
7598,1729,191
7599,1402,365
7600,7217,4727
7601,3376,3016
7602,7387,1878
7603,7566,5066
7604,7587,5267
7605,7377,358
7606,4177,1543
7607,7405,7114
7608,7287,2207
7609,7542,7278
7610,7555,7257
7611,7576,7459
7612,7604,915
7613,7532,7249
7614,7515,6847
7615,7544,4212
7616,7547,5196
7617,2825,2593
7618,7609,7509
7619,7612,7570
7620,4455,4092
7621,149,10
7622,7423,3730
7623,1614,1269
7624,1913,1085
7625,2379,2286
7626,7603,5327
7627,7373,3082
7628,3594,412
7629,3985,3218
7630,7447,639
7631,7281,7100
7632,7563,7502
7633,3182,2641
7634,7448,5047
7635,7626,1322
7636,4858,3613
7637,7339,2098
7638,3339,1739
7639,5283,1826
7640,7220,4278
7641,6626,5711
7642,4352,4065
7643,7350,7304
7644,7619,5531
7645,5868,3792
7646,7094,547
7647,4448,2459
7648,7635,2148
7649,1370,407
7650,7600,7440
7651,4922,933
7652,3162,1460
7653,7648,7488
7654,7325,2590
7655,5964,5860
7656,7166,3044
7657,7503,7270
7658,316,306
7659,7267,7210
7660,3651,256
7661,7279,2467
7662,7413,4693
7663,4179,1378
7664,7644,5235
7665,7643,7442
7666,7182,273
7667,4085,1912
7668,7618,5449
7669,7613,7450
7670,1686,363
7671,7559,1076
7672,7472,2572
7673,7212,351
7674,7460,1548
7675,993,765
7676,5622,4022
7677,7445,7386
7678,7611,7540
7679,7656,4606
7680,7446,5367
7681,5442,2634
7682,5933,5440
7683,7573,979
7684,4203,3078
7685,7346,7144
7686,7664,7340
7687,6918,236
7688,7435,7206
7689,7324,475
7690,7607,7493
7691,7463,5773
7692,5280,5058
7693,7561,7473
7694,7508,2691
7695,7668,1590
7696,5026,3505
7697,7578,4803
7698,7500,7054
7699,4936,3275
7700,7539,1116
7701,7307,7269
7702,7238,4458
7703,7669,7610
7704,1247,790
7705,7703,7672
7706,7230,5873
7707,7164,5971
7708,4836,3483
7709,7477,1113
7710,466,313
7711,5276,2921
7712,5524,2069
7713,7193,2470
7714,4994,1634
7715,7098,268
7716,7228,3127
7717,5861,2139
7718,7686,2854
7719,7520,1651
7720,1394,434
7721,7224,5316
7722,7161,7096
7723,7527,7517
7724,1359,843
7725,7063,133
7726,7213,7186
7727,7523,5894
7728,7470,7360
7729,7255,848
7730,5701,2714
7731,7363,25
7732,7311,2034
7733,6991,5864
7734,7631,91
7735,3409,2947
7736,5126,2995
7737,5190,3289
7738,7361,1983
7739,5833,1257
7740,7678,7677
7741,7548,2141
7742,7698,7695
7743,4761,1568
7744,7366,694
7745,1437,1210
7746,7521,2829
7747,7443,1170
7748,7605,949
7749,7427,263
7750,7288,7265
7751,7606,5317
7752,7348,6807
7753,5311,1118
7754,7456,7437
7755,4271,3948
7756,7705,5872
7757,5960,5688
7758,2557,2510
7759,3750,3428
7760,7584,943
7761,3020,2075
7762,7756,5404
7763,7718,7368
7764,3074,849
7765,4178,2885
7766,7653,1859
7767,7685,2615
7768,7595,1818
7769,7556,1319
7770,7766,1666
7771,2079,1414
7772,7740,940
7773,7536,1032
7774,7763,4681
7775,185,67
7776,7762,5076
7777,6996,4519
7778,7550,4019
7779,7768,796
7780,7388,2673
7781,7772,3104
7782,7297,2213
7783,4882,1250
7784,4957,4217
7785,7781,1211
7786,4576,1811
7787,7598,1839
7788,7474,2414
7789,7779,7774
7790,7185,4801
7791,4018,361
7792,4220,1312
7793,4744,203
7794,7379,1340
7795,1494,175
7796,7290,4534
7797,7770,2495
7798,7785,7665
7799,7497,803
7800,4395,248
7801,7016,3873
7802,7727,1559
7803,4792,1395
7804,7588,7449
7805,7402,601
7806,7728,7316
7807,5482,2411
7808,7583,5523
7809,7070,3632
7810,7797,7560
7811,176,31
7812,3964,2313
7813,7441,3462
7814,6900,2251
7815,7416,1122
7816,4403,781
7817,2465,2215
7818,7670,7630
7819,7733,1701
7820,7514,4241
7821,7650,7487
7822,274,205
7823,7498,686
7824,7674,7429
7825,7632,2945
7826,7742,3884
7827,7362,2228
7828,7810,7535
7829,7453,3515
7830,3404,1571
7831,7637,7627
7832,5185,3224
7833,5363,1456
7834,457,56
7835,7581,134
7836,7776,7625
7837,7828,2371
7838,2671,1927
7839,2278,1709
7840,7709,2712
7841,7657,2091
7842,7837,1022
7843,3536,1611
7844,7683,7628
7845,4283,3500
7846,3762,137
7847,7589,5844
7848,7723,7579
7849,5800,3168
7850,5922,2961
7851,7662,5274
7852,3822,3661
7853,5085,213
7854,4764,3386
7855,7842,7655
7856,7693,1768
7857,2788,2543
7858,3729,232
7859,4933,1339
7860,7773,1965
7861,7761,7554
7862,5168,598
7863,7622,7375
7864,7855,2107
7865,7572,2970
7866,7327,2220
7867,1622,1075
7868,7614,7351
7869,7659,1313
7870,1587,496
7871,7365,254
7872,7836,7680
7873,7176,4658
7874,7821,3544
7875,7804,6998
7876,7864,4578
7877,7335,4517
7878,7654,3791
7879,7789,7331
7880,7147,3248
7881,3991,2189
7882,7826,7755
7883,5954,5867
7884,7525,7404
7885,4682,1556
7886,7506,7486
7887,5007,750
7888,3925,1388
7889,7719,7702
7890,4086,3896
7891,7283,1285
7892,7537,104
7893,7820,5151
7894,7433,6236
7895,7552,2456
7896,4716,3847
7897,3392,3158
7898,7504,7420
7899,7708,13
7900,7529,7306
7901,7713,7432
7902,7398,7381
7903,5807,4549
7904,7751,2542
7905,7729,1697
7906,5558,3342
7907,7716,7638
7908,7882,194
7909,7794,1410
7910,7597,2354
7911,5583,426
7912,7860,4777
7913,7802,2436
7914,7884,7856
7915,7247,1365
7916,7874,7815
7917,3389,304
7918,7901,541
7919,7847,7691
7920,7586,5423
7921,7617,4717
7922,7808,7452
7923,7908,4736
7924,7410,3270
7925,4000,3501
7926,7798,517
7927,4424,1441
7928,2551,1119
7929,5782,1175
7930,7769,1129
7931,7749,109
7932,4540,2665
7933,7748,3865
7934,7746,7399
7935,7848,7624
7936,7903,4163
7937,7923,7876
7938,7818,1327
7939,7881,7788
7940,4275,1409
7941,7841,7722
7942,5963,5587
7943,7688,7395
7944,7137,2210
7945,178,84
7946,7840,7575
7947,4148,303
7948,1810,283
7949,7813,5349
7950,5428,2476
7951,7569,3437
7952,7479,493
7953,2188,1324
7954,1691,1030
7955,5976,2633
7956,7879,2847
7957,5902,1061
7958,481,87
7959,451,130
7960,7591,3682
7961,7640,6592
7962,7741,7484
7963,504,319
7964,7183,2266
7965,5822,3017
7966,3215,2529
7967,7931,3744
7968,5068,415
7969,7721,4005
7970,5075,3795
7971,7717,7546
7972,4320,3316
7973,7706,3480
7974,5669,3318
7975,7846,3709
7976,4332,836
7977,7651,7574
7978,7715,2720
7979,7426,4199
7980,7615,7253
7981,7593,4992
7982,7476,4098
7983,7825,746
7984,4411,2965
7985,7867,7787
7986,7814,7608
7987,5049,1134
7988,5770,4495
7989,7671,7602
7990,7700,4531
7991,3774,1973
7992,7892,7872
7993,7956,4608
7994,7492,1795
7995,7935,7641
7996,4114,2237
7997,5875,2376
7998,7863,7851
7999,7930,1677
8000,3396,3007
8001,7993,7912
8002,7734,5419
8003,3039,1872
8004,7666,1655
8005,7699,3035
8006,7807,155
8007,7594,5700
8008,7673,1950
8009,1952,1625
8010,5890,5537
8011,7875,7645
8012,7831,7730
8013,7553,1181
8014,7937,659
8015,7568,7337
8016,7941,1120
8017,7926,4709
8018,7865,7512
8019,7370,114
8020,7313,5091
8021,7801,7191
8022,7393,5052
8023,7344,1740
8024,7827,1323
8025,7835,5685
8026,4988,4977
8027,7992,2082
8028,7780,2050
8029,944,800
8030,7184,5291
8031,5743,4769
8032,8017,540
8033,7938,7905
8034,7767,6764
8035,5163,1704
8036,3663,624
8037,7983,7914
8038,7844,510
8039,7970,7868
8040,7422,4107
8041,7689,2848
8042,7921,655
8043,7823,7285
8044,7902,7690
8045,7900,2348
8046,7977,7580
8047,2072,772
8048,7585,1572
8049,7962,7739
8050,4756,4110
8051,7731,5757
8052,2785,227
8053,8027,5106
8054,480,233
8055,5675,1502
8056,3256,3062
8057,7861,3230
8058,8033,7480
8059,7738,2327
8060,8044,7707
8061,7720,3806
8062,7765,2303
8063,7975,1833
8064,7946,7920
8065,7990,7918
8066,4432,878
8067,5634,3325
8068,7649,1346
8069,1875,296
8070,7687,4016
8071,8001,1184
8072,7829,4935
8073,4718,3277
8074,3625,2753
8075,7904,7406
8076,7675,7292
8077,5665,4574
8078,5607,3947
8079,4324,1066
8080,4616,1453
8081,7676,3383
8082,7436,7239
8083,4500,2597
8084,8032,7558
8085,8016,2023
8086,8038,7909
8087,3855,3811
8088,1749,411
8089,7793,5105
8090,467,322
8091,7621,348
8092,7661,7528
8093,7745,1167
8094,5330,139
8095,8014,2385
8096,7513,7491
8097,7967,3050
8098,7505,5277
8099,8053,7620
8100,6469,4062
8101,8095,7759
8102,7998,7843
8103,8071,444
8104,7750,7694
8105,7889,7592
8106,8007,7878
8107,7913,1146
8108,7754,3852
8109,8103,4706
8110,7461,1
8111,7969,928
8112,2896,2254
8113,7747,5972
8114,7599,7510
8115,7943,4692
8116,7981,7907
8117,8013,2867
8118,7816,865
8119,2883,297
8120,5870,2457
8121,7681,3464
8122,7764,4124
8123,7744,3509
8124,8109,909
8125,7886,3727
8126,8084,606
8127,5733,966
8128,8099,3293
8129,5855,4513
8130,461,406
8131,7924,2771
8132,8128,7243
8133,8046,7819
8134,717,528
8135,2907,1016
8136,7697,4802
8137,8126,7726
8138,5444,110
8139,7895,5023
8140,8107,5592
8141,8124,7995
8142,5246,995
8143,5859,2169
8144,7849,7428
8145,7652,3054
8146,7629,2688
8147,4365,3086
8148,7778,2761
8149,8097,7893
8150,7877,4798
8151,3837,2656
8152,8025,7947
8153,8045,1714
8154,8019,4336
8155,8132,4856
8156,7917,1776
8157,3725,3081
8158,3952,2252
8159,7979,7458
8160,7499,3578
8161,8064,2705
8162,1361,1238
8163,7108,5754
8164,8018,604
8165,8137,1396
8166,6958,1380
8167,7933,7736
8168,7871,7156
8169,4825,3048
8170,5471,4883
8171,5955,2745
8172,8101,1461
8173,3350,3305
8174,8141,7971
8175,7939,7919
8176,7887,5405
8177,8172,7997
8178,8140,1897
8179,7696,5823
8180,8174,2462
8181,7955,1508
8182,441,341
8183,8139,5528
8184,5499,1014
8185,8177,8092
8186,7964,7490
8187,2486,1563
8188,387,144
8189,7786,3575
8190,8004,7858
8191,7549,5437
8192,8180,3953
8193,3494,1499
8194,3418,1600
8195,3296,1832
8196,7516,4896
8197,8051,524
8198,5738,1194
8199,2446,2009
8200,8060,8040
8201,2990,1391
8202,7799,4477
8203,7869,5130
8204,8185,7922
8205,7796,1516
8206,7068,586
8207,7852,5323
8208,7425,1939
8209,8192,8135
8210,2478,1354
8211,5154,2390
8212,3898,751
8213,8065,4511
8214,7701,1665
8215,3058,234
8216,3767,1793
8217,1638,602
8218,3235,7
8219,8165,3801
8220,8155,1626
8221,8042,1445
8222,8200,8020
8223,7310,1381
8224,8220,8113
8225,8204,8123
8226,7660,7317
8227,5937,5893
8228,3336,2810
8229,8209,8086
8230,7803,1160
8231,7980,3417
8232,211,111
8233,8225,4814
8234,7989,7616
8235,7934,7533
8236,5850,5571
8237,8039,1403
8238,7812,5305
8239,8233,904
8240,7329,5970
8241,4319,3591
8242,7986,1159
8243,8059,7596
8244,7543,5494
8245,8085,8028
8246,7973,7455
8247,7545,1515
8248,8133,8011
8249,7704,2933
8250,8219,38
8251,8178,7511
8252,8114,7916
8253,7833,1263
8254,8153,8023
8255,8002,2625
8256,8250,990
8257,7679,4419
8258,8239,190
8259,8106,7954
8260,8258,8055
8261,8081,3931
8262,3433,3154
8263,8150,7408
8264,6967,4038
8265,8256,1050
8266,8102,605
8267,7682,4061
8268,8146,1472
8269,3710,1763
8270,2489,1642
8271,8058,7482
8272,8104,2726
8273,8022,2889
8274,1721,1183
8275,7988,3621
8276,4664,3115
8277,7806,7805
8278,8260,5054
8279,7714,5013
8280,7396,4104
8281,7862,7538
8282,8214,8043
8283,7994,7932
8284,1008,58
8285,4634,3126
8286,8072,7885
8287,7800,1936
8288,8037,4737
8289,4214,157
8290,8278,8266
8291,5920,4725
8292,8257,8175
8293,7562,4952
8294,8248,8224
8295,8108,1351
8296,5836,5063
8297,3227,93
8298,8265,1694
8299,8029,5985
8300,8231,3431
8301,7978,7857
8302,8164,3452
8303,8249,8118
8304,506,436
8305,8012,5716
8306,8121,7464
8307,7898,3787
8308,7157,2716
8309,8290,8075
8310,8034,4342
8311,7737,2125
8312,3697,1796
8313,3303,142
8314,8167,187
8315,7950,5245
8316,8136,8111
8317,8076,5336
8318,7771,4816
8319,8115,5092
8320,8298,4907
8321,8252,2750
8322,7929,692
8323,5057,2739
8324,7522,24
8325,3616,1863
8326,8309,3611
8327,8196,7633
8328,7915,2295
8329,8024,1314
8330,8320,743
8331,7961,5501
8332,8122,4243
8333,7795,7345
8334,8179,3602
8335,8259,8229
8336,8295,2033
8337,8105,8087
8338,8026,982
8339,8068,2068
8340,165,30
8341,7927,4069
8342,8330,1305
8343,1191,588
8344,3419,2767
8345,8338,8288
8346,5724,5426
8347,8191,7782
8348,7634,3639
8349,5698,288
8350,8302,2707
8351,5790,5257
8352,4149,1355
8353,8326,734
8354,7910,328
8355,2146,2127
8356,8149,8021
8357,8221,8161
8358,8213,7758
8359,5435,2856
8360,7928,4781
8361,2165,1569
8362,7880,3011
8363,8197,3531
8364,8243,710
8365,2406,1706
8366,8335,1426
8367,7999,1493
8368,4483,373
8369,1670,1561
8370,3055,2853
8371,8254,8251
8372,8366,8162
8373,4573,454
8374,8321,824
8375,8294,8202
8376,4779,1155
8377,8151,4778
8378,8353,8159
8379,8372,2247
8380,8203,448
8381,1316,325
8382,8342,874
8383,3756,1802
8384,5392,1244
8385,7976,1862
8386,347,327
8387,5039,3788
8388,8336,8116
8389,5107,4759
8390,418,63
8391,7866,4238
8392,5053,4268
8393,7809,3736
8394,1942,419
8395,8345,685
8396,8276,5022
8397,8009,5138
8398,2417,1841
8399,8378,562
8400,8319,8237
8401,8379,4632
8402,2503,1581
8403,7639,5446
8404,8272,7911
8405,5129,5037
8406,8176,7984
8407,8222,7571
8408,8375,712
8409,5626,1233
8410,4712,4533
8411,8041,377
8412,8079,166
8413,8230,8061
8414,3974,3063
8415,8408,8181
8416,7985,7850
8417,8322,4194
8418,7873,4049
8419,8399,5575
8420,4075,3992
8421,1385,1189
8422,8419,1152
8423,8350,8035
8424,8357,8093
8425,8374,1658
8426,8245,8074
8427,8052,3882
8428,5863,302
8429,5776,5753
8430,8314,7582
8431,5905,5862
8432,7965,2226
8433,8170,2644
8434,8186,1741
8435,8261,8120
8436,4254,3951
8437,8415,2116
8438,8422,8316
8439,8189,8066
8440,7896,7760
8441,8437,8096
8442,8401,8282
8443,5547,4423
8444,8358,8216
8445,3699,2835
8446,3874,1784
8447,7839,1599
8448,3204,2110
8449,8208,3649
8450,1641,672
8451,7752,4794
8452,4586,3038
8453,8156,2863
8454,8425,8047
8455,2657,1728
8456,8407,4389
8457,7790,2
8458,3871,3580
8459,8441,5379
8460,5623,924
8461,8397,7949
8462,7894,2570
8463,5300,3880
8464,2167,39
8465,3471,3351
8466,5912,3949
8467,2156,1774
8468,4385,1852
8469,8145,1451
8470,4139,2345
8471,8271,7845
8472,2346,2020
8473,4384,3849
8474,8138,4943
8475,7777,3667
8476,8406,1317
8477,4934,3367
8478,8264,8057
8479,8125,5302
8480,8438,7936
8481,5944,5644
8482,5402,3983
8483,3851,8
8484,8339,856
8485,8395,1766
8486,7383,3151
8487,5010,3278
8488,8301,4622
8489,5666,3579
8490,8442,936
8491,8424,8382
8492,5561,217
8493,8490,846
8494,5609,2386
8495,8459,4421
8496,8329,7906
8497,7945,499
8498,8056,5103
8499,7577,2864
8500,5598,4002
8501,8327,8050
8502,7968,148
8503,8493,2094
8504,1431,701
8505,8333,3481
8506,7982,5348
8507,8503,1995
8508,8480,8062
8509,7987,3460
8510,4657,2773
8511,5495,4928
8512,8356,5112
8513,8507,1786
8514,8234,2084
8515,8212,4919
8516,8303,2599
8517,8238,2652
8518,8292,1064
8519,8461,7817
8520,8508,8227
8521,2357,2245
8522,8495,3071
8523,8513,761
8524,8281,983
8525,5319,1182
8526,8523,669
8527,7244,4618
8528,8520,8300
8529,4940,2087
8530,8310,3130
8531,7732,2219
8532,8418,8152
8533,8434,1682
8534,8242,2157
8535,8253,8184
8536,8082,8049
8537,5229,5069
8538,8524,8522
8539,7952,92
8540,8003,7783
8541,4493,269
8542,8198,6957
8543,8462,4274
8544,2973,1855
8545,8526,7940
8546,8528,7647
8547,2872,1963
8548,7944,2040
8549,7824,4602
8550,8110,8048
8551,5645,3808
8552,8363,4333
8553,5854,3981
8554,8380,8183
8555,3829,336
8556,8168,4524
8557,8529,1019
8558,8546,8404
8559,1986,779
8560,4673,1689
8561,2960,1145
8562,8391,2039
8563,5921,2298
8564,7991,7883
8565,8426,2669
8566,5353,240
8567,8364,7784
8568,4032,2131
8569,4623,989
8570,5238,209
8571,8423,8235
8572,8447,1221
8573,7724,2046
8574,7667,4140
8575,7711,3771
8576,8223,5072
8577,8466,5516
8578,8163,1094
8579,5915,4017
8580,5527,2042
8581,5663,2782
8582,8545,553
8583,2787,1521
8584,7775,1700
8585,8454,5514
8586,1690,1267
8587,8413,1117
8588,8388,2319
8589,5608,1009
8590,8005,4548
8591,4965,4959
8592,8485,988
8593,8277,4700
8594,8582,8444
8595,4887,1054
8596,8206,3976
8597,8558,8484
8598,8360,2090
8599,4997,4570
8600,3291,3206
8601,8538,3645
8602,5400,4961
8603,5826,5671
8604,8367,8284
8605,8471,7743
8606,3102,2496
8607,8592,977
8608,7948,3813
8609,7646,5132
8610,8098,691
8611,3393,3226
8612,3014,2045
8613,7564,4701
8614,8533,1442
8615,8228,4425
8616,8601,1328
8617,1957,1459
8618,8594,8535
8619,8255,8117
8620,7565,2701
8621,2577,2223
8622,4924,4650
8623,5749,1310
8624,8491,4751
8625,8354,768
8626,8512,8377
8627,7959,1934
8628,8456,5479
8629,8385,1594
8630,5814,1895
8631,8134,859
8632,8540,8315
8633,7684,1173
8634,8514,571
8635,8618,8416
8636,8392,4198
8637,7272,3508
8638,8091,422
8639,8119,201
8640,5506,484
8641,8337,1980
8642,8088,2983
8643,8628,8160
8644,8187,1780
8645,4958,4869
8646,8597,740
8647,1628,1151
8648,214,164
8649,8605,8439
8650,5332,3930
8651,4366,1059
8652,8585,8143
8653,2891,2036
8654,8400,3923
8655,1535,1243
8656,1972,576
8657,8624,8607
8658,5015,55
8659,3475,3150
8660,2979,2802
8661,7891,4762
8662,8427,7854
8663,8381,2561
8664,2682,2429
8665,8112,1136
8666,8521,5756
8667,2095,1756
8668,8616,8171
8669,5198,729
8670,8588,8332
8671,8450,1492
8672,5828,1779
8673,8412,2552
8674,8430,1903
8675,7888,1582
8676,8341,8129
8677,8390,52
8678,8323,1549
8679,8246,5839
8680,8641,8073
8681,3398,3308
8682,8534,1021
8683,8283,1592
8684,8131,7207
8685,8273,3262
8686,5825,1072
8687,7792,3201
8688,8389,8127
8689,5709,1005
8690,4873,4568
8691,8646,1945
8692,8668,78
8693,8635,2629
8694,8571,1671
8695,8573,2093
8696,8593,877
8697,2269,719
8698,8692,8318
8699,8626,8089
8700,1609,1558
8701,8469,3233
8702,4967,4561
8703,2636,1922
8704,8691,814
8705,5748,5585
8706,7838,145
8707,8693,5351
8708,8435,1258
8709,4902,2270
8710,8704,4955
8711,8674,474
8712,4452,4398
8713,5120,212
8714,1545,1166
8715,8241,8154
8716,8552,8468
8717,8201,2690
8718,2505,1596
8719,8190,332
8720,3560,3334
8721,8240,7899
8722,3543,1428
8723,8348,3134
8724,8291,241
8725,3881,2186
8726,8698,2799
8727,2858,1147
8728,8205,8199
8729,8710,3839
8730,5982,886
8731,2280,1470
8732,4551,414
8733,7642,3490
8734,7960,2958
8735,4205,3135
8736,8726,8517
8737,2833,2221
8738,5714,3754
8739,8707,5414
8740,3484,2700
8741,8504,2957
8742,8643,333
8743,8614,8475
8744,342,80
8745,8572,3890
8746,8489,5673
8747,8496,8306
8748,8069,831
8749,2994,1743
8750,7712,1192
8751,5567,1227
8752,4850,4747
8753,8568,7972
8754,8739,3658
8755,8729,1468
8756,8755,8697
8757,3635,2925
8758,8518,2544
8759,3042,2539
8760,8754,3080
8761,3585,1820
8762,4390,4128
8763,8760,8696
8764,8169,4566
8765,8742,2515
8766,8587,3186
8767,3133,3114
8768,8536,8328
8769,8663,4931
8770,5880,4580
8771,5730,5630
8772,8217,3037
8773,5568,4136
8774,8325,5551
8775,8679,8562
8776,8440,2312
8777,5942,622
8778,8756,8736
8779,8682,2168
8780,8758,8467
8781,8460,822
8782,4772,3776
8783,8479,3668
8784,8783,8100
8785,8279,2413
8786,8652,8398
8787,8596,1109
8788,8670,2409
8789,4299,3620
8790,8492,2263
8791,1226,850
8792,8554,748
8793,8780,1048
8794,2483,1916
8795,8210,7636
8796,8763,8519
8797,8054,225
8798,8090,430
8799,8305,2600
8800,8289,5094
8801,8317,8063
8802,8449,3288
8803,8516,2920
8804,7567,3701
8805,8654,8312
8806,8778,8680
8807,464,54
8808,5760,3280
8809,8686,8565
8810,8532,4334
8811,7601,3032
8812,8719,32
8813,8786,866
8814,5582,1620
8815,8361,8296
8816,2404,1901
8817,8263,4512
8818,8463,7753
8819,7822,335
8820,5765,3143
8821,8610,3703
8822,5853,5729
8823,8699,8583
8824,7897,5515
8825,3924,643
8826,8543,4206
8827,8549,5604
8828,4617,698
8829,8417,8371
8830,8182,1484
8831,8796,715
8832,8789,2941
8833,8831,1964
8834,5061,2216
8835,8458,4688
8836,5174,2241
8837,8499,1788
8838,8411,2871
8839,8833,8539
8840,7951,5653
8841,8564,3247
8842,3685,2323
8843,8556,8474
8844,4582,2524
8845,1371,459
8846,8362,3364
8847,8448,5572
8848,3889,745
8849,8494,8365
8850,4346,3556
8851,8649,7953
8852,3264,2651
8853,8806,4585
8854,8788,5161
8855,7834,5252
8856,1669,1249
8857,8629,8569
8858,2162,808
8859,5763,4592
8860,8839,8158
8861,5186,1576
8862,8813,4865
8863,4741,1298
8864,8457,3844
8865,8810,7963
8866,8657,523
8867,8765,4082
8868,5796,4780
8869,8860,1363
8870,5219,4746
8871,5805,594
8872,8478,5352
8873,4201,3804
8874,8851,8515
8875,8869,3405
8876,2658,2463
8877,8498,5208
8878,8166,5542
8879,8634,548
8880,3147,2537
8881,8862,2727
8882,8854,657
8883,8148,2953
8884,8875,8578
8885,1309,1215
8886,8299,5060
8887,3274,1762
8888,5597,2969
8889,5055,3716
8890,8548,8010
8891,8195,4453
8892,8745,8373
8893,8884,1966
8894,8567,8511
8895,5741,4694
8896,8708,5399
8897,5947,4404
8898,8799,8006
8899,1933,428
8900,8334,197
8901,8893,888
8902,8581,8311
8903,8446,4624
8904,8501,3423
8905,650,544
8906,8901,8476
8907,8236,5973
8908,8803,1752
8909,8809,1325
8910,8867,8723
8911,8531,5783
8912,8853,4974
8913,4640,1234
8914,8547,8344
8915,1823,1407
8916,8805,8287
8917,8881,8500
8918,8812,8566
8919,8655,4466
8920,5560,3903
8921,8912,2011
8922,8347,1026
8923,8743,8653
8924,5427,4724
8925,4563,2175
8926,8211,5503
8927,8247,7590
8928,8502,3747
8929,8685,5812
8930,8694,2369
8931,8405,4646
8932,8724,4447
8933,8619,81
8934,8906,839
8935,8482,1616
8936,3263,1011
8937,8638,66
8938,8866,2555
8939,8690,4331
8940,8627,8008
8941,3841,1716
8942,8078,2086
8943,8823,8429
8944,8785,5908
8945,1449,381
8946,8827,7735
8947,3850,3335
8948,8488,1785
8949,8793,8775
8950,8909,8879
8951,8934,1546
8952,8409,2439
8953,8661,8036
8954,2187,2080
8955,8792,8667
8956,8683,3582
8957,8617,8274
8958,7832,4895
8959,2533,1531
8960,3993,1003
8961,8896,8816
8962,8393,3863
8963,5529,2265
8964,8938,4556
8965,8921,8675
8966,8930,8766
8967,8874,3706
8968,2349,1854
8969,5832,3287
8970,2253,1287
8971,8747,8673
8972,7958,408
8973,8951,8671
8974,8965,8580
8975,4930,2980
8976,2935,2874
8977,5646,2271
8978,8891,8280
8979,8964,8604
8980,1982,1185
8981,8892,4912
8982,5603,4908
8983,8845,8829
8984,3646,3129
8985,8262,5635
8986,8828,8591
8987,8717,2583
8988,8331,5789
8989,8505,4486
8990,8681,3446
8991,4338,1745
8992,8477,1163
8993,8684,8656
8994,8432,503
8995,8933,5684
8996,955,567
8997,2595,704
8998,3557,224
8999,8000,3476
9000,8957,8550
9001,8226,4510
9002,8974,8916
9003,4669,2693
9004,559,558
9005,8665,8268
9006,3190,76
9007,8709,1654
9008,8882,2206
9009,8609,614
9010,8542,8307
9011,8973,1477
9012,8858,1908
9013,9011,1496
9014,5189,5031
9015,985,913
9016,8700,1783
9017,8843,8711
9018,8983,2654
9019,8031,2616
9020,8918,8885
9021,8244,7925
9022,8676,801
9023,9005,8917
9024,1804,1790
9025,4755,4472
9026,8963,8779
9027,5693,4635
9028,7518,2902
9029,8383,8142
9030,3458,902
9031,8215,2513
9032,8956,2318
9033,1993,1099
9034,1588,208
9035,8883,4655
9036,8431,5520
9037,9018,8750
9038,8908,1207
9039,5217,141
9040,8706,1004
9041,3140,2948
9042,9015,9013
9043,4257,1971
9044,8734,613
9045,8702,4970
9046,1369,1280
9047,7663,5271
9048,8285,2601
9049,3121,1889
9050,5200,1711
9051,8961,7757
9052,8910,382
9053,8530,8194
9054,3524,1759
9055,3533,708
9056,8979,741
9057,8410,4340
9058,8436,3662
9059,8275,7942
9060,8297,1672
9061,4927,1806
9062,8894,8632
9063,8267,4045
9064,9056,136
9065,9002,8835
9066,8308,5804
9067,8715,5562
9068,5490,226
9069,8971,8470
9070,9042,8631
9071,8712,8621
9072,8394,5064
9073,8716,3424
9074,8949,8847
9075,5847,5045
9076,8402,2997
9077,1907,1789
9078,8688,1540
9079,8898,3911
9080,8955,5775
9081,5081,623
9082,9070,8774
9083,9064,2155
9084,7966,1225
9085,8764,8304
9086,8859,4903
9087,8900,8801
9088,8769,8541
9089,147,126
9090,4871,4723
9091,8849,3077
9092,9037,1668
9093,8864,8015
9094,9082,1816
9095,8640,8070
9096,8877,7890
9097,9083,8421
9098,8946,1069
9099,9094,590
9100,8396,3700
9101,8077,3338
9102,7623,3679
9103,9099,2022
9104,7237,2724
9105,8865,8815
9106,8922,8794
9107,8544,2811
9108,1420,427
9109,8784,4396
9110,5167,3117
9111,8293,3266
9112,9008,8980
9113,8613,1803
9114,8351,5632
9115,9103,8903
9116,9069,8701
9117,8433,2227
9118,8722,1097
9119,8080,2851
9120,5835,1715
9121,4804,4267
9122,1352,599
9123,8804,5117
9124,5917,2932
9125,8443,3738
9126,9115,8994
9127,8695,2992
9128,8913,2083
9129,8950,777
9130,5734,1199
9131,8967,942
9132,4248,2801
9133,8995,4215
9134,8943,3956
9135,5633,309
9136,4414,1042
9137,8761,3617
9138,5034,3317
9139,9126,9085
9140,4807,4805
9141,8966,4667
9142,8781,8731
9143,8270,2605
9144,8575,305
9145,9065,8941
9146,8642,180
9147,9092,957
9148,9107,8718
9149,8904,2721
9150,8727,2426
9151,9029,1024
9152,2868,2604
9153,8551,2134
9154,8948,4603
9155,8777,1989
9156,9052,8506
9157,9156,5329
9158,8453,2501
9159,9074,8790
9160,8584,443
9161,4208,378
9162,8738,8615
9163,9145,8579
9164,8871,5752
9165,8872,8428
9166,2422,375
9167,9147,8586
9168,9032,8623
9169,8452,1071
9170,8611,3075
9171,8840,4704
9172,9134,8368
9173,8414,3436
9174,7859,1539
9175,4053,228
9176,8650,5616
9177,1674,177
9178,8687,3962
9179,8802,5301
9180,9080,889
9181,8868,2250
9182,8555,7853
9183,9139,1007
9184,9101,4687
9185,8746,8645
9186,4359,3569
9187,8728,2964
9188,8147,1805
9189,3379,102
9190,8768,1798
9191,9183,4812
9192,9131,4880
9193,2106,29
9194,3878,1520
9195,8748,2102
9196,8846,4863
9197,9079,5882
9198,9191,1639
9199,9012,1575
9200,8817,554
9201,9163,2620
9202,8993,8570
9203,8359,2976
9204,8751,8620
9205,8713,3324
9206,9198,5263
9207,9141,8759
9208,4196,21
9209,9201,825
9210,9206,8952
9211,5507,4409
9212,9209,9024
9213,7192,2717
9214,9036,8844
9215,9210,8837
9216,8486,3752
9217,9157,9014
9218,9215,1427
9219,8911,5742
9220,4809,3239
9221,8725,3493
9222,8557,640
9223,9097,8662
9224,4642,2304
9225,9212,8836
9226,9020,9007
9227,9023,8672
9228,9192,8928
9229,2642,1880
9230,9112,3415
9231,8483,4990
9232,1474,16
9233,9167,1527
9234,9026,1722
9235,9218,1938
9236,9227,5187
9237,8083,2003
9238,2449,2166
9239,9116,9051
9240,5046,324
9241,8376,2153
9242,9109,3941
9243,9235,9038
9244,123,23
9245,8560,8355
9246,9225,812
9247,8752,5213
9248,8821,8678
9249,5135,952
9250,8735,5389
9251,2190,763
9252,4528,4218
9253,9053,8622
9254,8599,1808
9255,8820,4771
9256,9133,8509
9257,9149,7974
9258,4844,827
9259,9223,4676
9260,4775,3726
9261,9172,8590
9262,2123,1318
9263,9154,546
9264,8094,2776
9265,9105,8232
9266,9127,9048
9267,8749,7957
9268,7870,4982
9269,2908,1684
9270,8472,1331
9271,8403,3512
9272,5979,649
9273,8625,4889
9274,5977,1997
9275,1817,1623
9276,8218,4909
9277,9067,8787
9278,8795,5256
9279,5713,1421
9280,1479,538
9281,9259,8976
9282,9243,8924
9283,1848,169
9284,9246,9022
9285,9217,8636
9286,9140,4773
9287,9281,5465
9288,3842,3408
9289,5996,2740
9290,9253,9098
9291,9162,9073
9292,8527,2447
9293,8988,8770
9294,7710,2460
9295,8939,8207
9296,9129,702
9297,9282,1781
9298,9236,8923
9299,9228,5362
9300,9284,3572
9301,9297,8986
9302,4463,2177
9303,9091,3636
9304,9300,9265
9305,2899,2796
9306,8811,293
9307,8574,5463
9308,2289,1483
9309,9301,8857
9310,9226,5227
9311,9049,735
9312,8890,5522
9313,8886,802
9314,8863,5232
9315,9199,9128
9316,9230,4894
9317,9287,8660
9318,9106,2394
9319,9187,3194
9320,9050,3521
9321,3466,3076
9322,8343,2857
9323,9233,8563
9324,9296,8689
9325,4828,3454
9326,9207,8757
9327,2805,326
9328,4620,3987
9329,9309,5443
9330,8958,8595
9331,9329,3593
9332,9331,1667
9333,3327,83
9334,8451,3242
9335,8889,8721
9336,9317,5417
9337,8992,2184
9338,9234,8838
9339,9332,4841
9340,8730,2285
9341,4938,3388
9342,9304,8800
9343,4289,4202
9344,9339,8987
9345,9076,2027
9346,8905,542
9347,5087,1853
9348,9285,5089
9349,5220,925
9350,8929,3576
9351,5676,3853
9352,9148,900
9353,9058,820
9354,3341,2623
9355,9342,1078
9356,8919,8647
9357,9044,970
9358,1241,1088
9359,5095,1998
9360,9159,5335
9361,9344,1161
9362,5621,3414
9363,2901,2525
9364,4795,4745
9365,2695,2384
9366,8637,1475
9367,5410,2109
9368,9361,9310
9369,8978,1695
9370,9160,8981
9371,9168,2171
9372,9261,1864
9373,8953,4152
9374,9190,8666
9375,8737,8598
9376,8861,1190
9377,9197,620
9378,5702,5642
9379,9061,8927
9380,8942,8914
9381,479,195
9382,9263,1528
9383,8464,5299
9384,8600,3328
9385,1921,764
9386,9224,5310
9387,8340,99
9388,9348,8776
9389,8741,5110
9390,9059,8144
9391,9298,9039
9392,5071,3823
9393,8193,1058
9394,9368,706
9395,9305,2299
9396,3426,2203
9397,4121,2655
9398,549,518
9399,920,700
9400,3109,2021
9401,9355,2115
9402,9006,8791
9403,5755,2410
9404,9401,9086
9405,9136,2018
9406,9001,2708
9407,1476,1065
9408,9185,9142
9409,9303,1633
9410,9291,752
9411,9271,5005
9412,9323,8915
9413,4341,2342
9414,9324,8968
9415,3195,3149
9416,992,680
9417,2398,1974
9418,9027,8669
9419,9404,2479
9420,8826,3696
9421,9066,1106
9422,9394,2954
9423,8830,2364
9424,1750,1637
9425,9316,3656
9426,9419,749
9427,9071,8997
9428,1850,1578
9429,9118,1782
9430,9377,3676
9431,9040,8772
9432,216,172
9433,1797,494
9434,9422,1584
9435,9426,9075
9436,8998,1844
9437,9062,3845
9438,9000,8369
9439,9434,683
9440,8714,1525
9441,5641,4211
9442,3640,2950
9443,8420,3570
9444,5690,3223
9445,9360,9158
9446,9393,9299
9447,9435,8895
9448,1685,1595
9449,3368,2563
9450,1412,585
9451,9439,783
9452,9180,660
9453,8960,2900
9454,9336,9146
9455,9451,1264
9456,4307,2224
9457,8945,2931
9458,9290,8602
9459,9264,564
9460,9414,1829
9461,9220,1985
9462,5269,664
9463,9202,758
9464,5573,2355
9465,9425,8608
9466,9277,2859
9467,5578,3583
9468,9200,4848
9469,4966,1929
9470,9412,5513
9471,5249,4503
9472,4545,2475
9473,2481,1636
9474,9455,9078
9475,8834,5416
9476,9219,5539
9477,9454,9371
9478,7692,3295
9479,9326,5131
9480,9445,1232
9481,6827,1360
9482,8818,8798
9483,9124,8648
9484,9446,9359
9485,9104,5273
9486,9475,5239
9487,8561,396
9488,9179,532
9489,9035,8855
9490,9196,8842
9491,9380,9364
9492,3848,1943
9493,8346,960
9494,9474,1610
9495,8720,1294
9496,5735,2689
9497,9465,8848
9498,9017,492
9499,198,125
9500,9276,2500
9501,9257,3647
9502,9374,1012
9503,9242,469
9504,8936,8644
9505,9494,627
9506,9165,9054
9507,9195,2828
9508,9087,2322
9509,9372,9205
9510,7466,830
9511,9430,3216
9512,9447,9181
9513,3489,153
9514,9505,9431
9515,9182,3522
9516,9354,3177
9517,9319,8510
9518,9222,539
9519,9382,5093
9520,4407,4276
9521,4644,2968
9522,5866,2049
9523,9512,1411
9524,8822,2612
9525,8907,887
9526,9096,8030
9527,9266,7830
9528,8445,399
9529,8926,526
9530,2440,2293
9531,9312,113
9532,9408,9088
9533,8352,3272
9534,9237,262
9535,9389,2972
9536,9523,1374
9537,9249,3834
9538,9256,4552
9539,9536,9379
9540,9514,9429
9541,9072,1356
9542,9047,1344
9543,9122,1564
9544,5725,2445
9545,9539,9466
9546,9113,9045
9547,9269,3421
9548,9470,9427
9549,5619,3105
9550,9376,9238
9551,9479,3637
9552,9545,3148
9553,9540,1736
9554,9346,5424
9555,8130,49
9556,9110,9034
9557,9552,2967
9558,9254,276
9559,9557,9248
9560,9306,1800
9561,5829,5654
9562,9477,5339
9563,9562,4627
9564,9311,842
9565,8954,2124
9566,4643,271
9567,9391,9016
9568,8455,2052
9569,9509,3592
9570,9239,2946
9571,9123,5308
9572,9551,9452
9573,9102,9081
9574,9350,9132
9575,1307,667
9576,8937,1719
9577,9559,8782
9578,8959,2627
9579,5986,3571
9580,3265,3112
9581,9108,873
9582,3605,3552
9583,9247,193
9584,8944,8387
9585,9232,1174
9586,9171,4851
9587,9553,4730
9588,9577,2649
9589,9563,8856
9590,9302,8370
9591,9352,3607
9592,9460,9423
9593,9437,709
9594,9589,2842
9595,9251,1373
9596,2370,1612
9597,9293,9030
9598,4242,3713
9599,9135,2028
9600,8880,1077
9601,766,731
9602,5370,3381
9603,9338,1148
9604,9588,4876
9605,3267,2585
9606,9055,3912
9607,9570,9543
9608,9335,8473
9609,9587,2589
9610,5459,3704
9611,8603,1775
9612,9609,899
9613,4595,4207
9614,9125,8773
9615,9155,744
9616,9370,345
9617,4949,320
9618,9592,8969
9619,9410,9025
9620,9604,9405
9621,4852,2927
9622,8559,711
9623,9491,9315
9624,9117,3330
9625,9307,3867
9626,5116,2728
9627,9273,3443
9628,9497,896
9629,8975,8576
9630,5543,4707
9631,9388,5640
9632,9612,2807
9633,9484,3519
9634,9498,2609
9635,9573,581
9636,9594,9508
9637,9456,1702
9638,9569,5431
9639,9632,8870
9640,5544,1726
9641,9255,5924
9642,9531,9502
9643,9620,4541
9644,9548,2912
9645,9639,9521
9646,8984,5216
9647,9268,3664
9648,5662,2076
9649,9572,9532
9650,9476,4169
9651,9643,9143
9652,3444,3271
9653,9318,5526
9654,8931,4621
9655,5992,5990
9656,2850,2024
9657,9406,9152
9658,4815,128
9659,9537,2249
9660,9121,656
9661,9645,1644
9662,8324,1197
9663,9421,8814
9664,1100,352
9665,9638,631
9666,9457,4358
9667,9279,1405
9668,8962,3612
9669,9644,1981
9670,9651,3687
9671,9670,8577
9672,9661,5467
9673,9010,8589
9674,2290,607
9675,8902,372
9676,9286,795
9677,9628,2268
9678,9443,9369
9679,9489,8989
9680,1130,841
9681,9458,9418
9682,8985,678
9683,8639,3478
9684,2736,2663
9685,9100,338
9686,9384,2588
9687,9119,8313
9688,9501,8920
9689,9063,2441
9690,9567,8982
9691,9671,9250
9692,9409,9150
9693,9669,4639
9694,9407,8487
9695,9672,9398
9696,8940,8797
9697,9623,845
9698,9169,8286
9699,9176,2172
9700,9274,5865
9701,9636,1278
9702,9618,9593
9703,9366,9216
9704,2211,828
9705,9691,9665
9706,4987,1703
9707,9633,893
9708,2755,811
9709,9695,5259
9710,9603,9313
9711,9459,9270
9712,3240,3181
9713,9353,1074
9714,9004,4879
9715,9294,5638
9716,5140,4790
9717,932,183
9718,282,127
9719,9060,4833
9720,9503,9240
9721,8771,8269
9722,8991,3439
9723,9662,3249
9724,9320,8878
9725,9693,9130
9726,9709,4660
9727,8740,4494
9728,9707,9488
9729,4449,3138
9730,9690,5887
9731,9480,1538
9732,8977,8841
9733,9726,2424
9734,3467,3139
9735,9733,895
9736,9583,2893
9737,3684,819
9738,9701,775
9739,9510,9084
9740,5320,3988
9741,4567,4042
9742,9487,5959
9743,9416,9399
9744,9511,3450
9745,9516,8465
9746,9657,3749
9747,9738,5188
9748,2820,918
9749,3116,2421
9750,9730,2723
9751,9735,1203
9752,2101,1000
9753,9731,5846
9754,9262,3008
9755,9607,3843
9756,9688,9340
9757,9641,9278
9758,4417,3498
9759,8899,3434
9760,9627,9188
9761,9751,759
9762,9699,315
9763,9003,2576
9764,9330,630
9765,9761,730
9766,9375,8537
9767,295,69
9768,9705,5341
9769,9747,5123
9770,9769,9507
9771,5681,5674
9772,2952,2764
9773,8703,8384
9774,9753,5658
9775,2065,1847
9776,9765,4171
9777,2013,1080
9778,3355,3059
9779,9768,637
9780,3410,3337
9781,9755,9448
9782,9441,1915
9783,9776,511
9784,3026,2660
9785,3883,1799
9786,9519,8807
9787,3879,3587
9788,9164,5627
9789,8525,1047
9790,9581,9356
9791,9114,2209
9792,8932,3028
9793,9750,9527
9794,2949,2538
9795,9506,2431
9796,9649,9043
9797,9203,2037
9798,9564,9386
9799,9413,3118
9800,9677,9558
9801,159,36
9802,9334,9178
9803,3237,3107
9804,9779,5033
9805,4656,3012
9806,9568,2236
9807,9783,2433
9808,9796,9535
9809,9725,804
9810,9728,9436
9811,9807,5792
9812,9666,1500
9813,9538,2389
9814,5728,356
9815,9811,1364
9816,5744,3344
9817,9184,1231
9818,9031,1081
9819,9815,1092
9820,4721,2939
9821,9616,8947
9822,4708,4445
9823,9809,9033
9824,9744,9221
9825,9289,9245
9826,9770,688
9827,9702,747
9828,9151,9046
9829,5758,1343
9830,9819,9314
9831,9804,1920
9832,5656,1286
9833,9830,2235
9834,2117,673
9835,9515,8888
9836,9373,4615
9837,5408,374
9838,9833,4516
9839,9793,9486
9840,5745,2763
9841,9828,5819
9842,9838,792
9843,9679,2453
9844,9019,2882
9845,9214,1807
9846,9842,9642
9847,9681,5774
9848,6691,4491
9849,9781,9153
9850,9631,3315
9851,9468,1326
9852,1727,330
9853,9653,2490
9854,9831,4636
9855,9585,619
9856,3973,3551
9857,9854,9656
9858,9663,2569
9859,9615,1918
9860,9724,9021
9861,9857,1822
9862,9144,1440
9863,9861,724
9864,9774,1541
9865,9826,851
9866,1142,1055
9867,5574,1495
9868,9823,9777
9869,9800,9748
9870,9863,9849
9871,9591,1570
9872,9260,2830
9873,9850,9608
9874,8633,912
9875,9483,2904
9876,9345,4770
9877,9576,9555
9878,9870,9798
9879,4991,2631
9880,2770,1958
9881,3906,3584
9882,9560,8753
9883,9715,9673
9884,9495,5295
9885,9556,3096
9886,9773,9194
9887,9810,679
9888,9846,2200
9889,8733,5923
9890,9813,4748
9891,9619,8897
9892,9392,4161
9893,9827,9530
9894,9864,9596
9895,3157,1760
9896,9597,757
9897,355,173
9898,9471,9463
9899,9865,8677
9900,4523,3589
9901,9878,5997
9902,8970,2809
9903,8935,4386
9904,9550,1336
9905,4357,4109
9906,9893,9888
9907,9887,9676
9908,9868,2884
9909,9090,1387
9910,9322,3916
9911,5051,806
9912,4684,3535
9913,9685,9189
9914,2684,2578
9915,9786,5667
9916,2779,1744
9917,9839,9518
9918,9869,1724
9919,9402,721
9920,9901,9894
9921,9890,9756
9922,9789,8705
9923,9529,2664
9924,3358,2154
9925,4564,3250
9926,9722,2734
9927,9204,188
9928,5396,3523
9929,9496,9241
9930,9918,9859
9931,9546,4645
9932,9847,4144
9933,9873,8762
9934,2055,1169
9935,9490,1931
9936,9473,2540
9937,9385,1053
9938,3891,1962
9939,1038,760
9940,9795,9606
9941,9732,9692
9942,9891,5672
9943,9694,9333
9944,9802,9710
9945,9824,9534
9946,9625,4096
9947,9517,2451
9948,9784,3363
9949,2966,818
9950,9367,826
9951,9915,9424
9952,9586,4791
9953,9600,9041
9954,4760,2239
9955,9700,9614
9956,9836,9682
9957,9378,926
9958,9267,5611
9959,9428,3156
9960,9899,969
9961,9764,4176
9962,8852,4527
9963,9843,1268
9964,9464,2435
9965,2984,1663
9966,9689,816
9967,432,163
9968,9906,9871
9969,5536,976
9970,2484,26
9971,9968,2358
9972,5668,2000
9973,2201,1102
9974,9971,2373
9975,9629,1874
9976,9896,5643
9977,9960,1975
9978,9855,9438
9979,8497,7725
9980,9908,5966
9981,9898,9808
9982,9357,3253
9983,4971,2744
9984,1662,482
9985,4885,4629
9986,9933,5841
9987,4808,727
9988,9904,9697
9989,3482,3349
9990,9634,9461
9991,9920,5380
9992,1031,937
9993,2277,1110
9994,9173,3486
9995,9675,1488
9996,8658,1680
9997,9991,9186
9998,9415,8173
9999,9974,520
10000,8825,1664
10001,2122,162
10002,9880,5247
10003,9584,9500
10004,9997,2791
10005,5557,4311
10006,9674,4405
10007,5588,3089
10008,9980,9541
10009,9903,9520
10010,9582,9193
10011,9792,9711
10012,8876,1303
10013,9917,5786
10014,1240,456
10015,10004,9349
10016,9678,4823
10017,9977,9818
10018,10015,914
10019,9788,9637
10020,10018,9229
10021,5556,5021
10022,1935,1485
10023,10020,867
10024,9411,4999
10025,9978,9575
10026,9533,3175
10027,9481,8349
10028,3304,364
10029,4849,3933
10030,3979,3939
10031,9743,882
10032,9617,45
10033,9935,9932
10034,9907,1555
10035,10023,4732
10036,9658,9327
10037,9740,5457
10038,9999,1899
10039,9986,2875
10040,8832,7462
10041,10013,9791
10042,9280,615
10043,9760,1554
10044,1198,140
10045,10038,4765
10046,9929,561
10047,5736,3245
10048,1448,1235
10049,9492,844
10050,9664,9554
10051,2730,773
10052,9009,2272
10053,9390,2062
10054,5250,2113
10055,10045,905
10056,10055,9719
10057,9328,2334
10058,9851,8996
10059,9860,9646
10060,5485,4048
10061,9650,5705
10062,3786,2772
10063,3934,1621
10064,9028,8990
10065,9947,9565
10066,10035,3302
10067,9829,8651
10068,10008,699
10069,9930,1871
10070,9951,9504
10071,10034,2579
10072,10066,1699
10073,9544,2014
10074,3980,533
10075,3430,1717
10076,10017,2333
10077,4900,595
10078,9825,9683
10079,5142,90
10080,9840,5255
10081,9958,9684
10082,9876,9395
10083,3861,1330
10084,9937,3534
10085,927,922
10086,10039,4309
10087,9626,9542
10088,4859,2012
10089,10056,9976
10090,4046,703
10091,10068,1884
10092,5615,2002
10093,9749,1956
10094,10041,2840
10095,4786,4506
10096,2482,881
10097,4806,603
10098,4546,3362
10099,9787,9493
10100,9963,9659
10101,9882,3627
10102,9341,4942
10103,10089,994
10104,10072,9961
10105,3320,997
10106,10079,9295
10107,9337,4024
10108,9120,1270
10109,9981,3748
10110,10025,9821
10111,5570,2817
10112,10104,1547
10113,9739,3465
10114,2400,2194
10115,4465,4322
10116,10112,1200
10117,5840,3520
10118,9713,3145
10119,9955,9856
10120,5687,417
10121,10057,9945
10122,10116,9757
10123,10076,884
10124,9910,9652
10125,10103,3609
10126,8850,5184
10127,10122,4963
10128,4998,485
10129,10091,9680
10130,10123,9687
10131,10094,608
10132,10086,1196
10133,10125,1245
10134,9801,8819
10135,9982,9884
10136,9834,9714
10137,10003,1550
10138,10127,1482
10139,7996,1153
10140,3040,486
10141,9956,9921
10142,10130,907
10143,9482,2956
10144,10131,10050
10145,10071,9741
10146,10069,9988
10147,4886,1712
10148,10138,666
10149,9611,1718
10150,9790,9742
10151,2804,2230
10152,10043,9578
10153,10148,965
10154,4605,2624
10155,10153,5550
10156,9640,1593
10157,10142,707
10158,8612,3282
10159,10155,4381
10160,10129,1001
10161,9931,934
10162,4459,4328
10163,2038,560
10164,9351,648
10165,10133,670
10166,10159,10144
10167,10145,1999
10168,5088,3595
10169,10165,2427
10170,10169,2971
10171,8067,2977
10172,9561,9450
10173,9913,9566
10174,9387,3176
10175,3106,362
10176,9601,767
10177,9095,8553
10178,10170,829
10179,10157,4619
10180,9574,1653
10181,9292,4609
10182,10178,9852
10183,9942,9525
10184,9524,431
10185,10179,1688
10186,9858,4557
10187,5476,1996
10188,10031,9806
10189,10182,9696
10190,9866,1289
10191,9720,8972
10192,10191,4102
10193,9940,5989
10194,2288,645
10195,9703,908
10196,3603,340
10197,10109,9957
10198,8481,5837
10199,10121,5139
10200,2402,1277
10201,4290,2873
10202,10051,9654
10203,9766,3188
10204,9635,4842
10205,9231,105
10206,10189,2808
10207,1849,85
10208,9621,9462
10209,10197,10160
10210,9089,3968
10211,10132,2725
10212,9902,9892
10213,9952,2870
10214,10206,875
10215,9885,5521
10216,9213,289
10217,2053,1954
10218,9736,1738
10219,2173,1089
10220,9288,1723
10221,8824,2713
10222,9667,813
10223,9660,2179
10224,3142,2196
10225,9698,9686
10226,9648,4819
10227,9595,2834
10228,9258,2553
10229,9549,5204
10230,9926,3893
10231,10211,4084
10232,10214,10146
10233,10061,9927
10234,9975,5282
10235,10167,10037
10236,9602,799
10237,9799,1514
10238,9590,1205
10239,2198,1341
10240,10166,2999
10241,10185,5497
10242,10203,8925
10243,10053,10009
10244,9746,2674
10245,10241,10239
10246,9729,9057
10247,9571,4864
10248,9853,9469
10249,10248,5484
10250,9990,4637
10251,9763,2703
10252,10240,2735
10253,9919,2951
10254,10252,1765
10255,4993,2267
10256,10254,2100
10257,5984,2305
10258,3758,3053
10259,10256,10229
10260,10193,5914
10261,10259,5150
10262,9797,1618
10263,5732,2913
10264,9522,5581
10265,10135,3888
10266,8732,967
10267,9782,2397
10268,9862,1583
10269,10235,10084
10270,9138,35
10271,10213,9343
10272,9417,5935
10273,10097,9909
10274,9877,1597
10275,10261,10002
10276,10244,9886
10277,9966,174
10278,9432,3
10279,10019,2428
10280,9817,4431
10281,10275,9845
10282,10245,487
10283,9844,2915
10284,2261,1882
10285,10186,9911
10286,10199,10181
10287,10279,1640
10288,9995,1178
10289,9946,4363
10290,10281,769
10291,10162,4229
10292,9383,3092
10293,9941,2715
10294,10230,9420
10295,9883,9252
10296,10289,10231
10297,9872,522
10298,10232,3690
10299,10290,5236
10300,10286,9485
10301,9881,9403
10302,10298,894
10303,10299,2119
10304,10032,4304
10305,10183,10033
10306,10040,8664
10307,10303,1273
10308,9706,2762
10309,3352,684
10310,10152,2924
10311,3422,2919
10312,10119,1300
10313,5433,2377
10314,10302,2161
10315,10269,10250
10316,9613,4916
10317,7811,265
10318,10006,9754
10319,483,301
10320,9944,552
10321,10314,1490
10322,9771,2469
10323,10046,1112
10324,10141,10080
10325,1260,618
10326,10307,10101
10327,10234,3200
10328,2571,537
10329,10271,1751
10330,10321,10029
10331,9895,264
10332,2653,1465
10333,9875,9308
10334,5605,2381
10335,4356,2407
10336,10285,10016
10337,4888,3938
10338,10265,5344
10339,9166,2316
10340,10326,10209
10341,3371,823
10342,5816,2283
10343,10110,9812
10344,10295,2359
10345,9994,9962
10346,9440,3870
10347,10305,9874
10348,10173,9093
10349,10063,1509
10350,3207,3144
10351,10180,10027
10352,10330,514
10353,10282,1015
10354,10325,10188
10355,9478,3445
10356,10352,9964
10357,9347,2704
10358,4193,2575
10359,10218,10176
10360,10099,9922
10361,9161,5987
10362,10012,5215
10363,10292,9987
10364,1902,5
10365,10356,868
10366,10340,857
10367,2325,2225
10368,10320,9704
10369,10365,531
10370,4740,4532
10371,10366,10208
10372,10293,2292
10373,10204,2839
10374,10369,9841
10375,10262,2748
10376,9848,250
10377,9837,2838
10378,10288,4502
10379,9785,1629
10380,10118,4948
10381,10052,9467
10382,10268,1063
10383,3784,1404
10384,9513,5885
10385,10149,10081
10386,8386,27
10387,472,206
10388,2591,394
10389,4989,3013
10390,10308,10042
10391,10070,1801
10392,9953,3420
10393,9780,3411
10394,5030,447
10395,4626,4515
10396,9998,9727
10397,9547,1284
10398,4460,4209
10399,10374,5102
10400,9820,2648
10401,10399,9717
10402,10107,1767
10403,10371,634
10404,10309,9579
10405,9835,9472
10406,10005,5704
10407,10401,10184
10408,5682,1335
10409,10353,10195
10410,10409,10100
10411,2617,1143
10412,10357,4956
10413,9111,2382
10414,3503,646
10415,5639,1397
10416,9778,4052
10417,2448,999
10418,10407,509
10419,1732,1731
10420,9943,2442
10421,10064,9979
10422,2987,2814
10423,10418,903
10424,2159,855
10425,10354,2016
10426,10202,671
10427,10368,3507
10428,9624,4579
10429,10379,10022
10430,10403,5382
10431,10073,5891
10432,10391,10128
10433,10430,3564
10434,10423,9992
10435,384,19
10436,9723,2545
10437,10171,2614
10438,10287,10227
10439,10092,4164
10440,1043,515
10441,1261,1176
10442,9924,2205
10443,10276,9647
10444,2813,1960
10445,2001,713
10446,10150,9622
10447,10324,4501
10448,4713,4680
10449,10323,5707
10450,10425,10108
10451,10378,10096
10452,10433,10156
10453,10233,9211
10454,10102,4810
10455,10452,10093
10456,2586,2498
10457,10310,3553
10458,9174,1444
10459,8887,5892
10460,10333,9325
10461,10137,9734
10462,10434,10074
10463,10462,3513
10464,10344,5951
10465,10463,557
10466,10296,9275
10467,10466,10381
10468,10277,3065
10469,863,675
10470,10465,1208
10471,10058,1010
10472,10455,9993
10473,1491,1486
10474,2865,2562
10475,10311,3343
10476,10304,131
10477,10470,10410
10478,10348,9526
10479,10247,1228
10480,10402,10360
10481,10312,10236
10482,10447,2784
10483,8157,2982
10484,10472,3975
10485,9396,4596
10486,9923,945
10487,10484,3565
10488,9208,3113
10489,10126,653
10490,5073,3001
10491,120,100
10492,10426,10300
10493,10372,9759
10494,10026,9950
10495,10487,2257
10496,10495,5552
10497,2831,2468
10498,8188,329
10499,10315,931
10500,10499,2630
10501,10432,10082
10502,10376,9283
10503,10451,2491
10504,10482,9775
10505,10238,1978
10506,10343,4661
10507,2959,2940
10508,5223,3790
10509,580,536
10510,10500,10215
10511,10449,9936
10512,10316,10115
10513,10134,9068
10514,9985,2937
10515,10496,810
10516,5307,4195
10517,10266,4817
10518,5337,1836
10519,3807,1683
10520,10515,1469
10521,2067,1524
10522,3326,2399
10523,10220,2396
10524,9449,2765
10525,10253,9630
10526,9939,1887
10527,10412,9972
10528,10351,2212
10529,3604,3577
10530,10158,9772
10531,2048,958
10532,2229,1988
10533,9949,9822
10534,2824,2769
10535,10036,638
10536,9752,3333
10537,8999,1627
10538,10427,10228
10539,10506,10065
10540,10520,2981
10541,10280,9433
10542,10339,9599
10543,10477,10373
10544,9363,2862
10545,10540,974
10546,10375,10260
10547,3997,1553
10548,10545,10380
10549,5952,2063
10550,10174,10143
10551,9814,3451
10552,10464,10436
10553,391,323
10554,10258,1512
10555,10538,9954
10556,10223,10106
10557,10457,2262
10558,10467,5221
10559,10548,1770
10560,9889,3199
10561,5111,521
10562,4821,2741
10563,10267,10222
10564,9794,3737
10565,2004,1248
10566,10559,10438
10567,771,284
10568,10471,1171
10569,4662,2089
10570,9668,3857
10571,1873,1271
10572,10274,2697
10573,10306,3528
10574,10439,5932
10575,10059,1893
10576,10201,2128
10577,1896,1713
10578,3485,919
10579,10536,4287
10580,9758,1049
10581,1501,445
10582,10510,551
10583,311,244
10584,5978,1659
10585,10421,1254
10586,10219,3491
10587,1909,1632
10588,10405,4862
10589,10294,3809
10590,10558,10347
10591,10557,2025
10592,10007,737
10593,10111,5519
10594,10479,1987
10595,10448,1673
10596,10461,9170
10597,3301,1846
10598,10566,10489
10599,10598,10136
10600,10392,10318
10601,10539,10011
10602,10272,1753
10603,10511,9934
10604,9916,1687
10605,10172,5334
10606,10283,4249
10607,10414,10095
10608,10599,10582
10609,10322,9762
10610,10098,1725
10611,10533,723
10612,5610,647
10613,9912,4822
10614,10346,9442
10615,10387,230
10616,10419,4247
10617,10493,10431
10618,1733,1124
10619,10278,366
10620,10225,9321
10621,5659,3060
10622,1977,1392
10623,10552,3608
10624,10216,1948
10625,9973,9716
10626,10014,4550
10627,10243,9137
10628,5593,3284
10629,9816,1843
10630,10210,9965
10631,10608,1861
10632,10524,9580
10633,10501,10078
10634,10249,10187
10635,4995,2242
10636,10212,3545
10637,9959,3957
10638,10631,964
10639,4428,636
10640,10638,3793
10641,9737,4860
10642,10555,10362
10643,10177,221
10644,10543,478
10645,7791,3546
10646,10420,2618
10647,10175,4348
10648,10644,10490
10649,2914,1057
10650,10067,4981
10651,10542,10251
10652,10263,1526
10653,10528,4753
10654,4240,2650
10655,9803,3031
10656,4562,4526
10657,3714,3390
10658,10648,1135
10659,10164,798
10660,5381,1406
10661,9453,2549
10662,5926,3733
10663,10504,10480
10664,10090,2568
10665,10541,2639
10666,10525,10428
10667,10385,10257
10668,10605,10270
10669,9365,1506
10670,10117,9900
10671,4559,2499
10672,10486,898
10673,10546,1970
10674,10508,10024
10675,10640,9605
10676,10675,10301
10677,9969,1157
10678,9397,385
10679,10468,869
10680,10291,5901
10681,10572,10010
10682,10658,10151
10683,10088,1462
10684,10676,2855
10685,5044,625
10686,3281,1121
10687,10642,10450
10688,1105,689
10689,10161,4653
10690,10594,5406
10691,2330,2217
10692,2675,2208
10693,9528,3766
10694,5795,3833
10695,10194,4853
10696,10437,10382
10697,10682,786
10698,10221,9358
10699,10697,10359
10700,10327,9598
10701,10613,10192
10702,10684,10429
10703,10113,617
10704,10494,4593
10705,10699,809
10706,10591,10505
10707,10643,82
10708,10702,1900
10709,2916,1650
10710,10454,10342
10711,10077,4742
10712,3840,404
10713,10689,5898
10714,10588,5650
10715,10469,9879
10716,10603,10163
10717,10509,10328
10718,10460,3463
10719,2869,1255
10720,10705,10601
10721,4868,3693
10722,4944,4522
10723,10626,10617
10724,10336,9499
10725,10708,10319
10726,3477,3124
10727,10716,10667
10728,5831,2975
10729,10492,939
10730,10606,10517
10731,10575,2092
10732,10571,9721
10733,10634,10384
10734,10404,1139
10735,2336,2121
10736,9177,1533
10737,10673,9989
10738,10725,10049
10739,10568,2556
10740,10075,2437
10741,10660,10190
10742,10534,10140
10743,359,235
10744,2622,1458
10745,10535,10456
10746,10738,10646
10747,5946,1036
10748,10537,4980
10749,10639,10338
10750,10720,951
10751,10242,2274
10752,10481,3677
10753,5798,5532
10754,2598,1447
10755,10723,1517
10756,4153,2520
10757,10114,4649
10758,4145,3673
10759,10529,834
10760,10629,10550
10761,10485,5791
10762,3732,575
10763,10284,2043
10764,10746,1332
10765,10764,1138
10766,10701,10246
10767,10445,681
10768,10765,10752
10769,9925,2350
10770,2320,1162
10771,9175,5338
10772,10733,10636
10773,10768,10737
10774,10722,10663
10775,2892,1937
10776,10406,4162
10777,10424,720
10778,5962,4071
10779,2307,2275
10780,10395,2754
10781,10422,3864
10782,10755,10584
10783,885,597
10784,10585,10030
10785,959,956
10786,10690,2777
10787,10349,5177
10788,10773,5496
10789,10264,4265
10790,10416,2696
10791,3473,349
10792,10731,609
10793,10503,1056
10794,9381,222
10795,3866,971
10796,10226,10054
10797,4870,3688
10798,4750,4281
10799,10788,633
10800,10671,3461
10801,10647,10087
10802,2659,1534
10803,9444,8606
10804,10799,5462
10805,10804,10596
10806,10750,2506
10807,10806,642
10808,3097,1172
10809,10664,10653
10810,2531,1949
10811,10614,10476
10812,10681,9077
10813,10724,10417
10814,9996,2752
10815,10237,890
10816,10666,981
10817,10805,10709
10818,10807,10718
10819,10527,2795
10820,10818,591
10821,10817,10544
10822,1045,455
10823,10602,2887
10824,10607,3969
10825,10576,1432
10826,3370,3091
10827,10767,10390
10828,10821,10774
10829,10400,1246
10830,4569,4518
10831,10703,10632
10832,10780,10687
10833,4799,3798
10834,3518,2026
10835,10820,5157
10836,10835,10154
10837,10772,4401
10838,10622,10573
10839,10563,10329
10840,10453,10413
10841,10139,4685
10842,10761,3120
10843,10443,2794
10844,10832,4222
10845,2341,2151
10846,10729,4521
10847,10846,10696
10848,10751,10028
10849,10363,5772
10850,10147,2548
10851,2603,1930
10852,10488,3623
10853,10813,10693
10854,10650,2005
10855,5620,3568
10856,10828,5486
10857,10787,4296
10858,10621,3152
10859,10836,5355
10860,10859,10561
10861,9938,4028
10862,10856,1812
10863,10843,10564
10864,10531,10442
10865,10839,4711
10866,10624,9400
10867,10694,10370
10868,10862,2195
10869,10868,3757
10870,2158,14
10871,10627,10590
10872,10869,10793
10873,8744,488
10874,10523,3901
10875,10556,10389
10876,10669,4633
10877,10739,948
10878,10872,10670
10879,10860,10224
10880,10507,9610
10881,9362,2668
10882,10732,10062
10883,10446,5481
10884,10844,10415
10885,10273,2073
10886,10878,10819
10887,10625,8630
10888,10886,530
10889,10672,2031
10890,10579,4456
10891,10706,10478
10892,10332,10313
10893,10521,9970
10894,10587,2822
10895,10473,946
10896,10823,10609
10897,10792,10668
10898,10884,10744
10899,10770,574
10900,5314,5086
10901,10397,1866
10902,5498,2845
10903,10838,10577
10904,10888,2667
10905,10904,5312
10906,10665,10595
10907,9244,2528
10908,10905,10749
10909,10611,10297
10910,10659,921
10911,2797,98
10912,10710,10679
10913,10879,652
10914,2066,738
10915,10526,2521
10916,2471,998
10917,10809,10394
10918,10618,5207
10919,10913,853
10920,10196,181
10921,10782,10628
10922,10908,854
10923,10922,10440
10924,10923,2452
10925,4554,1865
10926,10677,10574
10927,10522,10255
10928,10597,3915
10929,10393,1401
10930,9745,4652
10931,10651,10633
10932,10047,2793
10933,10919,10785
10934,5287,5113
10935,10871,5993
10936,10345,4722
10937,10778,1202
10938,10933,535
10939,3072,154
10940,10760,10748
10941,10377,1879
10942,10630,3558
10943,10924,10865
10944,10549,2281
10945,10475,1617
10946,10441,1940
10947,4872,4374
10948,10822,10458
10949,10938,4698
10950,10949,10883
10951,2519,1252
10952,10917,4648
10953,10581,242
10954,10943,519
10955,182,11
10956,10713,10383
10957,10620,10616
10958,10861,10589
10959,5079,2560
10960,3789,2698
10961,10649,10635
10962,10954,2610
10963,4920,696
10964,10950,4714
10965,10444,4925
10966,10124,1630
10967,5509,1419
10968,10962,10704
10969,10847,10816
10970,10853,3573
10971,10850,780
10972,9708,1851
10973,10968,4832
10974,10929,10600
10975,10973,10547
10976,10891,10530
10977,10317,10207
10978,10975,9805
10979,10978,2114
10980,10727,1259
10981,10921,10896
10982,10964,573
10983,10982,10498
10984,10983,1947
10985,10984,10833
10986,10935,10459
10987,10979,817
10988,5264,2526
10989,10987,9967
10990,10604,1771
10991,10560,10396
10992,10915,5137
10993,10766,3723
10994,4951,4665
10995,10870,4064
10996,10916,1905
10997,10989,10652
10998,10826,4892
10999,10985,10827
11000,10986,10958
11001,10999,10877
11002,10656,10358
11003,10798,774
11004,10997,5436
11005,11001,697
11006,10784,10641
11007,10849,10334
11008,10623,10474
11009,11004,2132
11010,10355,4255
11011,10519,3660
11012,5454,4776
11013,11009,10717
11014,10863,5179
11015,10386,158
11016,11013,1212
11017,10898,3830
11018,10956,2492
11019,10875,10781
11020,11016,1910
11021,10759,10565
11022,11020,10586
11023,10637,5048
11024,11022,11012
11025,11005,5193
11026,2291,911
11027,11024,10937
11028,10580,2347
11029,11025,1443
11030,3241,2178
11031,11017,674
11032,10000,4774
11033,11029,1792
11034,9983,3174
11035,10830,10815
11036,11027,1608
11037,3641,1399
11038,2731,40
11039,11036,3027
11040,10841,4223
11041,11039,2419
11042,11041,883
11043,10754,10747
11044,11033,9948
11045,10719,1828
11046,11044,693
11047,2783,463
11048,9984,4855
11049,11008,471
11050,10685,4824
11051,10930,10657
11052,11031,10857
11053,10763,2246
11054,11042,10864
11055,5510,4555
11056,11054,1416
11057,10842,10730
11058,11056,10824
11059,10654,5549
11060,5649,5326
11061,4953,294
11062,4598,3159
11063,10513,10217
11064,10711,556
11065,11046,807
11066,11065,2803
11067,10803,1773
11068,10980,10825
11069,10740,3406
11070,10906,10837
11071,10814,5080
11072,5152,3416
11073,3166,3005
11074,10901,10592
11075,11058,5160
11076,9905,3559
11077,11075,5761
11078,10895,1791
11079,5737,3741
11080,3034,2786
11081,11066,1604
11082,11081,10942
11083,10491,405
11084,10952,10205
11085,4538,1911
11086,10959,2611
11087,11077,11068
11088,10796,10200
11089,10941,57
11090,10745,10741
11091,11052,10885
11092,11082,3525
11093,11018,10903
11094,10612,10341
11095,10976,3455
11096,11091,9914
11097,10786,10483
11098,10715,10512
11099,11092,10931
11100,5206,968
11101,10925,2747
11102,1366,1262
11103,5998,5251
11104,10932,10912
11105,11087,682
11106,2963,2768
11107,10957,1276
11108,11105,10928
11109,11049,10963
11110,11108,2574
11111,11110,4690
11112,10926,1867
11113,10981,10848
11114,4505,753
11115,2775,1755
11116,10992,10728
11117,5950,897
11118,11034,5122
11119,10794,9718
11120,11111,10961
11121,5579,1413
11122,10897,3816
11123,11032,4837
11124,11120,10910
11125,11099,5451
11126,10783,4918
11127,10946,4838
11128,11125,961
11129,3644,1383
11130,11002,10757
11131,11124,1837
11132,10692,2392
11133,10700,3000
11134,11131,616
11135,10435,379
11136,10977,10812
11137,11134,1467
11138,11109,10876
11139,5159,4788
11140,10105,4446
11141,5347,1086
11142,10936,641
11143,10775,2029
11144,11128,663
11145,10645,3680
11146,2710,1992
11147,2647,2527
11148,11137,11060
11149,11148,2502
11150,10907,388
11151,11149,10965
11152,10562,891
11153,11144,570
11154,11019,10331
11155,11153,10971
11156,11151,5025
11157,11156,835
11158,10969,10831
11159,10769,3425
11160,10920,10085
11161,11155,3815
11162,11161,583
11163,11157,10874
11164,11163,2238
11165,11162,11078
11166,11084,11023
11167,11164,10060
11168,5178,4831
11169,10791,5999
11170,5101,2846
11171,11014,10966
11172,11167,832
11173,1730,245
11174,10168,10083
11175,10714,3563
11176,10367,4978
11177,11172,996
11178,11177,10851
11179,10970,4415
11180,4068,48
11181,11178,10829
11182,9867,1301
11183,2473,2182
11184,11064,10795
11185,11007,3886
11186,2918,1025
11187,11104,3772
11188,4132,1794
11189,11181,1090
11190,10551,2558
11191,11189,11003
11192,2790,2692
11193,11165,2554
11194,11193,11096
11195,11122,10854
11196,11191,1293
11197,10890,725
11198,11196,3537
11199,10712,458
11200,10789,10742
11201,10721,5781
11202,10988,755
11203,10583,794
11204,11113,10889
11205,10840,4589
11206,5191,1888
11207,10880,10802
11208,11000,5879
11209,2974,1990
11210,11158,10337
11211,11198,5225
11212,11208,10900
11213,10918,600
11214,10678,10044
11215,11211,11088
11216,5953,5293
11217,10808,2903
11218,11215,10996
11219,11218,11142
11220,8767,991
11221,10948,9832
11222,11095,4913
11223,11219,568
11224,3965,3219
11225,11212,4227
11226,11190,2672
11227,5228,2135
11228,11139,11107
11229,11223,1418
11230,10736,2434
11231,11194,3946
11232,11045,10514
11233,5108,3268
11234,11229,10893
11235,11234,11213
11236,10990,10887
11237,11205,10881
11238,10655,4520
11239,5871,4610
11240,11231,369
11241,10518,2766
11242,11240,11086
11243,11235,1720
11244,10388,5768
11245,10993,10662
11246,11242,2401
11247,11246,5346
11248,11243,569
11249,11074,8659
11250,11248,3541
11251,11247,2425
11252,11251,2474
11253,11252,11026
11254,11250,10350
11255,10810,3516
11256,11089,116
11257,4800,852
11258,10335,1809
11259,10834,10777
11260,11010,10758
11261,11254,10882
11262,10408,5766
11263,11225,2415
11264,10894,65
11265,10695,9655
11266,11253,11197
11267,11266,11116
11268,11263,11006
11269,10707,10502
11270,10048,60
11271,10909,861
11272,3045,1769
11273,5614,840
11274,10691,5328
11275,10911,290
11276,2774,421
11277,10974,10688
11278,5303,3453
11279,2719,489
11280,5530,4081
11281,11202,2532
11282,11127,10927
11283,11051,10771
11284,11261,10855
11285,11284,10811
11286,11187,5017
11287,11204,11043
11288,11267,10995
11289,11285,11152
11290,11289,11185
11291,3739,2365
11292,11290,11179
11293,11195,11057
11294,11288,910
11295,11070,10698
11296,1223,1165
11297,3567,611
11298,4478,3872
11299,11067,2581
11300,10972,654
11301,11130,10994
11302,11228,11090
11303,11138,11055
11304,11050,11021
11305,10940,1858
11306,10858,2733
11307,11292,11112
11308,4232,3927
11309,11294,4672
11310,2054,239
11311,10998,3217
11312,10899,4702
11313,11309,11100
11314,11313,695
11315,437,50
11316,5231,4312
11317,11035,4575
11318,10945,10867
11319,11236,3167
11320,11237,10735
11321,11307,505
11322,11154,11098
11323,10001,5458
11324,4631,2986
11325,11314,2619
11326,5038,821
11327,11325,2418
11328,10934,10674
11329,11327,5035
11330,11271,628
11331,11028,10892
11332,11287,10686
11333,11321,2517
11334,10734,3990
11335,5309,4827
11336,11333,11303
11337,11222,11133
11338,11329,733
11339,11338,582
11340,11339,2756
11341,11336,11103
11342,11341,732
11343,10951,4854
11344,11340,1027
11345,11344,11071
11346,5084,4782
11347,2444,516
11348,11342,2732
11349,11345,1140
11350,11210,10120
11351,11350,10762
11352,10753,10198
11353,10790,3214
11354,11171,10610
11355,11348,11121
11356,11355,0
11357,11356,11227
11358,11293,11170
11359,11330,756
11360,11302,10411
11361,10852,4469
11362,11069,5784
11363,11230,1573
11364,2843,2666
11365,10361,2789
11366,11357,11305
11367,1103,661
11368,11080,5483
11369,11200,4921
11370,11349,11324
11371,11366,11093
11372,11063,10953
11373,4861,1845
11374,11332,1565
11375,11368,11268
11376,11295,687
11377,11375,5394
11378,11085,950
11379,11371,676
11380,11374,11351
11381,11358,11150
11382,3800,2645
11383,1869,1635
11384,11245,11140
11385,5003,947
11386,10873,870
11387,9712,4731
11388,11379,5371
11389,11337,10756
11390,11389,10726
11391,10800,3678
11392,11286,2137
11393,11166,11094
11394,10801,2351
11395,11048,10398
11396,11388,1754
11397,11396,4303
11398,577,507
11399,11397,11322
11400,11370,2058
11401,11400,612
11402,11401,5505
11403,11402,543
11404,11403,5183
11405,11404,2362
11406,5694,376
11407,11405,11274
11408,2876,1480
11409,11376,2694
11410,10914,2356
11411,3759,1518
11412,11407,11186
11413,5628,4547
11414,10661,9272
11415,11399,770
11416,11282,11061
11417,11415,644
11418,11417,5897
11419,11418,11265
11420,2998,2607
11421,11419,11147
11422,11421,11320
11423,11390,10991
11424,9767,3163
11425,11393,11184
11426,11382,11209
11427,10021,5928
11428,11392,11114
11429,11203,2934
11430,11182,4758
11431,11412,10497
11432,11431,11359
11433,11432,11291
11434,11331,11168
11435,11118,11097
11436,11175,3111
11437,11424,11136
11438,11391,10554
11439,2815,2518
11440,11377,11301
11441,11277,3412
11442,11441,11201
11443,11047,2922
11444,4946,3724
11445,4027,1944
11446,3497,1813
11447,11433,1070
11448,11299,1123
11449,3935,2670
11450,11132,10944
11451,11394,4234
11452,11354,986
11453,11422,11304
11454,11453,4787
11455,11160,5409
11456,11447,1696
11457,11380,566
11458,11454,4884
11459,11458,11425
11460,11452,1961
11461,11072,3760
11462,11040,2718
11463,11428,11259
11464,11264,512
11465,11221,5040
11466,11459,11363
11467,11384,5393
11468,11241,11238
11469,11353,3066
11470,11217,4129
11471,11317,11011
11472,11456,11281
11473,11472,833
11474,11466,11232
11475,11207,10593
11476,11183,2180
11477,11440,3955
11478,11474,11335
11479,11362,2315
11480,11408,11119
11481,11343,2722
11482,11269,18
11483,11473,11319
11484,11143,3783
11485,11249,2592
11486,11360,2890
11487,11226,11106
11488,11478,11451
11489,11488,787
11490,11483,11463
11491,11489,1290
11492,11491,3566
11493,11490,10553
11494,11477,10776
11495,11117,2944
11496,11493,1574
11497,3468,1256
11498,11492,2284
11499,11498,3252
11500,11126,10947
11501,11437,10866
11502,5430,3614
11503,11496,1764
11504,4719,2749
11505,11503,11296
11506,11499,1179
11507,11506,11450
11508,11507,632
11509,11224,3119
11510,11508,2894
11511,11505,11464
11512,11436,11079
11513,2059,502
11514,11409,11255
11515,11510,555
11516,11101,11038
11517,11515,11135
11518,10619,10615
11519,11517,11479
11520,11486,11381
11521,11511,11475
11522,11318,2321
11523,11062,3353
11524,11059,1705
11525,11494,3099
11526,11525,4975
11527,11526,11519
11528,10967,5119
11529,11521,11279
11530,1213,797
11531,11280,5842
11532,11364,2041
11533,11443,3586
11534,1946,1487
11535,4306,2596
11536,11239,1652
11537,11334,11159
11538,11460,11256
11539,4847,3323
11540,11529,11514
11541,5258,3731
11542,5967,978
11543,11053,2898
11544,11352,2191
11545,11527,11206
11546,11361,11146
11547,11387,11311
11548,11192,450
11549,11540,2758
11550,11549,11378
11551,11501,11323
11552,11471,11037
11553,11199,11083
11554,11551,726
11555,11448,11102
11556,11469,11468
11557,11244,3401
11558,4156,665
11559,11481,11300
11560,10364,2906
11561,11467,10680
11562,2991,2516
11563,11257,788
11564,11550,11372
11565,3474,3025
11566,11538,11457
11567,11545,2077
11568,11567,11522
11569,11485,11435
11570,11564,4638
11571,11570,677
11572,11571,584
11573,5726,1296
11574,10683,4594
11575,11423,2879
11576,11416,2936
11577,11076,2702
11578,11572,2628
11579,11578,11141
11580,4544,3321
11581,11283,4834
11582,11581,11442
11583,11579,1698
11584,11500,10960
11585,10567,3828
11586,11487,2214
11587,1377,621
11588,11568,11406
11589,11588,2163
11590,2930,1522
11591,11275,2699
11592,11369,8808
11593,11270,4663
11594,11434,1438
11595,11583,690
11596,11595,321
11597,11548,11297
11598,11543,11115
11599,5940,3655
11600,11547,2613
11601,11385,847
11602,11386,11214
11603,10578,3361
11604,11439,3179
11605,11470,11176
11606,11566,10939
11607,11596,11429
11608,11607,11516
11609,11608,5114
11610,11609,121
11611,11610,11554
11612,11589,11312
11613,11612,1288
11614,11575,3598
11615,11613,3357
11616,11615,4820
11617,10797,10532
11618,11616,10902
11619,2640,247
11620,11611,11484
11621,11591,5460
11622,4647,2852
11623,11620,4926
11624,11606,11531
11625,11426,11169
11626,4614,2204
11627,11174,462
11628,11618,11455
11629,11273,2780
11630,11623,1060
11631,11462,728
11632,11630,11524
11633,11632,5260
11634,11633,11533
11635,11634,11604
11636,11635,11602
11637,11512,5916
11638,11546,11445
11639,11601,3838
11640,11639,11326
11641,11628,11410
11642,11594,11559
11643,11624,11553
11644,11629,11576
11645,11569,11446
11646,11367,1229
11647,11636,5173
11648,11647,11465
11649,11622,11480
11650,3597,3067
11651,11537,11414
11652,11476,11276
11653,11614,4321
11654,11637,5169
11655,11641,11536
11656,11655,1115
11657,11656,11653
11658,11648,11430
11659,4905,3779
11660,11657,1222
11661,11532,4659
11662,11658,11580
11663,11556,11216
11664,11662,3718
11665,11664,782
11666,11642,11365
11667,11660,11129
11668,1519,980
11669,11667,11180
11670,4729,2504
11671,11262,5541
11672,5788,4003
11673,11413,11328
11674,11673,11561
11675,4829,1464
11676,11260,11220
11677,11669,2144
11678,11584,11520
11679,11677,525
11680,11679,11528
11681,11562,3659
11682,11665,2923
11683,11682,2709
11684,10779,578
11685,11563,785
11686,11030,3999
11687,11680,5158
11688,11683,11449
11689,11688,4507
11690,11600,589
11691,2818,2806
11692,11535,1511
11693,2606,938
11694,11592,11541
11695,11678,11646
11696,11687,11605
11697,11696,871
11698,11697,3780
11699,11698,11398
11700,1542,550
11701,11661,563
11702,11654,10516
11703,11188,1236
11704,11689,4811
11705,11704,5655
11706,11705,11625
11707,11706,9897
11708,11707,11643
11709,11644,11552
11710,4530,2800
11711,11258,2142
11712,11711,3125
11713,11582,11560
11714,11699,11587
11715,11663,2681
11716,11411,4607
11717,11502,9928
11718,11695,11495
11719,11670,2823
11720,11373,4514
11721,11558,11557
11722,2140,1158
11723,11714,11310
11724,11708,11645
11725,11544,962
11726,11725,11651
11727,11438,2985
11728,11723,1735
11729,11728,11573
11730,11729,11721
11731,11730,11497
11732,11731,2126
11733,11732,5857
11734,11718,11681
11735,11724,11555
11736,11733,941
11737,11736,2488
11738,11737,3794
11739,3796,973
11740,11598,11530
11741,11735,11640
11742,11741,11692
11743,11742,953
11744,11743,11715
11745,11666,11621
11746,3196,1842
11747,11738,11713
11748,11747,2841
11749,11748,11691
11750,11123,2032
11751,1607,44
11752,10570,3562
11753,4904,2566
11754,2541,22
11755,11676,592
11756,11716,11383
11757,11749,11685
11758,11757,11593
11759,11758,11272
11760,11759,3652
11761,11482,3942
11762,11760,858
11763,11762,2044
11764,11763,11539
11765,11764,5284
11766,11631,3782
11767,11518,11315
11768,11765,11734
11769,11306,11173
11770,5896,132
11771,11745,10743
11772,11346,4937
11773,11744,3994
11774,11773,386
11775,11586,2737
11776,4996,3628
11777,11776,11674
11778,11709,5546
11779,11778,11768
11780,11779,11347
11781,11774,11701
11782,11444,10569
11783,11780,3963
11784,11783,11599
11785,11750,4001
11786,11577,11395
11787,11781,5275
11788,11787,1678
11789,11788,3937
11790,11789,11751
11791,11790,11513
11792,11652,11649
11793,11694,11509
11794,11727,2017
11795,11775,930
11796,2061,1830
11797,11784,5613
11798,8873,7658
11799,11795,11771
11800,11797,4558
11801,11800,4789
11802,11791,3654
11803,11802,11792
11804,11803,11767
11805,11804,11574
11806,11801,2231
11807,11806,5477
11808,11807,11233
11809,11805,1302
11810,10845,1969
11811,11308,3180
11812,11808,3810
11813,10955,393
11814,11659,3862
11815,11702,71
11816,11703,1898
11817,11809,3542
11818,11534,5612
11819,11812,11717
11820,11597,5595
11821,11820,11461
11822,11650,3765
11823,11817,11794
11824,11772,11542
11825,11766,954
11826,11819,11700
11827,11826,1389
11828,11827,5018
11829,11828,11671
11830,11829,11523
11831,11830,402
11832,11831,11823
11833,5464,2888
11834,11726,11686
11835,11832,11710
11836,5372,2909
11837,1023,668
11838,11833,2989
11839,11638,2512
11840,11619,4783
11841,11769,11756
11842,11835,11693
11843,11675,11603
11844,4323,1906
11845,11752,380
11846,11845,3720
11847,11672,4402
11848,11799,864
11849,11825,11626
11850,11841,11755
11851,4785,4678
11852,11848,11842
11853,11852,5968
11854,11853,11740
11855,11278,5904
11856,11793,11785
11857,11796,4601
11858,3692,2706
11859,11777,11427
11860,3141,2905
11861,11839,5218
11862,11668,3070
11863,11849,11754
11864,3511,2587
11865,11854,267
11866,11865,1455
11867,11866,11837
11868,11867,5041
11869,11868,11858
11870,11869,11684
11871,11722,2942
11872,11870,3548
11873,11719,2819
11874,11815,11627
11875,2363,64
11876,11824,4090
11877,5082,308
11878,4976,4867
11879,11834,11420
11880,11872,11814
11881,11878,11739
11882,11015,277
11883,2826,1436
11884,11590,718
11885,11880,11298
11886,11885,11818
11887,11690,11585
11888,11887,2111
11889,11861,11720
11890,11782,4277
11891,11821,4155
11892,11886,3926
11893,11746,3030
11894,11712,11565
11895,101,34
11896,4947,4427
11897,11761,4434
11898,11897,11798
11899,11892,5366
11900,11899,11816
11901,11753,3897
11902,11901,4651
11903,11874,11786
11904,11900,513
11905,4962,4625
11906,11846,11813
11907,11894,11881
11908,11904,596
11909,11908,11890
11910,11617,11316
11911,11910,5721
11912,11864,11847
11913,11896,11863
11914,11838,11810
11915,11836,754
11916,11875,11856
11917,11916,3936
11918,11917,11840
11919,11909,11879
11920,11877,11504
11921,11891,11871
11922,11919,11883
11923,11922,11921
11924,11923,11770
11925,5969,5296
11926,11924,3719
11927,11926,11843
11928,11927,5244
11929,11898,11876
11930,11859,11850
11931,11928,11918
11932,11931,11862
11933,11932,11906
11934,11145,156
11935,11933,11860
11936,11935,11889
11937,11936,11925
11938,11937,1953
11939,11938,4186
11940,11913,11884
11941,11920,5845
11942,11930,11855
11943,11942,11895
11944,5801,3538
11945,11857,11851
11946,11939,11912
11947,11946,11907
11948,11947,2573
11949,11948,11940
11950,11949,11945
11951,11950,11873
11952,11951,11888
11953,11822,4683
11954,11952,11941
11955,11954,2821
11956,11955,917
11957,5413,160
11958,11943,3745
11959,11956,11844
11960,11959,1046
11961,11960,11915
11962,11961,2626
11963,11962,11882
11964,5824,2147
11965,11911,11902
11966,11963,2683
11967,11966,4840
11968,11967,11914
11969,11968,11934
11970,11969,11903
11971,5377,3746
11972,11970,5938
11973,11972,11964
11974,5881,3093
11975,11973,11929
11976,11975,534
11977,11976,3502
11978,11958,11953
11979,11978,4172
11980,11979,3715
11981,11980,11905
11982,11977,11811
11983,11982,3777
11984,11965,11944
11985,11073,3191
11986,11983,4388
11987,11984,11981
11988,11974,3599
11989,11987,651
11990,11988,11986
11991,11990,11957
11992,11991,11985
11993,11992,11971
11994,11989,11893
11995,11993,3894
11996,11995,3010
11997,11996,5941
11998,11997,11994
