1000,433,53
1001,96,94
1002,409,207
1003,1001,150
1004,477,117
1005,490,220
1006,389,20
1007,1000,390
1008,41,33
1009,1007,215
1010,398,367
1011,1009,77
1012,1005,1004
1013,251,135
1014,815,714
1015,253,112
1016,1003,43
1017,410,138
1018,151,86
1019,285,75
1020,401,368
1021,339,74
1022,1010,72
1023,1014,1011
1024,1008,219
1025,449,152
1026,124,103
1027,237,89
1028,231,107
1029,204,146
1030,1002,354
1031,62,12
1032,1012,170
1033,453,261
1034,1020,392
1035,281,246
1036,257,59
1037,243,79
1038,1013,115
1039,1031,171
1040,1034,119
1041,1029,37
1042,1023,901
1043,413,371
1044,1030,429
1045,1016,963
1046,465,278
1047,495,403
1048,722,501
1049,1038,1017
1050,1024,440
1051,1022,1006
1052,279,168
1053,1050,527
1054,1042,73
1055,1032,658
1056,260,255
1057,1045,508
1058,1044,88
1059,1039,310
1060,1055,987
1061,1060,742
1062,1053,343
1063,200,167
1064,1026,880
1065,353,344
1066,1037,270
1067,1048,1021
1068,1035,442
1069,300,218
1070,1054,1027
1071,439,108
1072,291,4
1073,1061,1018
1074,1049,762
1075,438,259
1076,655,184
1077,1062,192
1078,1070,793
1079,1057,199
1080,189,47
1081,906,15
1082,1043,1041
1083,470,51
1084,587,118
1085,1066,876
1086,1036,423
1087,395,357
1088,1074,1067
1089,292,238
1090,307,252
1091,425,337
1092,1073,1019
1093,1077,935
1094,498,275
1095,370,304
1096,1088,1065
1097,1093,1069
1098,236,202
1099,1078,916
1100,420,318
1101,97,91
1102,106,42
1103,1089,1040
1104,626,412
1105,287,28
1106,179,61
1107,1079,491
1108,1099,298
1109,805,635
1110,299,186
1111,334,258
1112,1108,860
1113,1052,129
1114,1086,1083
1115,1097,1081
1116,1112,286
1117,1087,1064
1118,1116,838
1119,1100,272
1120,1101,312
1121,796,739
1122,1047,418
1123,1063,313
1124,1028,1025
1125,1092,70
1126,1082,778
1127,1085,416
1128,1068,415
1129,1118,1059
1130,1126,1107
1131,1051,263
1132,545,500
1133,1015,143
1134,1033,223
1135,1071,6
1136,497,469
1137,1104,9
1138,1072,194
1139,407,317
1140,1125,137
1141,1096,122
1142,1103,360
1143,1094,196
1144,1111,346
1145,1137,979
1146,1141,776
1147,1115,923
1148,397,104
1149,1129,1105
1150,872,476
1151,1127,203
1152,1075,365
1153,1119,161
1154,249,210
1155,1058,879
1156,1090,280
1157,149,10
1158,316,306
1159,1120,350
1160,1128,639
1161,790,424
1162,972,736
1163,1110,351
1164,993,765
1165,1142,273
1166,784,629
1167,1149,789
1168,1151,46
1169,1130,314
1170,1167,540
1171,1091,133
1172,1140,1106
1173,1146,915
1174,1117,1046
1175,1170,940
1176,933,610
1177,452,254
1178,1160,363
1179,1147,1114
1180,185,67
1181,1173,1084
1182,1155,1122
1183,1138,1131
1184,176,31
1185,1121,541
1186,949,358
1187,274,205
1188,1152,1139
1189,457,56
1190,1156,256
1191,134,81
1192,1175,1172
1193,1132,712
1194,1179,175
1195,1166,892
1196,1145,510
1197,1181,529
1198,1080,473
1199,1183,1113
1200,426,187
1201,178,84
1202,1135,493
1203,849,710
1204,1192,984
1205,481,87
1206,451,130
1207,1197,1185
1208,504,319
1209,1204,517
1210,468,111
1211,865,781
1212,1095,283
1213,434,269
1214,1186,266
1215,1198,333
1216,944,800
1217,1169,1123
1218,1178,148
1219,1161,1153
1220,1195,694
1221,1165,232
1222,480,233
1223,1102,341
1224,1194,862
1225,496,100
1226,1168,1150
1227,1209,791
1228,229,25
1229,467,322
1230,1157,348
1231,975,524
1232,1207,579
1233,1174,662
1234,1196,1076
1235,1133,1
1236,461,406
1237,717,528
1238,686,436
1239,387,144
1240,1182,411
1241,705,38
1242,831,296
1243,1212,475
1244,1164,17
1245,909,444
1246,1217,248
1247,1226,1176
1248,1233,734
1249,1224,325
1250,1227,606
1251,995,692
1252,1232,746
1253,1193,605
1254,448,68
1255,1249,750
1256,268,54
1257,1250,874
1258,1177,361
1259,1143,24
1260,659,572
1261,1255,1252
1262,400,241
1263,165,30
1264,1257,1144
1265,1246,1134
1266,1247,190
1267,1238,604
1268,1248,622
1269,982,741
1270,990,136
1271,1163,139
1272,1234,1216
1273,1199,109
1274,1219,454
1275,347,327
1276,1260,928
1277,1261,1245
1278,1221,1188
1279,601,191
1280,1223,441
1281,1218,751
1282,1273,1214
1283,297,201
1284,1220,565
1285,846,685
1286,878,843
1287,1215,382
1288,1201,499
1289,924,672
1290,1210,211
1291,1277,936
1292,383,302
1293,63,52
1294,1241,743
1295,1191,1159
1296,1202,92
1297,1264,1244
1298,1162,983
1299,1253,803
1300,1265,217
1301,1281,332
1302,1291,761
1303,866,772
1304,1299,1266
1305,1285,1272
1306,1237,859
1307,1300,459
1308,1268,719
1309,446,408
1310,1230,422
1311,214,164
1312,1297,1294
1313,1305,1302
1314,988,977
1315,1235,193
1316,1284,904
1317,1267,748
1318,1136,1124
1319,1274,1180
1320,157,78
1321,1211,16
1322,1154,929
1323,1308,814
1324,1208,303
1325,956,602
1326,1303,824
1327,598,114
1328,1278,1200
1329,1301,1190
1330,1313,1296
1331,342,80
1332,729,656
1333,1307,856
1334,966,698
1335,460,419
1336,1316,740
1337,1333,562
1338,1282,212
1339,373,177
1340,1254,1243
1341,1240,1222
1342,1229,430
1343,1330,669
1344,1187,335
1345,1312,1280
1346,1337,1317
1347,609,435
1348,1251,836
1349,456,32
1350,1231,943
1351,1319,1271
1352,1343,715
1353,848,758
1354,1056,228
1355,1352,553
1356,464,83
1357,1345,1270
1358,650,544
1359,1298,1276
1360,1203,503
1361,1328,240
1362,1310,66
1363,1336,745
1364,1355,1279
1365,1346,1323
1366,1357,1269
1367,777,55
1368,1364,877
1369,1304,624
1370,1286,795
1371,1365,599
1372,955,567
1373,336,213
1374,898,593
1375,1295,432
1376,559,558
1377,614,547
1378,1366,1242
1379,1368,1341
1380,985,913
1381,640,586
1382,1369,1338
1383,1363,808
1384,850,93
1385,331,102
1386,1379,1314
1387,1289,822
1388,768,328
1389,147,126
1390,716,571
1391,1371,594
1392,224,140
1393,1378,197
1394,142,29
1395,1386,1306
1396,1228,752
1397,1320,708
1398,1351,1206
1399,1393,58
1400,1340,1213
1401,1370,576
1402,427,345
1403,837,554
1404,1311,234
1405,1098,169
1406,492,110
1407,1359,1327
1408,1361,1329
1409,428,155
1410,1391,1383
1411,1395,1321
1412,957,679
1413,1283,802
1414,1399,523
1415,839,590
1416,123,23
1417,305,162
1418,1148,825
1419,1236,145
1420,1353,209
1421,1189,952
1422,1410,888
1423,1375,1339
1424,1422,735
1425,1411,1380
1426,1324,1292
1427,1356,1256
1428,1414,1367
1429,1358,542
1430,1334,688
1431,1407,1326
1432,1398,1315
1433,701,225
1434,1401,942
1435,1322,381
1436,320,208
1437,1424,763
1438,479,195
1439,1263,99
1440,1425,1415
1441,1360,657
1442,549,518
1443,920,700
1444,166,7
1445,1437,812
1446,992,680
1447,1428,1293
1448,216,172
1449,1385,141
1450,1445,1387
1451,1390,711
1452,709,443
1453,293,262
1454,1400,918
1455,1309,1205
1456,1431,539
1457,1404,895
1458,198,125
1459,1318,324
1460,1418,1290
1461,1440,783
1462,1450,744
1463,1396,1350
1464,721,76
1465,1456,1382
1466,1451,548
1467,1461,546
1468,1462,842
1469,1467,627
1470,623,581
1471,301,288
1472,1468,660
1473,1469,902
1474,265,227
1475,326,128
1476,766,731
1477,1184,180
1478,466,282
1479,538,506
1480,1472,896
1481,1412,1348
1482,827,377
1483,1480,889
1484,1473,706
1485,845,532
1486,1484,900
1487,463,113
1488,1447,1394
1489,1486,683
1490,1442,1441
1491,932,183
1492,1489,851
1493,1465,1434
1494,667,619
1495,1446,1443
1496,1419,1362
1497,828,818
1498,1406,474
1499,1483,704
1500,295,49
1501,1492,330
1502,1420,1109
1503,1466,779
1504,1426,13
1505,1460,749
1506,159,36
1507,970,613
1508,1501,1413
1509,1488,775
1510,691,646
1511,893,764
1512,1435,396
1513,1508,1476
1514,1499,804
1515,1509,1477
1516,1432,226
1517,1449,271
1518,1481,1408
1519,1402,873
1520,375,309
1521,414,21
1522,1514,561
1523,1427,1342
1524,1513,899
1525,1493,631
1526,355,173
1527,1429,841
1528,801,637
1529,1332,595
1530,1423,1397
1531,1524,1430
1532,1515,85
1533,1518,759
1534,1376,673
1535,1510,886
1536,1459,1287
1537,1516,564
1538,1531,1490
1539,1433,1262
1540,1527,1522
1541,1384,39
1542,1519,1452
1543,1288,1171
1544,1463,887
1545,1470,989
1546,1403,1372
1547,1498,1258
1548,1540,1525
1549,1421,907
1550,1538,767
1551,1374,620
1552,1454,882
1553,1544,8
1554,1388,934
1555,1405,250
1556,1532,1457
1557,939,352
1558,1550,670
1559,855,792
1560,1556,1474
1561,1444,806
1562,1381,608
1563,927,922
1564,1259,329
1565,1558,1539
1566,1534,724
1567,1479,634
1568,1512,431
1569,1533,1349
1570,1530,960
1571,881,585
1572,1504,653
1573,1500,1496
1574,1537,1331
1575,1506,1344
1576,1552,1475
1577,867,820
1578,1560,969
1579,1548,925
1580,364,315
1581,1565,1325
1582,1581,511
1583,1579,1505
1584,1523,1439
1585,1578,1494
1586,1335,760
1587,1542,702
1588,1585,1582
1589,1529,912
1590,649,494
1591,405,338
1592,1225,588
1593,1478,127
1594,1569,730
1595,1485,536
1596,1583,857
1597,1448,3
1598,1495,618
1599,1589,1354
1600,1568,478
1601,1464,981
1602,1553,607
1603,1594,1436
1604,1502,844
1605,1482,552
1606,356,35
1607,340,181
1608,1392,19
1609,1521,1507
1610,1561,999
1611,485,153
1612,1603,514
1613,994,696
1614,1588,707
1615,1497,603
1616,1536,1455
1617,1503,747
1618,1596,914
1619,1555,484
1620,926,580
1621,1614,1549
1622,1566,1453
1623,1600,1587
1624,666,648
1625,1618,965
1626,1551,830
1627,1625,1511
1628,1347,378
1629,472,206
1630,486,374
1631,1612,1595
1632,723,522
1633,1609,1570
1634,1517,2
1635,1631,931
1636,1627,769
1637,1626,617
1638,1577,276
1639,483,26
1640,1576,163
1641,937,520
1642,1602,971
1643,1635,1620
1644,1621,908
1645,1636,1572
1646,1567,905
1647,863,675
1648,945,526
1649,311,244
1650,868,829
1651,773,671
1652,1559,509
1653,1645,1528
1654,1458,533
1655,158,27
1656,1643,699
1657,1640,1598
1658,1617,737
1659,1634,1562
1660,1653,551
1661,1656,875
1662,894,531
1663,391,323
1664,1604,810
1665,1239,948
1666,1644,1574
1667,678,5
1668,1660,1622
1669,720,664
1670,1650,1641
1671,771,284
1672,1668,974
1673,1543,819
1674,1672,1638
1675,1608,1584
1676,1624,921
1677,1416,384
1678,1629,230
1679,1593,1520
1680,1597,366
1681,1666,809
1682,388,372
1683,447,105
1684,1674,1661
1685,1586,816
1686,1601,1541
1687,1642,1377
1688,1632,1545
1689,689,131
1690,976,727
1691,1658,1637
1692,1646,1613
1693,98,45
1694,813,630
1695,1681,1623
1696,1693,1664
1697,1575,385
1698,1633,1471
1699,1695,1491
1700,1699,557
1701,1487,1389
1702,1700,1652
1703,826,799
1704,1592,1547
1705,1670,1615
1706,903,891
1707,1702,652
1708,1692,515
1709,1564,757
1710,1628,1571
1711,1417,458
1712,1657,1611
1713,1651,1409
1714,885,597
1715,823,556
1716,1665,1546
1717,1707,884
1718,1438,222
1719,1684,713
1720,959,560
1721,625,482
1722,1659,1554
1723,1654,1610
1724,794,487
1725,1717,535
1726,221,82
1727,1725,521
1728,703,188
1729,1705,681
1730,1655,1275
1731,1557,14
1732,1719,1708
1733,1727,951
1734,1698,967
1735,1733,786
1736,1732,780
1737,1735,1662
1738,1696,569
1739,1736,854
1740,1535,519
1741,1739,964
1742,1737,853
1743,1742,642
1744,1688,755
1745,1741,1639
1746,1709,471
1747,359,235
1748,1647,958
1749,182,11
1750,1743,693
1751,1734,1676
1752,1691,1648
1753,1745,1712
1754,1573,69
1755,455,154
1756,445,242
1757,1580,417
1758,1740,682
1759,1673,1616
1760,1687,1599
1761,1723,998
1762,1753,1738
1763,1607,1563
1764,1750,591
1765,1706,575
1766,1729,911
1767,1764,1701
1768,1731,1713
1769,1762,641
1770,1605,968
1771,1769,1675
1772,1758,1694
1773,869,174
1774,1767,663
1775,1774,697
1776,1775,1766
1777,1746,95
1778,1677,1667
1779,919,362
1780,1728,643
1781,1776,1716
1782,1697,946
1783,1630,57
1784,1781,615
1785,1760,1703
1786,1720,628
1787,1682,1373
1788,1726,1619
1789,774,616
1790,890,537
1791,1744,684
1792,1771,633
1793,1751,264
1794,1784,570
1795,1761,1686
1796,1748,832
1797,1794,573
1798,1792,1789
1799,1797,1724
1800,1793,1714
1801,1715,996
1802,1799,807
1803,1791,756
1804,1798,817
1805,1722,883
1806,1685,543
1807,1770,674
1808,1804,530
1809,1808,505
1810,1669,798
1811,1809,489
1812,1773,753
1813,1800,636
1814,1811,676
1815,1783,116
1816,1814,725
1817,1802,961
1818,1817,1754
1819,1679,1606
1820,1704,1591
1821,1816,1796
1822,1821,1768
1823,512,65
1824,1818,369
1825,1777,687
1826,1822,600
1827,1710,1683
1828,1782,1718
1829,1813,1778
1830,1826,1772
1831,574,568
1832,1752,1711
1833,1824,910
1834,1786,1765
1835,1801,1785
1836,1830,583
1837,1803,294
1838,834,718
1839,1805,1780
1840,1836,1795
1841,1779,1757
1842,1747,399
1843,1788,18
1844,1833,1807
1845,1840,835
1846,1680,50
1847,1837,1834
1848,1806,44
1849,1763,376
1850,577,507
1851,661,645
1852,1844,695
1853,1845,986
1854,1853,861
1855,1854,1825
1856,950,612
1857,1787,897
1858,1855,1810
1859,1756,1663
1860,1858,770
1861,973,404
1862,1860,1847
1863,870,488
1864,1856,797
1865,611,450
1866,1835,1829
1867,1839,1831
1868,1852,582
1869,1857,1827
1870,1689,632
1871,1868,733
1872,1871,1828
1873,1842,1815
1874,947,840
1875,1862,732
1876,1875,1848
1877,1872,1649
1878,1876,621
1879,811,654
1880,1877,349
1881,1849,90
1882,1820,858
1883,1850,48
1884,1878,1790
1885,1884,787
1886,1880,321
1887,1886,1859
1888,1885,644
1889,1888,1870
1890,1889,1690
1891,1749,1678
1892,1867,0
1893,1887,726
1894,1890,584
1895,1893,1823
1896,1158,60
1897,1894,665
1898,1897,1846
1899,788,647
1900,550,290
1901,1898,555
1902,1874,1864
1903,1895,677
1904,1903,833
1905,1904,121
1906,1905,1832
1907,1901,941
1908,1819,437
1909,1892,738
1910,1861,566
1911,1909,1907
1912,1863,1841
1913,852,589
1914,1866,978
1915,1911,516
1916,1590,962
1917,1915,394
1918,991,592
1919,1914,1869
1920,1881,525
1921,1906,953
1922,1908,421
1923,1917,821
1924,1923,1902
1925,1924,690
1926,1925,847
1927,1926,782
1928,1755,120
1929,980,308
1930,1927,1879
1931,1930,1921
1932,1526,502
1933,1931,1812
1934,1933,386
1935,1851,638
1936,1919,277
1937,1934,1865
1938,1899,785
1939,1910,22
1940,1838,1721
1941,1920,1916
1942,1928,1912
1943,1942,1882
1944,1896,379
1945,1936,1883
1946,1922,1891
1947,871,239
1948,1937,1873
1949,1759,101
1950,1938,578
1951,1935,668
1952,1948,1946
1953,1952,938
1954,1953,1932
1955,1949,1918
1956,1955,997
1957,1950,1913
1958,1900,864
1959,1945,1940
1960,132,40
1961,1954,596
1962,1961,1943
1963,1962,563
1964,1939,728
1965,1963,267
1966,930,754
1967,402,64
1968,1957,1947
1969,1968,1959
1970,1969,1941
1971,1965,513
1972,1956,34
1973,1971,393
1974,1973,1951
1975,1974,1967
1976,1975,247
1977,1976,1929
1978,1977,1958
1979,1671,245
1980,1978,1960
1981,1970,1944
1982,1981,917
1983,1964,954
1984,1982,1730
1985,380,289
1986,462,71
1987,1980,156
1988,1987,1984
1989,1988,1966
1990,1989,1983
1991,1972,651
1992,1979,160
1993,1990,534
1994,1993,1985
1995,1991,1986
1996,1994,1843
1997,1995,1992
1998,1997,1996
