1000,433,53
1001,96,94
1002,409,207
1003,1001,150
1004,477,117
1005,490,220
1006,389,20
1007,1000,390
1008,41,33
1009,1007,215
1010,398,367
1011,1009,77
1012,1005,1004
1013,251,135
1014,815,714
1015,253,112
1016,1003,43
1017,410,138
1018,151,86
1019,285,75
1020,401,368
1021,339,74
1022,1010,72
1023,1014,1011
1024,1008,219
1025,449,152
1026,124,103
1027,237,89
1028,231,107
1029,204,146
1030,1002,354
1031,62,12
1032,1012,170
1033,453,261
1034,1020,392
1035,281,246
1036,257,59
1037,243,79
1038,1013,115
1039,1031,171
1040,1034,119
1041,1029,37
1042,1023,901
1043,413,371
1044,1030,429
1045,1016,963
1046,465,278
1047,495,403
1048,722,501
1049,1038,1017
1050,1024,440
1051,1022,1006
1052,279,168
1053,1050,527
1054,1042,73
1055,1032,658
1056,260,255
1057,1045,508
1058,1044,88
1059,1039,310
1060,1055,987
1061,1060,742
1062,1053,343
1063,200,167
1064,1026,880
1065,353,344
1066,1037,270
1067,1048,1021
1068,1035,442
1069,300,218
1070,1054,1027
1071,439,108
1072,291,4
1073,1061,1018
1074,1049,762
1075,438,259
1076,655,184
1077,1062,192
1078,1070,793
1079,1057,199
1080,189,47
1081,906,15
1082,1043,1041
1083,470,51
1084,587,118
1085,1066,876
1086,1036,423
1087,395,357
1088,1074,1067
1089,292,238
1090,307,252
1091,425,337
1092,1073,1019
1093,1077,935
1094,498,275
1095,370,304
1096,1088,1065
1097,1093,1069
1098,236,202
1099,1078,916
1100,420,318
1101,97,91
1102,106,42
1103,1089,1040
1104,626,412
1105,287,28
1106,179,61
1107,1079,491
1108,1099,298
1109,805,635
1110,299,186
1111,334,258
1112,1108,860
1113,1052,129
1114,1086,1083
1115,1097,1081
1116,1112,286
1117,1087,1064
1118,1116,838
1119,1100,272
1120,1101,312
1121,796,739
1122,1047,418
1123,1063,313
1124,1028,1025
1125,1092,70
1126,1082,778
1127,1085,416
1128,1068,415
1129,1118,1059
1130,1126,1107
1131,1051,263
1132,545,500
1133,1015,143
1134,1033,223
1135,1071,6
1136,497,469
1137,1104,9
1138,1072,194
1139,407,317
1140,1125,137
1141,1096,122
1142,1103,360
1143,1094,196
1144,1111,346
1145,1137,979
1146,1141,776
1147,1115,923
1148,397,104
1149,1129,1105
1150,872,476
1151,1127,203
1152,1075,365
1153,1119,161
1154,249,210
1155,1058,879
1156,1090,280
1157,149,10
1158,316,306
1159,1120,350
1160,1128,639
1161,790,424
1162,972,736
1163,1110,351
1164,993,765
1165,1142,273
1166,784,629
1167,1149,789
1168,1151,46
1169,1130,314
1170,1167,540
1171,1091,133
1172,1140,1106
1173,1146,915
1174,1117,1046
1175,1170,940
1176,933,610
1177,452,254
1178,1160,363
1179,1147,1114
1180,185,67
1181,1173,1084
1182,1155,1122
1183,1138,1131
1184,176,31
1185,1121,541
1186,949,358
1187,274,205
1188,1152,1139
1189,457,56
1190,1156,256
1191,134,81
1192,1175,1172
1193,1132,712
1194,1179,175
1195,1166,892
1196,1145,510
1197,1181,529
1198,1080,473
1199,1183,1113
1200,426,187
1201,178,84
1202,1135,493
1203,849,710
1204,1192,984
1205,481,87
1206,451,130
1207,1197,1185
1208,504,319
1209,1204,517
1210,468,111
1211,865,781
1212,1095,283
1213,434,269
1214,1186,266
1215,1198,333
1216,944,800
1217,1169,1123
1218,1178,148
1219,1161,1153
1220,1195,694
1221,1165,232
1222,480,233
1223,1102,341
1224,1194,862
1225,496,100
1226,1168,1150
1227,1209,791
1228,229,25
1229,467,322
1230,1157,348
1231,975,524
1232,1207,579
1233,1174,662
1234,1196,1076
1235,1133,1
1236,461,406
1237,717,528
1238,686,436
1239,387,144
1240,1182,411
1241,705,38
1242,831,296
1243,1212,475
1244,1164,17
1245,909,444
1246,1217,248
1247,1226,1176
1248,1233,734
1249,1224,325
1250,1227,606
1251,995,692
1252,1232,746
1253,1193,605
1254,448,68
1255,1249,750
1256,268,54
1257,1250,874
1258,1177,361
1259,1143,24
1260,659,572
1261,1255,1252
1262,400,241
1263,165,30
1264,1257,1144
1265,1246,1134
1266,1247,190
1267,1238,604
1268,1248,622
1269,982,741
1270,990,136
1271,1163,139
1272,1234,1216
1273,1199,109
1274,1219,454
1275,347,327
1276,1260,928
1277,1261,1245
1278,1221,1188
1279,601,191
1280,1223,441
1281,1218,751
1282,1273,1214
1283,297,201
1284,1220,565
1285,846,685
1286,878,843
1287,1215,382
1288,1201,499
1289,924,672
1290,1210,211
1291,1277,936
1292,383,302
1293,63,52
1294,1241,743
1295,1191,1159
1296,1291,1202
1297,1264,1244
1298,1162,983
1299,1253,803
1300,1265,217
1301,1281,332
1302,866,772
1303,1299,1266
1304,1285,1272
1305,1237,859
1306,1300,459
1307,1268,719
1308,446,408
1309,1230,422
1310,214,164
1311,1297,1294
1312,1296,761
1313,988,977
1314,1235,193
1315,1284,904
1316,1312,1304
1317,1267,748
1318,1136,1124
1319,1274,1180
1320,157,78
1321,1211,16
1322,1154,929
1323,1307,814
1324,1208,303
1325,956,602
1326,1302,824
1327,598,114
1328,1278,1200
1329,1301,1190
1330,342,80
1331,729,656
1332,1306,856
1333,966,698
1334,460,419
1335,1332,562
1336,1282,212
1337,373,177
1338,1254,1243
1339,1240,1222
1340,1229,430
1341,1316,669
1342,1187,335
1343,1311,1280
1344,1335,1317
1345,609,435
1346,1341,715
1347,1251,836
1348,456,32
1349,1231,943
1350,1319,1271
1351,1346,553
1352,848,758
1353,1056,228
1354,464,83
1355,1343,1270
1356,650,544
1357,1298,1276
1358,1203,503
1359,1328,240
1360,1315,745
1361,1360,740
1362,1309,66
1363,1351,1279
1364,1344,1323
1365,1355,1269
1366,777,55
1367,1303,624
1368,1363,1313
1369,1286,795
1370,1364,599
1371,955,567
1372,336,213
1373,1368,877
1374,898,593
1375,1295,432
1376,559,558
1377,614,547
1378,1373,1339
1379,1365,1242
1380,985,913
1381,640,586
1382,1367,1336
1383,1361,808
1384,850,93
1385,331,102
1386,1289,822
1387,768,328
1388,147,126
1389,716,571
1390,1370,594
1391,224,140
1392,1378,1305
1393,1379,197
1394,142,29
1395,1228,752
1396,1320,708
1397,1350,1206
1398,1393,58
1399,1338,1213
1400,1369,576
1401,427,345
1402,837,554
1403,1310,234
1404,1098,169
1405,492,110
1406,145,92
1407,1357,1327
1408,1359,1329
1409,1392,1321
1410,428,155
1411,1390,1383
1412,957,679
1413,1283,802
1414,1398,523
1415,839,590
1416,123,23
1417,305,162
1418,1148,825
1419,1352,209
1420,1189,952
1421,1411,888
1422,1375,1337
1423,1409,1380
1424,1421,735
1425,1324,1292
1426,1354,1256
1427,1414,1366
1428,1356,542
1429,1333,688
1430,1407,1326
1431,1397,1314
1432,701,225
1433,1400,942
1434,1322,381
1435,320,208
1436,1424,763
1437,479,195
1438,1263,99
1439,1423,1415
1440,1358,657
1441,549,518
1442,920,700
1443,166,7
1444,1436,812
1445,992,680
1446,1427,1293
1447,216,172
1448,1385,141
1449,1444,1386
1450,1389,711
1451,709,443
1452,293,262
1453,1399,918
1454,1308,1205
1455,1430,539
1456,1403,895
1457,198,125
1458,1439,783
1459,1418,1290
1460,1449,744
1461,1395,1349
1462,721,76
1463,1455,1382
1464,1450,548
1465,1236,49
1466,1458,627
1467,1460,842
1468,1466,546
1469,623,581
1470,1468,902
1471,301,288
1472,1467,660
1473,265,227
1474,326,128
1475,766,731
1476,1406,1239
1477,1184,180
1478,466,282
1479,538,506
1480,1472,896
1481,1412,1347
1482,827,377
1483,1480,889
1484,1470,900
1485,1484,706
1486,845,532
1487,463,113
1488,1446,1394
1489,1485,851
1490,1489,683
1491,1441,1440
1492,932,183
1493,1463,1433
1494,667,619
1495,1445,1442
1496,828,818
1497,1405,474
1498,1483,704
1499,1318,324
1500,1490,330
1501,295,69
1502,1419,1109
1503,1464,779
1504,1425,13
1505,1459,749
1506,159,36
1507,1500,1413
1508,970,613
1509,691,646
1510,1507,1475
1511,1488,1477
1512,893,764
1513,1498,804
1514,1431,226
1515,1448,271
1516,1481,1408
1517,1511,775
1518,1401,873
1519,375,309
1520,414,21
1521,1513,561
1522,1465,1362
1523,1510,899
1524,1426,1340
1525,1493,631
1526,355,173
1527,1428,841
1528,396,364
1529,801,637
1530,1331,595
1531,1523,1429
1532,1422,1396
1533,1517,85
1534,1516,759
1535,1376,673
1536,1509,886
1537,1531,1491
1538,1499,1287
1539,1514,564
1540,1434,431
1541,1432,1262
1542,1527,1521
1543,1384,39
1544,1518,1451
1545,1288,1171
1546,1461,887
1547,1469,989
1548,1402,1371
1549,1497,1258
1550,1533,1473
1551,1542,1525
1552,1537,767
1553,1420,907
1554,1374,620
1555,1453,882
1556,1546,8
1557,1387,934
1558,1552,670
1559,939,352
1560,855,792
1561,1550,1456
1562,1381,608
1563,1404,250
1564,927,922
1565,1259,329
1566,1558,1541
1567,1535,724
1568,1479,634
1569,1534,1348
1570,1532,960
1571,881,585
1572,1504,653
1573,1539,1330
1574,1506,1342
1575,1555,1474
1576,867,820
1577,1566,1476
1578,1540,478
1579,1561,969
1580,1443,999
1581,1551,925
1582,1581,1505
1583,1577,1325
1584,1524,1438
1585,1579,1494
1586,1334,760
1587,1544,702
1588,1583,511
1589,1530,912
1590,649,494
1591,1588,1585
1592,405,338
1593,1225,588
1594,1478,127
1595,1486,536
1596,1569,730
1597,1582,857
1598,1580,806
1599,1447,3
1600,1596,1391
1601,1495,618
1602,1589,1353
1603,1462,981
1604,1556,607
1605,1502,844
1606,1482,552
1607,356,35
1608,340,181
1609,1520,1508
1610,485,153
1611,994,696
1612,1496,603
1613,1600,514
1614,1538,1454
1615,1587,1578
1616,1503,747
1617,1591,707
1618,1597,914
1619,1613,926
1620,1563,484
1621,1567,1452
1622,1619,1435
1623,666,648
1624,1618,965
1625,830,617
1626,1624,1512
1627,1275,27
1628,1345,378
1629,472,206
1630,1617,1553
1631,486,374
1632,723,522
1633,1609,1570
1634,1515,2
1635,1625,1554
1636,1626,769
1637,1622,931
1638,384,19
1639,1576,276
1640,483,26
1641,1575,163
1642,937,520
1643,1604,971
1644,1528,1410
1645,1637,1595
1646,1568,905
1647,1630,908
1648,863,675
1649,945,526
1650,311,244
1651,868,829
1652,773,671
1653,1560,509
1654,1636,1529
1655,1654,1572
1656,1457,533
1657,1641,1601
1658,1616,737
1659,1634,1562
1660,1645,699
1661,1660,580
1662,1655,551
1663,894,531
1664,391,323
1665,1605,810
1666,1661,875
1667,678,5
1668,1662,1621
1669,720,664
1670,1651,1642
1671,1647,1573
1672,771,284
1673,1668,974
1674,1545,819
1675,1673,1639
1676,1623,921
1677,1629,230
1678,1594,1519
1679,1599,366
1680,388,372
1681,447,105
1682,1671,809
1683,1586,816
1684,1638,1471
1685,1603,1543
1686,1682,1615
1687,1643,1377
1688,1632,1547
1689,919,315
1690,1666,946
1691,689,131
1692,976,727
1693,1658,1635
1694,1646,1611
1695,98,45
1696,1690,1675
1697,813,630
1698,1695,1665
1699,1522,1501
1700,1574,385
1701,1633,967
1702,1686,1492
1703,1487,1388
1704,1702,557
1705,359,235
1706,1704,1653
1707,826,799
1708,1593,1549
1709,1670,1612
1710,903,891
1711,1706,652
1712,1694,515
1713,1565,757
1714,1628,1571
1715,1417,458
1716,1657,1610
1717,885,597
1718,823,556
1719,1711,884
1720,1437,222
1721,959,560
1722,1696,713
1723,625,482
1724,1659,1557
1725,1656,1598
1726,794,487
1727,221,82
1728,1719,535
1729,1728,521
1730,703,188
1731,1709,681
1732,1559,14
1733,1722,1712
1734,1729,951
1735,1701,1676
1736,1734,786
1737,1733,780
1738,1736,1663
1739,1698,569
1740,1738,642
1741,1737,1652
1742,1536,519
1743,1741,854
1744,948,583
1745,1740,853
1746,1688,755
1747,1689,417
1748,1743,964
1749,1648,958
1750,1748,1640
1751,182,11
1752,1745,693
1753,1713,95
1754,1693,1649
1755,455,154
1756,445,242
1757,1750,1716
1758,1742,682
1759,1687,1602
1760,1725,998
1761,1627,158
1762,1608,1564
1763,1757,1739
1764,1752,591
1765,1710,575
1766,1731,911
1767,1732,1644
1768,1674,1614
1769,1631,1584
1770,1764,1703
1771,1606,968
1772,1763,641
1773,1667,1416
1774,1753,471
1775,1772,1684
1776,1770,697
1777,1758,1697
1778,869,174
1779,1735,1717
1780,1776,663
1781,1780,1766
1782,1730,643
1783,1781,615
1784,1759,1707
1785,1762,362
1786,1721,628
1787,1680,1372
1788,1727,1620
1789,1775,616
1790,1783,570
1791,399,57
1792,1789,633
1793,1790,573
1794,890,537
1795,1746,684
1796,1792,1769
1797,1760,1685
1798,1749,832
1799,1793,1726
1800,1779,636
1801,1799,807
1802,1718,996
1803,1720,1700
1804,1708,1592
1805,1795,756
1806,1801,1744
1807,1796,774
1808,1724,883
1809,1683,543
1810,1771,674
1811,1807,817
1812,1669,798
1813,1811,530
1814,1778,753
1815,1806,961
1816,1813,505
1817,1816,489
1818,1800,264
1819,1678,1607
1820,1815,369
1821,1715,116
1822,1817,676
1823,1820,1548
1824,1822,725
1825,1767,1755
1826,1714,1681
1827,512,65
1828,1823,1699
1829,1824,600
1830,1774,687
1831,1829,1798
1832,574,568
1833,1831,1777
1834,437,50
1835,1786,1765
1836,1805,294
1837,1802,1784
1838,1818,1773
1839,834,718
1840,1808,1782
1841,1833,1797
1842,1828,1810
1843,1842,910
1844,1788,18
1845,1841,835
1846,1836,1835
1847,1809,44
1848,1785,376
1849,577,507
1850,661,645
1851,1843,695
1852,1845,861
1853,1794,239
1854,1852,986
1855,950,612
1856,1854,1830
1857,1787,897
1858,1803,1756
1859,1821,1754
1860,1856,1812
1861,1838,1837
1862,973,404
1863,870,488
1864,1855,797
1865,1860,770
1866,1865,1846
1867,611,450
1868,1840,1832
1869,1857,1826
1870,1691,632
1871,1851,733
1872,1871,582
1873,947,840
1874,1872,1664
1875,1866,732
1876,1679,1677
1877,1874,321
1878,1875,621
1879,1878,1847
1880,1877,349
1881,1880,1650
1882,811,654
1883,1881,1858
1884,1804,858
1885,1849,48
1886,1848,90
1887,1879,644
1888,1887,787
1889,1859,1825
1890,1863,1747
1891,1888,1692
1892,1891,1870
1893,1868,0
1894,1883,1827
1895,1892,584
1896,1158,60
1897,1895,555
1898,1897,665
1899,1894,121
1900,788,647
1901,1791,1705
1902,550,290
1903,1899,677
1904,1903,726
1905,1873,1864
1906,1898,941
1907,1904,833
1908,1906,516
1909,1893,738
1910,1862,566
1911,1909,1908
1912,1861,978
1913,852,589
1914,1886,1590
1915,1911,394
1916,991,592
1917,1912,1869
1918,1907,953
1919,1819,421
1920,1890,1889
1921,1915,1853
1922,1723,525
1923,980,308
1924,1921,1905
1925,1924,847
1926,1925,821
1927,1926,690
1928,1927,782
1929,1928,1882
1930,1929,1918
1931,1930,1814
1932,1526,502
1933,1931,386
1934,1920,120
1935,1850,638
1936,379,277
1937,1933,1867
1938,1937,1919
1939,1917,1885
1940,1922,1839
1941,1876,1834
1942,1900,785
1943,1914,962
1944,1910,22
1945,1938,1934
1946,1945,1941
1947,1768,997
1948,1884,156
1949,1942,578
1950,1751,393
1951,1935,668
1952,1947,1916
1953,1946,938
1954,1953,1932
1955,1954,1901
1956,1949,1913
1957,1940,1939
1958,1957,1936
1959,1902,864
1960,1956,871
1961,1955,563
1962,1961,596
1963,1962,1948
1964,1944,132
1965,1963,267
1966,930,754
1967,1960,1958
1968,402,64
1969,1965,513
1970,1967,1943
1971,1969,1951
1972,1952,101
1973,1972,34
1974,1971,1968
1975,1959,1761
1976,1974,247
1977,1970,917
1978,1976,1923
1979,1672,245
1980,1896,1844
1981,954,728
1982,1978,1964
1983,1982,1950
1984,1983,1977
1985,380,289
1986,462,71
1987,1984,40
1988,1987,1966
1989,1988,1975
1990,1989,1981
1991,1990,1985
1992,1973,651
1993,1979,160
1994,1991,534
1995,1994,1980
1996,1992,1986
1997,1996,1993
1998,1997,1995
