6000,2338,1598
6001,6000,4167
6002,4103,2145
6003,5418,4091
6004,5141,2403
6005,3885,3643
6006,4488,2309
6007,6001,5098
6008,6005,5243
6009,5411,3234
6010,6007,5342
6011,5290,3977
6012,4361,2030
6013,6006,3069
6014,4183,1281
6015,6008,6002
6016,4080,3755
6017,5156,5070
6018,5134,5128
6019,4479,4297
6020,4797,3526
6021,2340,2138
6022,6010,3261
6023,5388,4266
6024,3686,2860
6025,6003,5361
6026,6004,5695
6027,6011,3920
6028,5827,1219
6029,6014,2133
6030,6013,5364
6031,6015,4264
6032,5907,2395
6033,5545,5343
6034,4489,4426
6035,6030,2374
6036,6032,6022
6037,6012,5480
6038,6031,6027
6039,6018,6017
6040,6036,4073
6041,5461,47
6042,6029,4116
6043,4364,4355
6044,3827,3712
6045,6038,6034
6046,6035,4291
6047,6020,4134
6048,6042,2559
6049,2243,477
6050,6025,3108
6051,6040,1315
6052,1242,433
6053,6021,96
6054,6051,5439
6055,6033,6026
6056,6039,5115
6057,6037,2383
6058,4429,3928
6059,4339,2387
6060,5767,3292
6061,4387,4204
6062,6016,2746
6063,6049,2661
6064,3950,1201
6065,6054,5011
6066,6019,4450
6067,4189,2051
6068,5226,4185
6069,6057,4233
6070,6047,3539
6071,6053,1951
6072,6067,6048
6073,3650,2070
6074,6046,4378
6075,6023,4197
6076,6069,2279
6077,4170,4047
6078,6045,2497
6079,4270,94
6080,6050,3298
6081,6063,2306
6082,6028,4181
6083,6076,6052
6084,4036,3427
6085,4159,4154
6086,6064,3763
6087,6078,4369
6088,6073,1013
6089,6055,2222
6090,6085,6074
6091,3768,3346
6092,1926,1857
6093,6009,5919
6094,3068,3036
6095,6077,6059
6096,6041,4165
6097,6058,4035
6098,5878,3707
6099,4457,4070
6100,4380,4012
6101,1096,390
6102,5491,4007
6103,4280,3860
6104,3290,150
6105,6089,6082
6106,6083,5136
6107,6060,3377
6108,6072,5241
6109,6081,4599
6110,4362,4327
6111,6062,4087
6112,6056,3899
6113,6087,5024
6114,6108,4584
6115,6098,6090
6116,6094,6075
6117,5175,3023
6118,6113,5806
6119,6096,3019
6120,6084,6065
6121,6044,4368
6122,6080,3530
6123,6043,5288
6124,6070,117
6125,6114,33
6126,5203,5077
6127,6120,3689
6128,6106,4539
6129,6079,6071
6130,6102,4083
6131,6128,5834
6132,2430,2287
6133,6097,3666
6134,3153,1177
6135,6127,3600
6136,6107,2464
6137,6111,3088
6138,6125,2074
6139,6117,4180
6140,5453,4113
6141,6118,3734
6142,4754,53
6143,6137,3260
6144,6088,74
6145,4470,4317
6146,4436,4230
6147,409,207
6148,6119,5020
6149,6092,6066
6150,6109,5325
6151,6091,5240
6152,6141,6105
6153,6131,1098
6154,6116,4354
6155,6135,1357
6156,6153,6061
6157,6143,6103
6158,6149,6133
6159,6104,3033
6160,6152,6086
6161,6144,6095
6162,6154,6130
6163,4344,4111
6164,5787,2477
6165,3095,2259
6166,2331,2302
6167,6136,2118
6168,6068,6024
6169,6122,1984
6170,6138,6115
6171,6155,3208
6172,4818,3998
6173,2582,220
6174,6150,6124
6175,6123,3203
6176,6169,6167
6177,6110,5090
6178,6171,4120
6179,5298,3908
6180,3970,79
6181,5369,3171
6182,6175,41
6183,6178,4302
6184,6093,3856
6185,6148,5333
6186,4492,4125
6187,3279,3015
6188,5747,5580
6189,389,20
6190,5148,2339
6191,3711,3691
6192,5386,4284
6193,5525,2099
6194,6156,6101
6195,6160,3146
6196,4077,4020
6197,6183,5180
6198,6170,5715
6199,6161,4138
6200,5285,2680
6201,4866,4173
6202,3982,2264
6203,2057,1649
6204,6162,6159
6205,4051,1838
6206,6195,1073
6207,4260,3047
6208,6100,3753
6209,5222,5062
6210,6197,3300
6211,6198,6134
6212,3698,3555
6213,6206,1742
6214,6184,43
6215,6112,3919
6216,6204,6129
6217,6213,4308
6218,4890,4525
6219,5182,3319
6220,6174,1084
6221,6099,1347
6222,6210,4192
6223,6185,4353
6224,6217,3438
6225,3429,3276
6226,6194,815
6227,5478,5375
6228,6157,3606
6229,6224,6186
6230,4373,2108
6231,6121,5043
6232,5762,4137
6233,6146,4013
6234,6180,4326
6235,6190,2104
6236,5445,3550
6237,6220,3110
6238,6140,4210
6239,6222,6145
6240,6223,3610
6241,4720,2273
6242,6158,4262
6243,5492,5261
6244,6151,5936
6245,6176,6164
6246,6202,1137
6247,5059,3670
6248,5584,1342
6249,6229,6192
6250,3770,3391
6251,4200,2071
6252,4236,465
6253,6228,4175
6254,6168,168
6255,398,367
6256,6177,3083
6257,3695,1523
6258,5374,1536
6259,6226,1131
6260,6214,4011
6261,6235,4033
6262,6234,5764
6263,4131,1349
6264,6240,5360
6265,4050,3708
6266,6242,6139
6267,6163,4481
6268,6259,2164
6269,5376,3185
6270,6249,1188
6271,4784,4628
6272,6245,5811
6273,6216,5918
6274,3805,3022
6275,5042,4039
6276,6215,4228
6277,6179,3057
6278,6268,714
6279,6270,2466
6280,6221,1544
6281,6239,6207
6282,6165,1657
6283,6172,5373
6284,6173,490
6285,215,77
6286,6277,6264
6287,6132,2816
6288,6279,6231
6289,3633,135
6290,4250,4060
6291,6241,4314
6292,2662,1093
6293,6254,5125
6294,6193,2035
6295,6253,5697
6296,6199,2317
6297,6273,5559
6298,6166,1881
6299,6211,2232
6300,4476,3403
6301,6266,6182
6302,6281,5278
6303,6272,5652
6304,4897,2008
6305,6299,3799
6306,6244,3681
6307,2120,497
6308,6288,4960
6309,6191,4269
6310,6205,5948
6311,2580,429
6312,4392,4360
6313,6201,4498
6314,6284,6237
6315,3456,3173
6316,6302,4696
6317,6296,4157
6318,6305,6261
6319,6219,4044
6320,1446,1018
6321,6250,3447
6322,6260,1747
6323,4094,3506
6324,6262,3064
6325,6316,6297
6326,6188,5625
6327,6256,3909
6328,1892,1154
6329,6295,2729
6330,6308,2438
6331,2679,1439
6332,4298,4040
6333,6225,5199
6334,5794,3246
6335,1778,1133
6336,6304,6278
6337,5876,5565
6338,6332,3496
6339,3205,1968
6340,6330,5473
6341,6257,4147
6342,3629,3244
6343,5474,204
6344,253,112
6345,6283,2443
6346,6303,5383
6347,6271,4529
6348,6196,2193
6349,6267,5262
6350,5304,5172
6351,4438,1777
6352,6317,5884
6353,3359,3187
6354,6289,6287
6355,6203,2378
6356,5027,4370
6357,6326,4752
6358,4705,4536
6359,4877,2917
6360,6238,6232
6361,6328,2849
6362,6340,4056
6363,410,138
6364,6251,5181
6365,6218,4315
6366,3183,3004
6367,151,86
6368,6293,3495
6369,6306,4671
6370,6300,1566
6371,285,75
6372,401,368
6373,6147,5100
6374,4484,4231
6375,5357,2328
6376,6329,6327
6377,1834,251
6378,2536,1195
6379,6362,6263
6380,6318,6142
6381,6282,5657
6382,6346,4382
6383,6342,4146
6384,6325,2199
6385,3189,2294
6386,6276,4142
6387,4612,4158
6388,5591,4058
6389,3365,3310
6390,2244,2233
6391,3769,3683
6392,6291,3961
6393,6274,2391
6394,5470,5412
6395,6319,4715
6396,6379,6309
6397,5899,1567
6398,6352,4123
6399,1489,1478
6400,3441,246
6401,5995,2181
6402,6324,5683
6403,6243,2368
6404,6398,6233
6405,6361,6336
6406,4480,3356
6407,4108,1292
6408,6294,3561
6409,2522,1631
6410,6310,3954
6411,6208,3826
6412,1481,353
6413,5147,243
6414,6382,5722
6415,5554,1647
6416,6380,6354
6417,1150,1052
6418,6369,6209
6419,6396,3098
6420,6349,4286
6421,6384,6343
6422,6355,6292
6423,5785,1295
6424,5403,4793
6425,6298,3137
6426,4066,1425
6427,6286,3717
6428,5648,4184
6429,3448,1144
6430,6255,72
6431,5050,3184
6432,5468,1646
6433,2685,1890
6434,6345,4272
6435,3131,89
6436,6248,2085
6437,6357,3846
6438,6409,6275
6439,6280,3051
6440,6405,6246
6441,6258,1283
6442,6410,124
6443,6314,4917
6444,6320,1321
6445,6301,1928
6446,6339,3220
6447,5143,1675
6448,4679,281
6449,4670,371
6450,4830,4439
6451,5097,4444
6452,449,152
6453,6408,6312
6454,6419,6402
6455,6414,4182
6456,5874,5253
6457,6392,3229
6458,6333,6315
6459,4009,2332
6460,4190,2380
6461,4435,3259
6462,4654,4106
6463,6442,6421
6464,4112,1239
6465,3449,3029
6466,6440,4986
6467,6351,6322
6468,6463,3459
6469,231,107
6470,6427,5679
6471,6455,6454
6472,6416,3100
6473,3905,3902
6474,6252,4256
6475,6370,1265
6476,6395,6368
6477,6443,170
6478,6418,4072
6479,5799,4067
6480,2832,1423
6481,6377,1039
6482,6439,6381
6483,6411,6373
6484,6445,4105
6485,6360,1220
6486,6478,6334
6487,6376,5197
6488,6472,5099
6489,1661,501
6490,6470,6126
6491,62,12
6492,5981,5512
6493,6435,237
6494,6468,6426
6495,6466,5170
6496,6321,3374
6497,6433,6341
6498,6212,5248
6499,6364,4318
6500,6488,1504
6501,6247,1107
6502,6457,4422
6503,6487,6446
6504,3761,97
6505,6404,1338
6506,6313,4188
6507,3596,2886
6508,6434,3400
6509,5014,3273
6510,5165,4335
6511,453,261
6512,1275,1082
6513,6494,2149
6514,6495,4537
6515,6285,73
6516,4490,2015
6517,1513,880
6518,6372,392
6519,6338,5629
6520,6458,3674
6521,5469,5230
6522,6471,6366
6523,4710,1676
6524,6386,4420
6525,6348,2192
6526,6189,4288
6527,6485,2412
6528,6484,6441
6529,6514,2632
6530,5205,2511
6531,6477,4893
6532,6492,5883
6533,6422,1840
6534,6363,354
6535,6480,3814
6536,6393,2523
6537,6403,1603
6538,1772,1589
6539,6500,901
6540,6503,6467
6541,257,59
6542,5780,3529
6543,6227,5176
6544,6486,3819
6545,6399,1815
6546,4014,1308
6547,6335,4143
6548,6529,3469
6549,3967,2352
6550,6513,6425
6551,6522,6508
6552,6378,5398
6553,6505,2308
6554,6460,3372
6555,1334,1272
6556,6499,6387
6557,6358,4697
6558,4945,4473
6559,6390,6347
6560,5813,4349
6561,6528,1020
6562,4408,4100
6563,6539,2487
6564,6323,4101
6565,6415,6365
6566,3781,252
6567,6407,5420
6568,6530,3943
6569,1433,357
6570,3369,413
6571,6420,3601
6572,2183,2129
6573,4604,3366
6574,6551,6501
6575,6383,3742
6576,3294,1615
6577,6563,3164
6578,4734,218
6579,6436,5651
6580,4969,2301
6581,6459,6375
6582,6476,3959
6583,5447,3590
6584,6550,4462
6585,6524,4150
6586,6200,3457
6587,6423,5502
6588,4399,3836
6589,4316,2375
6590,5852,4372
6591,6577,6553
6592,5313,4293
6593,6584,6538
6594,146,37
6595,6374,4088
6596,4591,3395
6597,6491,171
6598,6540,5153
6599,6544,6497
6600,2393,2337
6601,5171,1141
6602,6571,6265
6603,6337,5727
6604,6593,5838
6605,5422,4367
6606,6490,3440
6607,6307,5802
6608,2343,1040
6609,6518,119
6610,3043,103
6611,6533,5856
6612,6574,2256
6613,6483,6448
6614,5384,2792
6615,4474,403
6616,6482,6413
6617,6561,1708
6618,6464,1825
6619,6181,2103
6620,4964,4117
6621,6187,1979
6622,6612,5209
6623,6605,1924
6624,6531,1991
6625,6532,6502
6626,2255,2174
6627,4252,3626
6628,4972,4757
6629,6618,6438
6630,6391,4076
6631,4508,3018
6632,4375,4244
6633,3307,3041
6634,6622,3269
6635,6311,9
6636,3254,1886
6637,4485,3413
6638,6437,1372
6639,6504,3958
6640,5133,270
6641,6604,6562
6642,3085,2546
6643,6585,6558
6644,6579,5696
6645,6548,6371
6646,4015,3492
6647,3470,1941
6648,6429,4440
6649,6606,6350
6650,6552,4246
6651,6451,1126
6652,6527,5553
6653,6634,6565
6654,5913,5708
6655,6617,3212
6656,6580,4433
6657,5983,2344
6658,6591,6523
6659,1577,1035
6660,6489,722
6661,5270,4118
6662,6641,6581
6663,2314,762
6664,6610,5631
6665,6616,1734
6666,3904,3079
6667,6397,3944
6668,6394,5518
6669,4041,3285
6670,3966,3922
6671,6475,5886
6672,6535,5472
6673,6520,4166
6674,6449,5359
6675,1180,527
6676,6572,6506
6677,3360,3094
6678,3907,1457
6679,4826,1345
6680,6269,4630
6681,6599,2564
6682,4371,2910
6683,5939,4093
6684,5078,4237
6685,6598,5166
6686,6645,793
6687,5930,5321
6688,5489,4226
6689,6655,1311
6690,6662,1692
6691,4300,4025
6692,4141,2844
6693,6624,987
6694,6653,5779
6695,6406,4023
6696,6498,6461
6697,5452,5001
6698,6545,6493
6699,5415,5324
6700,6597,1329
6701,3869,3210
6702,6431,5214
6703,6629,4471
6704,6643,4151
6705,6658,3971
6706,6694,5740
6707,3332,2176
6708,6582,5421
6709,3540,1400
6710,6689,4031
6711,6642,2329
6712,6519,5576
6713,6693,658
6714,5146,4350
6715,5851,1497
6716,6660,6417
6717,440,343
6718,6515,1375
6719,6588,4126
6720,6690,6625
6721,3384,287
6722,6536,5401
6723,6705,115
6724,6534,2565
6725,4891,4441
6726,3900,2007
6727,6631,3286
6728,6611,5934
6729,6638,5931
6730,6521,5466
6731,6230,4910
6732,6713,742
6733,3373,2584
6734,6542,200
6735,6453,3588
6736,1835,1605
6737,6649,3243
6738,6686,6672
6739,6517,1087
6740,6681,2550
6741,5555,4010
6742,4282,3258
6743,2507,2202
6744,6692,6637
6745,4187,3547
6746,6589,2432
6747,4074,2929
6748,5956,5596
6749,6720,3820
6750,2514,1746
6751,6564,3648
6752,6636,2047
6753,3385,1994
6754,6652,6516
6755,6749,6549
6756,6708,5318
6757,6627,3510
6758,6479,1498
6759,6644,963
6760,6706,6687
6761,6723,3299
6762,3103,2455
6763,6496,4021
6764,260,255
6765,6656,4034
6766,3375,3222
6767,6712,6567
6768,5434,2751
6769,6432,3221
6770,6556,2353
6771,6710,3960
6772,6428,3046
6773,5212,5104
6774,6755,6632
6775,6737,6447
6776,2276,17
6777,3136,491
6778,1877,1320
6779,6465,370
6780,4004,1415
6781,6547,4843
6782,1193,1006
6783,5888,5710
6784,6728,1337
6785,3721,4
6786,6709,5121
6787,6481,2010
6788,5624,3986
6789,4571,495
6790,6774,6569
6791,5019,3387
6792,5699,2988
6793,6756,6586
6794,5994,1707
6795,6685,4613
6796,6668,1450
6797,6771,5292
6798,6704,4191
6799,6512,4301
6800,1814,508
6801,3213,1266
6802,6738,4950
6803,6602,4263
6804,3910,1660
6805,6761,6725
6806,6359,4590
6807,5265,4915
6808,5677,1585
6809,3831,3225
6810,6665,4216
6811,3306,929
6812,6696,3918
6813,6805,4115
6814,6651,1693
6815,6677,5618
6816,6388,4906
6817,5817,219
6818,6802,6650
6819,6790,6734
6820,1967,1856
6821,6674,3382
6822,6732,4509
6823,6813,6784
6824,6729,6401
6825,6767,3743
6826,6795,5009
6827,3211,3209
6828,6787,6715
6829,6633,6575
6830,1299,1282
6831,6613,442
6832,6600,2282
6833,6797,2911
6834,1757,460
6835,6769,6587
6836,2472,1251
6837,3314,317
6838,6456,5144
6839,6595,4397
6840,6673,6573
6841,5385,3345
6842,6718,4581
6843,4733,4008
6844,6620,1503
6845,6635,184
6846,6702,5511
6847,4487,4285
6848,6740,5254
6849,6717,6675
6850,6546,4055
6851,4224,3817
6852,6779,3675
6853,6818,1114
6854,4393,1091
6855,6566,307
6856,6583,4442
6857,6826,4119
6858,6798,5202
6859,3554,3090
6860,5929,3172
6861,6353,279
6862,6848,6543
6863,6663,2081
6864,6760,6754
6865,4901,2130
6866,6812,3309
6867,6751,4674
6868,6630,5289
6869,6525,1224
6870,4929,4878
6871,4749,3132
6872,3123,2878
6873,3160,3087
6874,6819,6739
6875,6601,2218
6876,6810,5636
6877,6759,5717
6878,6735,3802
6879,4168,1068
6880,6537,4089
6881,4739,4394
6882,6716,6703
6883,6853,6822
6884,5306,5127
6885,6748,6664
6886,4668,2240
6887,3671,1230
6888,4939,3101
6889,6874,6752
6890,6695,4351
6891,3399,2759
6892,1125,626
6893,4941,2366
6894,5911,2480
6895,6507,3297
6896,1398,1037
6897,6462,3442
6898,5869,4875
6899,6823,5564
6900,6444,1463
6901,5083,2955
6902,6707,6385
6903,6509,3825
6904,6824,5820
6905,6889,6733
6906,6596,3197
6907,6669,1821
6908,439,108
6909,6829,4845
6910,3394,3257
6911,6803,6775
6912,6730,4122
6913,6899,6786
6914,6570,1424
6915,6833,5345
6916,6864,6791
6917,6736,339
6918,6684,202
6919,3921,1552
6920,6905,1883
6921,2494,192
6922,6700,310
6923,6920,3504
6924,6916,6770
6925,6828,6726
6926,6913,6863
6927,3283,3193
6928,5750,2962
6929,6788,6727
6930,5534,500
6931,6621,4954
6932,6876,4391
6933,6858,3929
6934,6356,2687
6935,6578,300
6936,6757,2621
6937,6639,1758
6938,4418,4006
6939,6722,6671
6940,6923,1557
6941,6603,5606
6942,6862,6857
6943,6557,5210
6944,2928,314
6945,6698,1737
6946,5237,1186
6947,6895,6831
6948,6915,1382
6949,438,259
6950,5096,5012
6951,4063,3619
6952,5664,3169
6953,6883,6367
6954,3228,2367
6955,6940,5149
6956,6890,4565
6957,5909,2019
6958,4743,2778
6959,6724,3854
6960,6657,906
6961,4059,3238
6962,6389,3488
6963,6903,2938
6964,6474,4347
6965,6948,935
6966,6667,3574
6967,5719,4496
6968,6924,5322
6969,5586,2361
6970,6926,6817
6971,6768,5808
6972,6838,6424
6973,6842,298
6974,6745,2335
6975,6878,6816
6976,6721,6608
6977,6942,2877
6978,3634,3312
6979,6965,344
6980,6846,5943
6981,5354,167
6982,3313,1831
6983,6615,6541
6984,6680,2185
6985,5272,1643
6986,6955,2360
6987,5821,5599
6988,6932,5331
6989,6970,2420
6990,6780,6555
6991,5858,3630
6992,6968,4245
6993,4454,545
6994,6986,6867
6995,6904,2388
6996,5004,2416
6997,6825,6777
6998,4377,1079
6999,6814,4464
7000,6731,4666
7001,6839,6623
7002,5988,5504
7003,6931,4738
7004,6793,3694
7005,6773,3672
7006,470,51
7007,3340,2423
7008,5830,1051
7009,4983,2686
7010,6992,6688
7011,6628,4611
7012,6929,5535
7013,587,118
7014,6808,5540
7015,6869,3192
7016,3002,1384
7017,7010,5739
7018,5548,1537
7019,6840,872
7020,5067,3003
7021,6979,6947
7022,6849,1367
7023,6763,1083
7024,6989,6896
7025,6994,1306
7026,5991,2742
7027,6988,876
7028,6933,189
7029,6925,860
7030,6927,6648
7031,6559,5368
7032,6866,6661
7033,6953,4835
7034,6943,1132
7035,7025,4588
7036,4310,2534
7037,5500,1168
7038,7017,6880
7039,6901,6882
7040,6526,6430
7041,6331,286
7042,4689,1819
7043,5350,3056
7044,7024,1606
7045,4979,4383
7046,6654,5925
7047,5281,4881
7048,6778,1017
7049,7027,6640
7050,7022,5242
7051,3198,1917
7052,6977,3785
7053,6966,4078
7054,3517,3472
7055,6844,6804
7056,6850,6799
7057,7039,1393
7058,292,238
7059,6554,1619
7060,7012,5818
7061,6510,5109
7062,6809,3527
7063,425,337
7064,7038,2105
7065,6911,2297
7066,6590,1253
7067,1876,360
7068,5032,3989
7069,7065,2056
7070,6473,3945
7071,2234,210
7072,7028,2454
7073,5493,4413
7074,6892,6845
7075,6619,4846
7076,6741,4099
7077,7035,5661
7078,6990,6450
7079,6888,1386
7080,6765,6746
7081,7033,6946
7082,498,275
7083,6697,1868
7084,6997,1894
7085,7019,3996
7086,6792,1959
7087,6679,2547
7088,6975,2638
7089,6666,3479
7090,7029,1529
7091,6854,4135
7092,7044,2170
7093,3514,1390
7094,5395,5358
7095,7064,6887
7096,7071,5746
7097,5678,5029
7098,6851,2143
7099,6820,1430
7100,4029,312
7101,5949,1187
7102,6714,4097
7103,7092,1505
7104,7000,6806
7105,6885,2676
7106,1530,1379
7107,6935,3407
7108,5889,5810
7109,7095,7047
7110,6758,3581
7111,4796,3236
7112,7052,6909
7113,7004,6987
7114,5036,4475
7115,7077,5006
7116,7081,6789
7117,5456,736
7118,6941,5906
7119,2450,68
7120,6897,3329
7121,7045,6744
7122,5647,4914
7123,6938,3487
7124,6877,6800
7125,2567,838
7126,6594,1601
7127,7115,7015
7128,6995,278
7129,5448,5438
7130,6939,1218
7131,7072,6452
7132,6914,199
7133,6886,3549
7134,6830,1333
7135,7085,5600
7136,6719,3378
7137,4968,3380
7138,7043,6782
7139,5441,2296
7140,6614,2861
7141,6576,4273
7142,6894,1095
7143,7103,7090
7144,6856,1029
7145,7109,6647
7146,420,318
7147,7020,3061
7148,106,42
7149,7112,1101
7150,3914,3868
7151,7036,879
7152,7116,2097
7153,7127,7018
7154,6907,4379
7155,7049,6821
7156,3773,3740
7157,4542,4313
7158,7021,1368
7159,6984,6659
7160,6999,46
7161,2060,1591
7162,7152,7087
7163,7032,4043
7164,5680,3435
7165,7153,3255
7166,5974,5569
7167,7145,6912
7168,6982,4057
7169,7134,1297
7170,1710,1216
7171,6910,5391
7172,6762,4329
7173,6951,4054
7174,7069,5723
7175,3178,778
7176,5769,397
7177,7165,1034
7178,7149,6859
7179,7076,6835
7180,7008,2064
7181,7162,6879
7182,7058,6609
7183,4130,2897
7184,3940,3722
7185,5297,1919
7186,179,61
7187,6971,6796
7188,6412,892
7189,7167,2508
7190,1204,88
7191,6978,229
7192,5751,5703
7193,5718,2461
7194,7177,1434
7195,6785,291
7196,2326,1041
7197,7113,1304
7198,7083,6815
7199,7181,1291
7200,7189,5686
7201,7143,7057
7202,6980,4430
7203,4857,4763
7204,6959,6743
7205,7124,7014
7206,6766,3084
7207,805,635
7208,7194,3972
7209,7158,1579
7210,4406,2678
7211,7002,1586
7212,299,186
7213,334,258
7214,4295,4279
7215,5475,705
7216,4898,416
7217,7088,3995
7218,5617,5074
7219,6881,6772
7220,3669,1206
7221,2943,2836
7222,5601,1787
7223,7050,1602
7224,4343,4305
7225,6742,4553
7226,7034,4597
7227,5577,3832
7228,7009,629
7229,6945,6922
7230,6711,5793
7231,6783,5689
7232,7041,6568
7233,3402,3322
7234,3803,3024
7235,5145,2743
7236,7200,7001
7237,4337,3876
7238,4813,4677
7239,5849,5602
7240,6678,4259
7241,7168,3775
7242,7209,5425
7243,5900,5797
7244,1923,1648
7245,6983,423
7246,7208,2160
7247,4899,2324
7248,7150,7121
7249,6956,6841
7250,2637,2088
7251,7178,5508
7252,7080,2112
7253,5194,3818
7254,7201,6919
7255,7136,6400
7256,7246,7055
7257,3021,129
7258,6969,2880
7259,7256,7130
7260,6750,2150
7261,7219,2866
7262,6875,1417
7263,7053,4482
7264,7084,2485
7265,6646,3638
7266,7236,7197
7267,6906,400
7268,7254,2978
7269,5895,1932
7270,6832,2096
7271,7042,3128
7272,4030,2197
7273,6936,4127
7274,7169,15
7275,7111,7031
7276,7163,4225
7277,7079,5224
7278,5637,1532
7279,3653,476
7280,7175,7135
7281,6937,5809
7282,6676,4767
7283,1435,1028
7284,4160,3231
7285,5910,1466
7286,7138,7091
7287,4499,3821
7288,4691,3311
7289,7251,7195
7290,5365,2078
7291,7060,3622
7292,6776,1350
7293,5387,3642
7294,7233,2827
7295,7266,6781
7296,6972,593
7297,5233,4219
7298,7264,2646
7299,7204,28
7300,7174,6699
7301,6801,784
7302,2602,1044
7303,7074,5279
7304,6976,1422
7305,5692,1358
7306,5691,1827
7307,5533,1149
7308,6930,3347
7309,1348,350
7310,7073,2608
7311,5848,4235
7312,6836,1645
7313,7046,4468
7314,7268,7101
7315,3165,2760
7316,4675,3532
7317,6855,280
7318,7242,2798
7319,4600,1408
7320,7011,1824
7321,7205,7142
7322,7211,5777
7323,7110,5706
7324,3824,2993
7325,6921,6898
7326,7223,7107
7327,7180,6670
7328,7318,739
7329,3170,1656
7330,6928,1127
7331,6985,1860
7332,6868,6607
7333,7280,3859
7334,7289,5407
7335,4543,2881
7336,7231,7128
7337,5065,4253
7338,7199,1560
7339,3155,2372
7340,6981,862
7341,7258,7078
7342,7146,272
7343,7155,3049
7344,5731,1748
7345,4985,4583
7346,2757,1108
7347,7295,7122
7348,4911,1624
7349,7140,2812
7350,7003,6973
7351,6950,1473
7352,7259,7037
7353,7089,3232
7354,7170,1761
7355,7273,1885
7356,7105,5286
7357,7338,4703
7358,7328,4345
7359,7312,2408
7360,7245,7006
7361,6682,4973
7362,7126,6944
7363,7062,3778
7364,6960,1164
7365,6963,452
7366,6949,3835
7367,7314,1904
7368,4932,4294
7369,7291,5803
7370,5961,4839
7371,7248,3624
7372,5877,1429
7373,7296,4037
7374,7352,5488
7375,7075,6884
7376,7358,3984
7377,6860,6837
7378,7282,4641
7379,7067,6794
7380,7367,3009
7381,7129,4239
7382,7347,7086
7383,3397,3161
7384,6934,2493
7385,5008,4437
7386,7125,791
7387,6974,2509
7388,7059,6811
7389,7172,4768
7390,3895,1613
7391,5945,5778
7392,7357,6747
7393,5563,331
7394,7380,3348
7395,7308,4292
7396,6961,5397
7397,7355,7334
7398,7173,4461
7399,3705,468
7400,7374,7333
7401,7104,1062
7402,7250,2300
7403,7394,4410
7404,6872,4261
7405,7300,7263
7406,4258,3751
7407,7232,1237
7408,6954,837
7409,7252,5980
7410,6891,5155
7411,7343,5712
7412,7023,3073
7413,7160,5195
7414,7382,7179
7415,7376,7171
7416,7159,7123
7417,7132,3892
7418,7131,4416
7419,7298,1925
7420,5590,395
7421,7403,1510
7422,4400,4026
7423,7277,6993
7424,6917,2136
7425,3735,2635
7426,4726,3052
7427,7040,7030
7428,4504,4325
7429,7141,6753
7430,7392,1214
7431,7118,6560
7432,6290,2837
7433,7241,3499
7434,7411,7369
7435,6852,1454
7436,1274,1067
7437,7225,3728
7438,7421,7274
7439,1376,923
7440,7271,3887
7441,7302,6701
7442,7229,7148
7443,7066,1679
7444,7299,122
7445,5294,916
7446,5670,975
7447,7154,5266
7448,3618,1891
7449,6865,2458
7450,7056,4467
7451,7400,5958
7452,6952,2738
7453,5356,5124
7454,7414,2781
7455,3764,1209
7456,2152,1580
7457,7438,7371
7458,4560,565
7459,984,70
7460,6962,4572
7461,6344,143
7462,3354,3122
7463,7240,7226
7464,6511,223
7465,7454,6683
7466,5268,3006
7467,7397,5378
7468,7415,3665
7469,7401,5429
7470,4695,3702
7471,4133,3812
7472,7202,5957
7473,7151,1156
7474,7119,4984
7475,5162,4587
7476,5432,5234
7477,7378,7007
7478,7467,5056
7479,6908,6
7480,6843,4251
7481,7465,7391
7482,5002,3978
7483,7106,2310
7484,2248,1452
7485,7451,662
7486,7005,5390
7487,7261,6871
7488,7434,7356
7489,7320,4577
7490,7187,7051
7491,7102,5315
7492,7305,346
7493,7418,473
7494,7099,1217
7495,7419,1111
7496,7468,1976
7497,7284,4699
7498,5566,2258
7499,4095,4079
7500,7198,4535
7501,7485,7196
7502,7469,4686
7503,7260,6902
7504,6964,4221
7505,1551,1002
7506,7332,7061
7507,7478,7301
7508,7026,2895
7509,5211,2996
7510,7218,5660
7511,5538,1362
7512,7227,3797
7513,7216,4376
7514,7276,5340
7515,7234,3657
7516,7120,2405
7517,5975,1279
7518,5487,5192
7519,7501,7293
7520,7412,6873
7521,7349,2926
7522,7082,196
7523,7322,7321
7524,7496,3631
7525,7483,776
7526,7457,7389
7527,7424,1507
7528,7139,572
7529,7354,6834
7530,7430,789
7531,7519,5771
7532,7481,5594
7533,5164,4497
7534,7524,7188
7535,1870,1562
7536,7364,7326
7537,7336,1353
7538,7117,972
7539,7475,6870
7540,7407,1471
7541,7531,7262
7542,7507,6861
7543,3932,435
7544,7214,2530
7545,3331,383
7546,7315,579
7547,3913,2006
7548,7222,424
7549,3858,3251
7550,4735,2677
7551,7526,7390
7552,5965,4330
7553,7309,3432
7554,5759,4451
7555,7409,7372
7556,7048,1104
7557,7534,5450
7558,7215,2594
7559,6893,2643
7560,3615,1914
7561,7444,7190
7562,2311,95
7563,7203,4766
7564,5903,1128
7565,5815,4213
7566,7541,7495
7567,5118,716
7568,4412,1955
7569,4923,4874
7570,7013,2711
7571,5016,446
7572,7417,7133
7573,7494,7303
7574,5589,610
7575,7439,5455
7576,7530,7093
7577,5201,249
7578,7489,4174
7579,7359,5517
7580,7097,5000
7581,7431,7235
7582,3917,266
7583,7323,5927
7584,5028,3877
7585,7342,161
7586,7286,2260
7587,7551,1681
7588,7385,7275
7589,5720,3202
7590,4443,2535
7591,7471,7221
7592,7353,5843
7593,7330,1033
7594,7557,7341
7595,7319,529
7596,7384,4728
7597,7294,3875
7598,1729,191
7599,1402,365
7600,7217,4727
7601,3376,3016
7602,7387,1878
7603,7566,5066
7604,7587,5267
7605,7377,358
7606,4177,1543
7607,7405,7114
7608,7287,2207
7609,7542,7278
7610,7555,7257
7611,7576,7459
7612,7604,915
7613,7532,7249
7614,7515,6847
7615,7544,4212
7616,7547,5196
7617,2825,2593
7618,7609,7509
7619,7612,7570
7620,4455,4092
7621,149,10
7622,7423,3730
7623,1614,1269
7624,1913,1085
7625,2379,2286
7626,7603,5327
7627,7373,3082
7628,3594,412
7629,3985,3218
7630,7447,639
7631,7281,7100
7632,7563,7502
7633,3182,2641
7634,7448,5047
7635,7626,1322
7636,4858,3613
7637,7339,2098
7638,3339,1739
7639,5283,1826
7640,7220,4278
7641,6626,5711
7642,4352,4065
7643,7350,7304
7644,7619,5531
7645,5868,3792
7646,7094,547
7647,4448,2459
7648,7635,2148
7649,1370,407
7650,7600,7440
7651,4922,933
7652,3162,1460
7653,7648,7488
7654,7325,2590
7655,5964,5860
7656,7166,3044
7657,7503,7270
7658,316,306
7659,7267,7210
7660,3651,256
7661,7279,2467
7662,7413,4693
7663,4179,1378
7664,7644,5235
7665,7643,7442
7666,7182,273
7667,4085,1912
7668,7618,5449
7669,7613,7450
7670,1686,363
7671,7559,1076
7672,7472,2572
7673,7212,351
7674,7460,1548
7675,993,765
7676,5622,4022
7677,7445,7386
7678,7611,7540
7679,7656,4606
7680,7446,5367
7681,5442,2634
7682,5933,5440
7683,7573,979
7684,4203,3078
7685,7346,7144
7686,7664,7340
7687,6918,236
7688,7435,7206
7689,7324,475
7690,7607,7493
7691,7463,5773
7692,5280,5058
7693,7561,7473
7694,7508,2691
7695,7668,1590
7696,5026,3505
7697,7578,4803
7698,7500,7054
7699,4936,3275
7700,7539,1116
7701,7307,7269
7702,7238,4458
7703,7669,7610
7704,1247,790
7705,7703,7672
7706,7230,5873
7707,7164,5971
7708,4836,3483
7709,7477,1113
7710,466,313
7711,5276,2921
7712,5524,2069
7713,7193,2470
7714,4994,1634
7715,7098,268
7716,7228,3127
7717,5861,2139
7718,7686,2854
7719,7520,1651
7720,1394,434
7721,7224,5316
7722,7161,7096
7723,7527,7517
7724,1359,843
7725,7063,133
7726,7213,7186
7727,7523,5894
7728,7470,7360
7729,7255,848
7730,5701,2714
7731,7363,25
7732,7311,2034
7733,6991,5864
7734,7631,91
7735,3409,2947
7736,5126,2995
7737,5190,3289
7738,7361,1983
7739,5833,1257
7740,7678,7677
7741,7548,2141
7742,7698,7695
7743,4761,1568
7744,7366,694
7745,1437,1210
7746,7521,2829
7747,7443,1170
7748,7605,949
7749,7427,263
7750,7288,7265
7751,7606,5317
7752,7348,6807
7753,5311,1118
7754,7456,7437
7755,4271,3948
7756,7705,5872
7757,5960,5688
7758,2557,2510
7759,3750,3428
7760,7584,943
7761,3020,2075
7762,7756,5404
7763,7718,7368
7764,3074,849
7765,4178,2885
7766,7653,1859
7767,7685,2615
7768,7594,1818
7769,7556,1319
7770,7766,1666
7771,2079,1414
7772,7740,940
7773,7536,1032
7774,7763,4681
7775,185,67
7776,7762,5076
7777,6996,4519
7778,7550,4019
7779,7768,796
7780,7388,2673
7781,7772,3104
7782,7297,2213
7783,4882,1250
7784,4957,4217
7785,7781,1211
7786,4576,1811
7787,7598,1839
7788,7474,2414
7789,7779,7774
7790,7185,4801
7791,4018,361
7792,4220,1312
7793,4744,203
7794,7379,1340
7795,1494,175
7796,7290,4534
7797,7770,2495
7798,7785,7665
7799,7497,803
7800,4395,248
7801,7016,3873
7802,7727,1559
7803,4792,1395
7804,7588,7449
7805,7402,601
7806,7728,7316
7807,5482,2411
7808,7583,5523
7809,7070,3632
7810,7797,7560
7811,176,31
7812,3964,2313
7813,7441,3462
7814,6900,2251
7815,7416,1122
7816,4403,781
7817,2465,2215
7818,7670,7630
7819,7733,1701
7820,7514,4241
7821,7650,7487
7822,274,205
7823,7498,686
7824,7674,7429
7825,7632,2945
7826,7742,3884
7827,7362,2228
7828,7810,7535
7829,7453,3515
7830,3404,1571
7831,7637,7627
7832,5185,3224
7833,5363,1456
7834,457,56
7835,7581,134
7836,7776,7625
7837,7828,2371
7838,2671,1927
7839,2278,1709
7840,7709,2712
7841,7657,2091
7842,7837,1022
7843,3536,1611
7844,7683,7628
7845,4283,3500
7846,3762,137
7847,7589,5844
7848,7723,7579
7849,5800,3168
7850,5922,2961
7851,7662,5274
7852,3822,3661
7853,5085,213
7854,4764,3386
7855,7842,7655
7856,7693,1768
7857,2788,2543
7858,3729,232
7859,4933,1339
7860,7773,1965
7861,7761,7554
7862,5168,598
7863,7622,7375
7864,7855,2107
7865,7572,2970
7866,7327,2220
7867,1622,1075
7868,7614,7351
7869,7659,1313
7870,1587,496
7871,7365,254
7872,7836,7680
7873,7176,4658
7874,7821,3544
7875,7804,6998
7876,7864,4578
7877,7335,4517
7878,7654,3791
7879,7789,7331
7880,7147,3248
7881,3991,2189
7882,7826,7755
7883,5954,5867
7884,7525,7404
7885,4682,1556
7886,7506,7486
7887,5007,750
7888,3925,1388
7889,7719,7702
7890,4086,3896
7891,7283,1285
7892,7537,104
7893,7820,5151
7894,7433,6236
7895,7552,2456
7896,4716,3847
7897,3392,3158
7898,7504,7420
7899,7708,13
7900,7529,7306
7901,7713,7432
7902,7398,7381
7903,5807,4549
7904,7751,2542
7905,7729,1697
7906,5558,3342
7907,7716,7638
7908,7882,194
7909,7794,1410
7910,7596,2354
7911,5583,426
7912,7860,4777
7913,7802,2436
7914,7884,7856
7915,7247,1365
7916,7874,7815
7917,3389,304
7918,7901,541
7919,7847,7691
7920,7586,5423
7921,7617,4717
7922,7808,7452
7923,7908,4736
7924,7410,3270
7925,4000,3501
7926,7798,517
7927,4424,1441
7928,2551,1119
7929,5782,1175
7930,7769,1129
7931,7749,109
7932,4540,2665
7933,7748,3865
7934,7746,7399
7935,7848,7624
7936,7903,4163
7937,7923,7876
7938,7818,1327
7939,7881,7788
7940,4275,1409
7941,7841,7722
7942,5963,5587
7943,7688,7395
7944,7137,2210
7945,178,84
7946,7840,7575
7947,4148,303
7948,1810,283
7949,7813,5349
7950,5428,2476
7951,7569,3437
7952,7479,493
7953,2188,1324
7954,1691,1030
7955,5976,2633
7956,7879,2847
7957,5902,1061
7958,481,87
7959,451,130
7960,7591,3682
7961,7640,6592
7962,7741,7484
7963,504,319
7964,7183,2266
7965,5822,3017
7966,3215,2529
7967,7931,3744
7968,5068,415
7969,7721,4005
7970,5075,3795
7971,7717,7546
7972,4320,3316
7973,7706,3480
7974,5669,3318
7975,7846,3709
7976,4332,836
7977,7651,7574
7978,7715,2720
7979,7426,4199
7980,7615,7253
7981,7597,4992
7982,7476,4098
7983,7825,746
7984,4411,2965
7985,7867,7787
7986,7814,7608
7987,5049,1134
7988,5770,4495
7989,7671,7602
7990,7700,4531
7991,3774,1973
7992,7892,7872
7993,7956,4608
7994,7492,1795
7995,7935,7641
7996,4114,2237
7997,5875,2376
7998,7863,7851
7999,7930,1677
8000,3396,3007
8001,7993,7912
8002,7734,5419
8003,3039,1872
8004,7666,1655
8005,7699,3035
8006,7807,155
8007,7593,5700
8008,7673,1950
8009,1952,1625
8010,5890,5537
8011,7875,7645
8012,7831,7730
8013,7553,1181
8014,7937,659
8015,7568,7337
8016,7941,1120
8017,7926,4709
8018,7865,7512
8019,7370,114
8020,7313,5091
8021,7801,7191
8022,7393,5052
8023,7344,1740
8024,7827,1323
8025,7835,5685
8026,4988,4977
8027,7992,2082
8028,7780,2050
8029,944,800
8030,7184,5291
8031,5743,4769
8032,8017,540
8033,7938,7905
8034,7767,6764
8035,5163,1704
8036,3663,624
8037,7983,7914
8038,7844,510
8039,7970,7868
8040,7422,4107
8041,7689,2848
8042,7921,655
8043,7823,7285
8044,7902,7690
8045,7900,2348
8046,7977,7580
8047,2072,772
8048,7585,1572
8049,7962,7739
8050,4756,4110
8051,7731,5757
8052,2785,227
8053,8027,5106
8054,480,233
8055,5675,1502
8056,3256,3062
8057,7861,3230
8058,8033,7480
8059,7738,2327
8060,8044,7707
8061,7720,3806
8062,7765,2303
8063,7975,1833
8064,7946,7920
8065,7990,7918
8066,4432,878
8067,5634,3325
8068,7649,1346
8069,1875,296
8070,7687,4016
8071,8001,1184
8072,7829,4935
8073,4718,3277
8074,3625,2753
8075,7904,7406
8076,7675,7292
8077,5665,4574
8078,5607,3947
8079,4324,1066
8080,4616,1453
8081,7676,3383
8082,7436,7239
8083,4500,2597
8084,8032,7558
8085,8016,2023
8086,8038,7909
8087,3855,3811
8088,1749,411
8089,7793,5105
8090,467,322
8091,7621,348
8092,7661,7528
8093,7745,1167
8094,5330,139
8095,8014,2385
8096,7513,7491
8097,7967,3050
8098,7505,5277
8099,8053,7620
8100,6469,4062
8101,8095,7759
8102,7998,7843
8103,8071,444
8104,7750,7694
8105,7889,7592
8106,8007,7878
8107,7913,1146
8108,7754,3852
8109,8103,4706
8110,7461,1
8111,7969,928
8112,2896,2254
8113,7747,5972
8114,7599,7510
8115,7943,4692
8116,7981,7907
8117,8013,2867
8118,7816,865
8119,2883,297
8120,5870,2457
8121,7681,3464
8122,7764,4124
8123,7744,3509
8124,8109,909
8125,7886,3727
8126,8084,606
8127,5733,966
8128,8099,3293
8129,5855,4513
8130,461,406
8131,7924,2771
8132,8128,7243
8133,8046,7819
8134,717,528
8135,2907,1016
8136,7697,4802
8137,8126,7726
8138,5444,110
8139,7895,5023
8140,8107,5592
8141,8124,7995
8142,5246,995
8143,5859,2169
8144,7849,7428
8145,7652,3054
8146,7629,2688
8147,4365,3086
8148,7778,2761
8149,8097,7893
8150,7877,4798
8151,3837,2656
8152,8025,7947
8153,8045,1714
8154,8019,4336
8155,8132,4856
8156,7917,1776
8157,3725,3081
8158,3952,2252
8159,7979,7458
8160,7499,3578
8161,8064,2705
8162,1361,1238
8163,7871,7156
8164,7108,5754
8165,8018,604
8166,8137,1396
8167,6958,1380
8168,7933,7736
8169,4825,3048
8170,5471,4883
8171,5955,2745
8172,8101,1461
8173,3350,3305
8174,8141,7971
8175,7939,7919
8176,7887,5405
8177,8172,7997
8178,8140,1897
8179,7696,5823
8180,8174,2462
8181,7955,1508
8182,441,341
8183,8139,5528
8184,5499,1014
8185,8177,8092
8186,7964,7490
8187,2486,1563
8188,387,144
8189,7786,3575
8190,8004,7858
8191,8060,8020
8192,7549,5437
8193,8180,3953
8194,3494,1499
8195,3418,1600
8196,3296,1832
8197,7516,4896
8198,8051,524
8199,5738,1194
8200,2446,2009
8201,2990,1391
8202,7799,4477
8203,7869,5130
8204,8185,7922
8205,7796,1516
8206,7068,586
8207,7852,5323
8208,7425,1939
8209,8193,8135
8210,2478,1354
8211,5154,2390
8212,3898,751
8213,8065,4511
8214,7701,1665
8215,3058,234
8216,3767,1793
8217,1638,602
8218,3235,7
8219,8166,3801
8220,8155,1626
8221,8042,1445
8222,7310,1381
8223,8220,8113
8224,8204,8123
8225,7660,7317
8226,5937,5893
8227,3336,2810
8228,8209,8086
8229,7803,1160
8230,7980,3417
8231,211,111
8232,8224,4814
8233,7989,7616
8234,7934,7533
8235,5850,5571
8236,8039,1403
8237,7812,5305
8238,8232,904
8239,7329,5970
8240,4319,3591
8241,7986,1159
8242,8059,7595
8243,7543,5494
8244,8085,8028
8245,7973,7455
8246,7545,1515
8247,8133,8011
8248,7704,2933
8249,8219,38
8250,8178,7511
8251,8114,7916
8252,7833,1263
8253,8153,8023
8254,8002,2625
8255,8249,990
8256,7679,4419
8257,8238,190
8258,8106,7954
8259,8257,8055
8260,8081,3931
8261,3433,3154
8262,8150,7408
8263,6967,4038
8264,8255,1050
8265,8102,605
8266,7682,4061
8267,8146,1472
8268,3710,1763
8269,2489,1642
8270,8058,7482
8271,8104,2726
8272,8022,2889
8273,1721,1183
8274,7988,3621
8275,4664,3115
8276,7806,7805
8277,8259,5054
8278,7714,5013
8279,7396,4104
8280,7862,7538
8281,8214,8043
8282,7994,7932
8283,1008,58
8284,4634,3126
8285,8072,7885
8286,7800,1936
8287,8037,4737
8288,4214,157
8289,8277,8265
8290,5920,4725
8291,8256,8175
8292,7562,4952
8293,8247,8223
8294,8108,1351
8295,5836,5063
8296,3227,93
8297,8264,1694
8298,8029,5985
8299,8230,3431
8300,7978,7857
8301,8165,3452
8302,8248,8118
8303,506,436
8304,8012,5716
8305,8121,7464
8306,7898,3787
8307,7157,2716
8308,8289,8075
8309,8034,4342
8310,7737,2125
8311,3697,1796
8312,3303,142
8313,8168,187
8314,7950,5245
8315,8136,8111
8316,8076,5336
8317,7771,4816
8318,8115,5092
8319,8297,4907
8320,8251,2750
8321,7929,692
8322,5057,2739
8323,7522,24
8324,3616,1863
8325,8308,3611
8326,8197,7633
8327,7915,2295
8328,8024,1314
8329,8319,743
8330,7961,5501
8331,8122,4243
8332,7795,7345
8333,8258,8228
8334,8294,2033
8335,8105,8087
8336,8026,982
8337,8068,2068
8338,165,30
8339,7927,4069
8340,8329,1305
8341,1191,588
8342,3419,2767
8343,8336,8287
8344,5724,5426
8345,8192,7782
8346,7634,3639
8347,5698,288
8348,8301,2707
8349,5790,5257
8350,4149,1355
8351,8325,734
8352,7910,328
8353,2146,2127
8354,8149,8021
8355,8221,8161
8356,8213,7758
8357,5435,2856
8358,7928,4781
8359,2165,1569
8360,7880,3011
8361,8198,3531
8362,8242,710
8363,2406,1706
8364,8333,1426
8365,7999,1493
8366,4483,373
8367,1670,1561
8368,3055,2853
8369,8253,8250
8370,8364,8162
8371,4573,454
8372,8320,824
8373,8293,8202
8374,4779,1155
8375,8151,4778
8376,8351,8159
8377,8370,2247
8378,8203,448
8379,1316,325
8380,8340,874
8381,3756,1802
8382,5392,1244
8383,7976,1862
8384,347,327
8385,5039,3788
8386,8334,8116
8387,5107,4759
8388,418,63
8389,8191,7571
8390,8389,8040
8391,7866,4238
8392,5053,4268
8393,7809,3736
8394,1942,419
8395,8343,685
8396,8275,5022
8397,8009,5138
8398,2417,1841
8399,8376,562
8400,8318,8236
8401,8377,4632
8402,2503,1581
8403,7639,5446
8404,8271,7911
8405,5129,5037
8406,8176,7984
8407,8373,712
8408,5626,1233
8409,4712,4533
8410,8041,377
8411,8079,166
8412,8229,8061
8413,3974,3063
8414,8407,8181
8415,7985,7850
8416,8321,4194
8417,7873,4049
8418,8399,5575
8419,4075,3992
8420,1385,1189
8421,8418,1152
8422,8348,8035
8423,8355,8093
8424,8372,1658
8425,8244,8074
8426,8052,3882
8427,5863,302
8428,5776,5753
8429,8313,7582
8430,5905,5862
8431,7965,2226
8432,8170,2644
8433,8186,1741
8434,8260,8120
8435,4254,3951
8436,8414,2116
8437,8421,8315
8438,8189,8066
8439,7896,7760
8440,8436,8096
8441,8401,8281
8442,5547,4423
8443,8356,8216
8444,3699,2835
8445,3874,1784
8446,7839,1599
8447,3204,2110
8448,8208,3649
8449,1641,672
8450,7752,4794
8451,4586,3038
8452,8156,2863
8453,8424,8047
8454,2657,1728
8455,8390,4389
8456,7790,2
8457,3871,3580
8458,8440,5379
8459,5623,924
8460,8397,7949
8461,7894,2570
8462,5300,3880
8463,2167,39
8464,3471,3351
8465,5912,3949
8466,2156,1774
8467,4385,1852
8468,8145,1451
8469,4139,2345
8470,8270,7845
8471,2346,2020
8472,4384,3849
8473,8138,4943
8474,7777,3667
8475,8406,1317
8476,4934,3367
8477,8263,8057
8478,8125,5302
8479,8437,7936
8480,5944,5644
8481,5402,3983
8482,3851,8
8483,8337,856
8484,8395,1766
8485,7383,3151
8486,5010,3278
8487,8300,4622
8488,5666,3579
8489,8441,936
8490,8423,8380
8491,5561,217
8492,8489,846
8493,5609,2386
8494,8458,4421
8495,8328,7906
8496,7945,499
8497,8056,5103
8498,7577,2864
8499,5598,4002
8500,8326,8050
8501,7968,148
8502,8492,2094
8503,1431,701
8504,8332,3481
8505,7982,5348
8506,8502,1995
8507,8479,8062
8508,7987,3460
8509,4657,2773
8510,5495,4928
8511,8354,5112
8512,8506,1786
8513,8233,2084
8514,8212,4919
8515,8302,2599
8516,8237,2652
8517,8291,1064
8518,8460,7817
8519,8507,8226
8520,2357,2245
8521,8494,3071
8522,8512,761
8523,8280,983
8524,5319,1182
8525,8522,669
8526,7244,4618
8527,8519,8299
8528,4940,2087
8529,8309,3130
8530,7732,2219
8531,8417,8152
8532,8433,1682
8533,8241,2157
8534,8252,8184
8535,8082,8049
8536,5229,5069
8537,8523,8521
8538,7952,92
8539,8003,7783
8540,4493,269
8541,8199,6957
8542,8461,4274
8543,2973,1855
8544,8525,7940
8545,8527,7647
8546,2872,1963
8547,7944,2040
8548,7824,4602
8549,8110,8048
8550,5645,3808
8551,8478,8100
8552,8361,4333
8553,5854,3981
8554,8378,8183
8555,3829,336
8556,8163,4524
8557,8528,1019
8558,8545,8404
8559,1986,779
8560,4673,1689
8561,2960,1145
8562,8391,2039
8563,5921,2298
8564,7991,7883
8565,8425,2669
8566,5353,240
8567,8362,7784
8568,4032,2131
8569,4623,989
8570,5238,209
8571,8422,8234
8572,8446,1221
8573,7724,2046
8574,8179,197
8575,7711,3771
8576,8222,5072
8577,8164,1094
8578,5915,4017
8579,5527,2042
8580,5663,2782
8581,8544,553
8582,2787,1521
8583,7775,1700
8584,8453,5514
8585,1690,1267
8586,8412,1117
8587,8386,2319
8588,5608,1009
8589,8005,4548
8590,4965,4959
8591,8484,988
8592,8276,4700
8593,8581,8443
8594,4887,1054
8595,8206,3976
8596,8558,8483
8597,8358,2090
8598,4997,4570
8599,3291,3206
8600,8537,3645
8601,5400,4961
8602,5826,5671
8603,8365,8283
8604,8470,7743
8605,3102,2496
8606,8591,977
8607,7948,3813
8608,8098,691
8609,3393,3226
8610,3014,2045
8611,8465,5516
8612,7564,4701
8613,8532,1442
8614,8227,4425
8615,8600,1328
8616,1957,1459
8617,8593,8534
8618,8254,8117
8619,7565,2701
8620,2577,2223
8621,4924,4650
8622,5749,1310
8623,8490,4751
8624,8352,768
8625,8511,8375
8626,7959,1934
8627,8455,5479
8628,8383,1594
8629,5814,1895
8630,8134,859
8631,8539,8314
8632,7684,1173
8633,8513,571
8634,8617,8415
8635,8392,4198
8636,7272,3508
8637,8091,422
8638,8119,201
8639,5506,484
8640,8335,1980
8641,8088,2983
8642,8627,8160
8643,8187,1780
8644,4958,4869
8645,8596,740
8646,1628,1151
8647,214,164
8648,8604,8438
8649,5332,3930
8650,4366,1059
8651,8584,8143
8652,2891,2036
8653,8400,3923
8654,1535,1243
8655,1972,576
8656,8623,8606
8657,5015,55
8658,3475,3150
8659,2979,2802
8660,7891,4762
8661,8426,7854
8662,8379,2561
8663,2682,2429
8664,8112,1136
8665,8520,5756
8666,2095,1756
8667,8615,8171
8668,5198,729
8669,8587,8331
8670,8449,1492
8671,4390,4128
8672,5828,1779
8673,8411,2552
8674,8429,1903
8675,7888,1582
8676,8339,8129
8677,8388,52
8678,8322,1549
8679,8245,5839
8680,8640,8073
8681,3398,3308
8682,8282,1592
8683,8131,7207
8684,8272,3262
8685,5825,1072
8686,7792,3201
8687,8387,8127
8688,5709,1005
8689,4873,4568
8690,8645,1945
8691,8667,78
8692,8634,2629
8693,8571,1671
8694,8573,2093
8695,8592,877
8696,2269,719
8697,8691,8317
8698,8625,8089
8699,8533,2168
8700,1609,1558
8701,8468,3233
8702,4967,4561
8703,2636,1922
8704,8690,814
8705,5748,5585
8706,7838,145
8707,8692,5351
8708,8434,1258
8709,4902,2270
8710,8704,4955
8711,8674,474
8712,4452,4398
8713,5081,1021
8714,5120,212
8715,1545,1166
8716,8240,8154
8717,8552,8467
8718,8201,2690
8719,2505,1596
8720,8190,332
8721,3560,3334
8722,8239,7899
8723,3543,1428
8724,8346,3134
8725,8290,241
8726,3881,2186
8727,8697,2799
8728,8574,3602
8729,2858,1147
8730,8205,8200
8731,8439,2312
8732,8710,3839
8733,5982,886
8734,2280,1470
8735,4551,414
8736,7642,3490
8737,7960,2958
8738,4205,3135
8739,8727,8516
8740,2833,2221
8741,5714,3754
8742,8707,5414
8743,3484,2700
8744,8503,2957
8745,8613,8474
8746,342,80
8747,8572,3890
8748,8488,5673
8749,8495,8305
8750,8069,831
8751,2994,1743
8752,8642,2515
8753,7712,1192
8754,5567,1227
8755,4850,4747
8756,8568,7972
8757,8742,3658
8758,8732,1468
8759,8758,8696
8760,8752,333
8761,3635,2925
8762,8517,2544
8763,3042,2539
8764,8757,8695
8765,3585,1820
8766,8169,4566
8767,8586,3186
8768,3133,3114
8769,8535,8327
8770,8662,4931
8771,8764,3080
8772,5880,4580
8773,5730,5630
8774,8217,3037
8775,5568,4136
8776,8324,5551
8777,8679,8562
8778,5942,622
8779,8762,8466
8780,8459,822
8781,4772,3776
8782,8759,8680
8783,8782,8739
8784,8278,2413
8785,8651,8398
8786,8595,1109
8787,8669,2409
8788,4299,3620
8789,8491,2263
8790,1226,850
8791,8551,3668
8792,8554,748
8793,8779,1048
8794,2483,1916
8795,8210,7636
8796,8771,8518
8797,8054,225
8798,8090,430
8799,8304,2600
8800,8288,5094
8801,8316,8063
8802,8448,3288
8803,8515,2920
8804,7567,3701
8805,8653,8311
8806,464,54
8807,5760,3280
8808,8685,8565
8809,8531,4334
8810,7601,3032
8811,8720,32
8812,8785,866
8813,5582,1620
8814,8359,8295
8815,2404,1901
8816,8262,4512
8817,8462,7753
8818,7822,335
8819,5765,3143
8820,8608,3703
8821,5853,5729
8822,8698,8582
8823,7897,5515
8824,3924,643
8825,8542,4206
8826,8548,5604
8827,4617,698
8828,8416,8369
8829,8182,1484
8830,8796,715
8831,8788,2941
8832,8830,1964
8833,5061,2216
8834,8457,4688
8835,5174,2241
8836,8498,1788
8837,8410,2871
8838,8832,8538
8839,7951,5653
8840,8564,3247
8841,3685,2323
8842,8556,8473
8843,4582,2524
8844,1371,459
8845,8360,3364
8846,8447,5572
8847,3889,745
8848,7646,4409
8849,8493,8363
8850,4346,3556
8851,8648,7953
8852,3264,2651
8853,8783,4585
8854,8787,5161
8855,7834,5252
8856,1669,1249
8857,8628,8569
8858,2162,808
8859,5763,4592
8860,8838,8158
8861,5186,1576
8862,8812,4865
8863,4741,1298
8864,8456,3844
8865,8809,7963
8866,8656,523
8867,8760,4082
8868,5796,4780
8869,8860,1363
8870,5219,4746
8871,5805,594
8872,8477,5352
8873,4201,3804
8874,8851,8514
8875,8869,3405
8876,2658,2463
8877,8497,5208
8878,8167,5542
8879,8633,548
8880,3147,2537
8881,8862,2727
8882,8854,657
8883,8148,2953
8884,8875,8577
8885,1309,1215
8886,8298,5060
8887,3274,1762
8888,5597,2969
8889,5055,3716
8890,8547,8010
8891,8196,4453
8892,8747,8371
8893,8884,1966
8894,8567,8510
8895,5741,4694
8896,8708,5399
8897,5947,4404
8898,8799,8006
8899,1933,428
8900,8893,888
8901,8580,8310
8902,8445,4624
8903,8500,3423
8904,650,544
8905,8900,8475
8906,8235,5973
8907,8803,1752
8908,8808,1325
8909,8867,8724
8910,8530,5783
8911,8853,4974
8912,4640,1234
8913,8546,8342
8914,1823,1407
8915,8805,8286
8916,8881,8499
8917,8811,8566
8918,8654,4466
8919,5560,3903
8920,8911,2011
8921,8345,1026
8922,8745,8652
8923,5427,4724
8924,4563,2175
8925,8211,5503
8926,8246,7590
8927,8501,3747
8928,8684,5812
8929,8693,2369
8930,8405,4646
8931,8725,4447
8932,8618,81
8933,8905,839
8934,8481,1616
8935,3263,1011
8936,8699,2265
8937,8637,66
8938,8866,2555
8939,8689,4331
8940,8626,8008
8941,3841,1716
8942,8078,2086
8943,8822,8428
8944,8784,5908
8945,1449,381
8946,8826,7735
8947,3850,3335
8948,8487,1785
8949,8793,8777
8950,8908,8879
8951,8933,1546
8952,8408,2439
8953,8660,8036
8954,2187,2080
8955,8792,8666
8956,8682,3582
8957,8616,8273
8958,7832,4895
8959,2533,1531
8960,3993,1003
8961,8896,8815
8962,8393,3863
8963,8938,4556
8964,8920,8675
8965,8929,8767
8966,8874,3706
8967,2349,1854
8968,5832,3287
8969,2253,1287
8970,8749,8673
8971,7958,408
8972,8951,8670
8973,8964,8579
8974,4930,2980
8975,2935,2874
8976,5646,2271
8977,8891,8279
8978,8963,8603
8979,8936,5529
8980,1982,1185
8981,8892,4912
8982,5603,4908
8983,8844,8828
8984,3646,3129
8985,8261,5635
8986,8827,8590
8987,8718,2583
8988,8330,5789
8989,8504,4486
8990,8681,3446
8991,4338,1745
8992,8476,1163
8993,8683,8655
8994,8431,503
8995,8932,5684
8996,955,567
8997,5463,4140
8998,2595,704
8999,3557,224
9000,8000,3476
9001,8957,8549
9002,8225,4510
9003,8973,8915
9004,4669,2693
9005,559,558
9006,8664,8267
9007,3190,76
9008,8709,1654
9009,8882,2206
9010,8541,8306
9011,8972,1477
9012,8858,1908
9013,9011,1496
9014,5189,5031
9015,985,913
9016,8700,1783
9017,8842,8711
9018,8983,2654
9019,8031,2616
9020,8917,8885
9021,8997,7667
9022,8243,7925
9023,8676,801
9024,9006,8916
9025,1804,1790
9026,4755,4472
9027,5693,4635
9028,7518,2902
9029,8381,8142
9030,3458,902
9031,8215,2513
9032,8956,2318
9033,1993,1099
9034,1588,208
9035,8883,4655
9036,8430,5520
9037,9018,8753
9038,8907,1207
9039,5217,141
9040,8706,1004
9041,3140,2948
9042,9015,9013
9043,4257,1971
9044,8737,613
9045,8702,4970
9046,1369,1280
9047,7663,5271
9048,8284,2601
9049,3121,1889
9050,8396,3700
9051,5200,1711
9052,8961,7757
9053,8909,382
9054,8529,8195
9055,3524,1759
9056,3533,708
9057,8978,741
9058,8409,4340
9059,8435,3662
9060,8274,7942
9061,8296,1672
9062,4927,1806
9063,8894,8631
9064,8266,4045
9065,9057,136
9066,9003,8834
9067,8307,5804
9068,8716,5562
9069,5490,226
9070,8970,8469
9071,9042,8630
9072,8712,8620
9073,8394,5064
9074,8949,8846
9075,5847,5045
9076,8402,2997
9077,1907,1789
9078,8687,1540
9079,8898,3911
9080,8955,5775
9081,9053,5329
9082,9071,8776
9083,9065,2155
9084,7966,1225
9085,8766,8303
9086,8859,4903
9087,8801,8728
9088,8770,8540
9089,147,126
9090,4871,4723
9091,8849,3077
9092,9037,1668
9093,8864,8015
9094,9082,1816
9095,8639,8070
9096,8877,7890
9097,9083,8420
9098,8946,1069
9099,9094,590
9100,8077,3338
9101,7623,3679
9102,9099,2022
9103,7237,2724
9104,8865,8814
9105,8791,4396
9106,8921,8794
9107,8543,2811
9108,1420,427
9109,5167,3117
9110,8292,3266
9111,9009,8980
9112,8612,1803
9113,8349,5632
9114,9070,8701
9115,8432,2227
9116,8723,1097
9117,8080,2851
9118,5835,1715
9119,4804,4267
9120,1352,599
9121,8804,5117
9122,5917,2932
9123,9102,8994
9124,9123,8902
9125,8442,3738
9126,8694,2992
9127,8912,2083
9128,8950,777
9129,5734,1199
9130,8966,942
9131,4248,2801
9132,8995,4215
9133,8943,3956
9134,5633,309
9135,4414,1042
9136,8765,3617
9137,5034,3317
9138,9124,9085
9139,4807,4805
9140,8965,4667
9141,8780,8734
9142,8269,2605
9143,8575,305
9144,9066,8941
9145,9092,957
9146,9107,8719
9147,8903,2721
9148,8729,2426
9149,9029,1024
9150,2868,2604
9151,8550,2134
9152,8948,4603
9153,8778,1989
9154,8452,2501
9155,9074,8789
9156,8583,443
9157,4208,378
9158,8741,8614
9159,9144,8578
9160,8871,5752
9161,8872,8427
9162,2422,375
9163,9145,8585
9164,9032,8622
9165,8451,1071
9166,8609,3075
9167,8839,4704
9168,9133,8366
9169,8413,3436
9170,7859,1539
9171,4053,228
9172,8649,5616
9173,1674,177
9174,8686,3962
9175,8802,5301
9176,9080,889
9177,9081,8505
9178,8868,2250
9179,8555,7853
9180,9138,1007
9181,8367,180
9182,9100,4687
9183,8748,8644
9184,4359,3569
9185,4196,21
9186,8730,2964
9187,8147,1805
9188,3379,102
9189,8769,1798
9190,9097,8641
9191,9180,4812
9192,9130,4880
9193,2106,29
9194,3878,1520
9195,8750,2102
9196,9079,5882
9197,9191,1639
9198,9012,1575
9199,8816,554
9200,9159,2620
9201,5132,614
9202,8993,8570
9203,8357,2976
9204,8754,8619
9205,8714,3324
9206,9197,5263
9207,9140,8763
9208,9200,825
9209,9206,8952
9210,9208,9025
9211,7192,2717
9212,9036,8843
9213,9209,8836
9214,8485,3752
9215,9177,9014
9216,9213,1427
9217,8910,5742
9218,9158,8717
9219,4809,3239
9220,8726,3493
9221,8557,640
9222,4642,2304
9223,9210,8835
9224,9020,9008
9225,9024,8672
9226,9192,8927
9227,2642,1880
9228,9111,3415
9229,8482,4990
9230,9190,8661
9231,1474,16
9232,9163,1527
9233,9216,1938
9234,9225,5187
9235,8083,2003
9236,2449,2166
9237,9114,9052
9238,5046,324
9239,8374,2153
9240,9105,3941
9241,1722,802
9242,9233,9038
9243,123,23
9244,8560,8353
9245,9223,812
9246,8755,5213
9247,8820,8678
9248,5135,952
9249,8738,5389
9250,2190,763
9251,4528,4218
9252,8979,8837
9253,8845,4863
9254,9054,8621
9255,8598,1808
9256,8819,4771
9257,9132,8508
9258,9147,7974
9259,4844,827
9260,4775,3726
9261,9168,8589
9262,2123,1318
9263,9152,546
9264,8094,2776
9265,9104,8231
9266,9126,9048
9267,8751,7957
9268,7870,4982
9269,9230,4676
9270,2908,1684
9271,8471,1331
9272,8403,3512
9273,5979,649
9274,8624,4889
9275,5977,1997
9276,1817,1623
9277,8218,4909
9278,9068,8786
9279,8795,5256
9280,5713,1421
9281,9218,9098
9282,1479,538
9283,9242,8923
9284,1848,169
9285,9245,9023
9286,9215,8635
9287,9139,4773
9288,3842,3408
9289,9269,5465
9290,5996,2740
9291,9289,8975
9292,8526,2447
9293,8988,8772
9294,7710,2460
9295,8939,8207
9296,9128,702
9297,9283,1781
9298,9234,8922
9299,9226,5362
9300,9285,3572
9301,9297,8986
9302,4463,2177
9303,9091,3636
9304,9300,9265
9305,2899,2796
9306,8810,293
9307,9241,8713
9308,4966,1929
9309,2289,1483
9310,9301,8857
9311,9224,5227
9312,9049,735
9313,8890,5522
9314,2364,1231
9315,8863,5232
9316,9198,9127
9317,9228,4894
9318,9106,2394
9319,9186,3194
9320,9051,3521
9321,3466,3076
9322,8341,2857
9323,9232,8563
9324,9291,8659
9325,9296,8688
9326,4828,3454
9327,9207,8761
9328,2805,326
9329,4620,3987
9330,9310,5443
9331,8958,8594
9332,9330,3593
9333,9332,1667
9334,3327,83
9335,8450,3242
9336,8889,8722
9337,8992,2184
9338,9333,4841
9339,8733,2285
9340,9324,5417
9341,4938,3388
9342,9304,8800
9343,4289,4202
9344,9338,8987
9345,9076,2027
9346,8904,542
9347,5087,1853
9348,9286,5089
9349,5220,925
9350,8928,3576
9351,5676,3853
9352,9146,900
9353,9059,820
9354,3341,2623
9355,9342,1078
9356,8918,8646
9357,9044,970
9358,1241,1088
9359,9201,8848
9360,5095,1998
9361,9155,5335
9362,9344,1161
9363,5621,3414
9364,2901,2525
9365,4795,4745
9366,2695,2384
9367,8636,1475
9368,5410,2109
9369,9362,9311
9370,9156,8981
9371,9164,2171
9372,9261,1864
9373,8953,4152
9374,9189,8665
9375,8740,8597
9376,8861,1190
9377,9196,620
9378,5702,5642
9379,9062,8926
9380,8942,8913
9381,479,195
9382,9263,1528
9383,8463,5299
9384,8599,3328
9385,1921,764
9386,9222,5310
9387,8338,99
9388,9348,8731
9389,8744,5110
9390,9060,8144
9391,9298,9039
9392,5071,3823
9393,8194,1058
9394,9369,706
9395,9305,2299
9396,3426,2203
9397,4121,2655
9398,549,518
9399,8977,1695
9400,920,700
9401,3109,2021
9402,9355,2115
9403,9007,8790
9404,5755,2410
9405,9402,9086
9406,9135,2018
9407,9002,2708
9408,1476,1065
9409,9183,9141
9410,9303,1633
9411,9272,5005
9412,9323,8914
9413,4341,2342
9414,9325,8967
9415,3195,3149
9416,992,680
9417,2398,1974
9418,9027,8668
9419,9405,2479
9420,9254,8601
9421,8825,3696
9422,9067,1106
9423,9394,2954
9424,1750,1637
9425,9317,3656
9426,9419,749
9427,9072,8998
9428,1850,1578
9429,9116,1782
9430,9377,3676
9431,9040,8774
9432,216,172
9433,1797,494
9434,9423,1584
9435,9426,9075
9436,8999,1844
9437,9063,3845
9438,9434,683
9439,8715,1525
9440,5641,4211
9441,3640,2950
9442,8419,3570
9443,5690,3223
9444,9361,9154
9445,9393,9299
9446,9435,8895
9447,1685,1595
9448,3368,2563
9449,1412,585
9450,9438,783
9451,9176,660
9452,8960,2900
9453,9450,1264
9454,4307,2224
9455,8945,2931
9456,9264,564
9457,9414,1829
9458,9219,1985
9459,5269,664
9460,9202,758
9461,5573,2355
9462,9425,8607
9463,9278,2859
9464,5578,3583
9465,9199,4848
9466,9073,8886
9467,9371,9340
9468,9412,5513
9469,5249,4503
9470,4545,2475
9471,2481,1636
9472,8833,5416
9473,9217,5539
9474,7692,3295
9475,9327,5131
9476,9444,1232
9477,6827,1360
9478,8817,8798
9479,9122,8647
9480,9445,9360
9481,9103,5273
9482,9472,5239
9483,8561,396
9484,9175,532
9485,9035,8855
9486,9453,1610
9487,9486,9078
9488,9253,8841
9489,9380,9365
9490,3848,1943
9491,8344,960
9492,5735,2689
9493,9462,8847
9494,9017,492
9495,198,125
9496,9277,2500
9497,9258,3647
9498,9374,1012
9499,9240,469
9500,8935,8643
9501,9487,627
9502,9281,9026
9503,9161,9055
9504,9195,2828
9505,9087,2322
9506,9372,9205
9507,7466,830
9508,9430,3216
9509,9446,9178
9510,3489,153
9511,9501,9431
9512,9179,3522
9513,9090,623
9514,9354,3177
9515,9319,8509
9516,9221,539
9517,9382,5093
9518,4407,4276
9519,4644,2968
9520,5866,2049
9521,9509,1411
9522,9252,9088
9523,8821,2612
9524,9266,7830
9525,8444,399
9526,8925,526
9527,2440,2293
9528,9313,113
9529,8350,3272
9530,9235,262
9531,9389,2972
9532,9420,5774
9533,9521,1374
9534,9248,3834
9535,9257,4552
9536,9533,9379
9537,9467,4627
9538,9511,9429
9539,9047,1344
9540,9120,1564
9541,5725,2445
9542,9536,9463
9543,9112,9045
9544,9270,3421
9545,9468,9427
9546,5619,3105
9547,9451,9409
9548,9537,8829
9549,9376,9236
9550,9475,3637
9551,9542,3148
9552,9538,1736
9553,9346,5424
9554,9457,8968
9555,8130,49
9556,9109,9034
9557,9551,2967
9558,9255,276
9559,9557,9247
9560,9306,1800
9561,5829,5654
9562,8721,1294
9563,9312,842
9564,8954,2124
9565,4643,271
9566,8454,2052
9567,9506,3592
9568,9237,2946
9569,9121,5308
9570,9350,9131
9571,9101,581
9572,1307,667
9573,9548,5339
9574,8937,1719
9575,8671,8030
9576,8897,887
9577,9559,8781
9578,8959,2627
9579,5986,3571
9580,3265,3112
9581,9108,873
9582,3605,3552
9583,9246,193
9584,8944,8385
9585,9231,1174
9586,9167,4851
9587,9552,4730
9588,9577,2649
9589,9302,8368
9590,9352,3607
9591,9437,709
9592,9250,1373
9593,2370,1612
9594,9293,9030
9595,4242,3713
9596,9573,8856
9597,9134,2028
9598,8880,1077
9599,766,731
9600,5370,3381
9601,9588,4876
9602,3267,2585
9603,9056,3912
9604,9568,9540
9605,9336,8472
9606,9587,2589
9607,5459,3704
9608,9204,8906
9609,8602,1775
9610,9606,899
9611,4595,4207
9612,9125,8775
9613,9153,744
9614,9370,345
9615,4949,320
9616,9601,9406
9617,4852,2927
9618,2842,85
9619,8559,711
9620,9489,9316
9621,9115,3330
9622,9021,3867
9623,5116,2728
9624,9274,3443
9625,9493,896
9626,9591,9554
9627,8974,8576
9628,5543,4707
9629,9388,5640
9630,9610,2807
9631,9480,3519
9632,9494,2609
9633,9550,9547
9634,9454,1702
9635,9567,5431
9636,9630,8870
9637,5544,1726
9638,9596,9505
9639,9256,5924
9640,9528,9498
9641,9616,4541
9642,9545,2912
9643,9636,9519
9644,8984,5216
9645,9268,3664
9646,5662,2076
9647,9473,4169
9648,9641,9142
9649,3444,3271
9650,9318,5526
9651,8930,4621
9652,5992,5990
9653,2850,2024
9654,9407,9150
9655,4815,128
9656,9534,2249
9657,9119,656
9658,9643,1644
9659,8323,1197
9660,9422,8813
9661,1100,352
9662,9635,631
9663,9455,4358
9664,9280,1405
9665,9307,1148
9666,8962,3612
9667,9642,1981
9668,9648,3687
9669,9668,8611
9670,9658,5467
9671,9010,8588
9672,9391,8982
9673,9672,9016
9674,2290,607
9675,8901,372
9676,9287,795
9677,9625,2268
9678,9442,9399
9679,9485,8989
9680,1130,841
9681,8985,678
9682,8638,3478
9683,2736,2663
9684,9522,9174
9685,9050,338
9686,9384,2588
9687,9532,9418
9688,9117,8312
9689,9497,8919
9690,9064,2441
9691,9499,9238
9692,9669,9249
9693,9001,8940
9694,9410,9148
9695,9667,4639
9696,9408,8486
9697,9670,9398
9698,9165,8285
9699,9172,2172
9700,9367,9214
9701,2211,828
9702,9692,9662
9703,4987,1703
9704,9631,893
9705,9638,1278
9706,2755,811
9707,9697,5259
9708,9456,9271
9709,9514,8464
9710,9353,1074
9711,9005,4879
9712,9294,5638
9713,5140,4790
9714,932,183
9715,282,127
9716,9061,4833
9717,8773,8268
9718,8991,3439
9719,9659,3249
9720,9320,8878
9721,9695,9129
9722,9707,4660
9723,8743,4494
9724,9704,9484
9725,4449,3138
9726,9673,5887
9727,9476,1538
9728,8976,8840
9729,9722,2424
9730,3467,3139
9731,9729,895
9732,9583,2893
9733,3684,819
9734,9507,9084
9735,5320,3988
9736,9705,775
9737,9275,5865
9738,4567,4042
9739,9483,5959
9740,9416,9400
9741,9508,3450
9742,9465,1142
9743,9654,3749
9744,2820,918
9745,9736,9504
9746,3116,2421
9747,9726,2723
9748,9731,1203
9749,2101,1000
9750,9727,5846
9751,1404,845
9752,9262,3008
9753,9604,3843
9754,9633,9043
9755,9689,9339
9756,9314,1570
9757,9639,9279
9758,4417,3498
9759,8899,3434
9760,9624,9187
9761,9748,759
9762,9699,315
9763,9004,2576
9764,9331,630
9765,9761,730
9766,9375,8536
9767,295,69
9768,9702,5341
9769,5681,5674
9770,2952,2764
9771,8703,8382
9772,9750,5658
9773,2065,1847
9774,9765,4171
9775,2013,1080
9776,3355,3059
9777,9745,5188
9778,9768,637
9779,9777,5123
9780,3410,3337
9781,9753,9447
9782,9440,1915
9783,9774,511
9784,3026,2660
9785,3883,1799
9786,9517,8806
9787,3879,3587
9788,9160,5627
9789,8524,1047
9790,9581,9356
9791,9754,9531
9792,9113,2209
9793,9626,747
9794,8931,3028
9795,9747,9524
9796,2949,2538
9797,9503,2431
9798,9203,2037
9799,3240,3181
9800,9563,9386
9801,9413,3118
9802,9677,9558
9803,5744,3344
9804,159,36
9805,3237,3107
9806,9778,5033
9807,4656,3012
9808,9566,2236
9809,9570,752
9810,9783,2433
9811,9335,4995
9812,9721,804
9813,9724,9436
9814,9096,5923
9815,9810,5792
9816,9684,9665
9817,9663,1500
9818,9535,2389
9819,5728,356
9820,9815,1364
9821,9031,1081
9822,9229,3424
9823,9820,1092
9824,4721,2939
9825,9614,8947
9826,9629,9605
9827,9812,9033
9828,9741,9220
9829,9290,9244
9830,5758,1343
9831,9823,9315
9832,9806,1920
9833,9149,5819
9834,5656,1286
9835,9831,2235
9836,9576,9502
9837,2117,673
9838,9512,8888
9839,9373,4615
9840,5408,374
9841,9835,4516
9842,9795,9482
9843,5745,2763
9844,9841,792
9845,9679,2453
9846,9019,2882
9847,9212,1807
9848,9844,9640
9849,6691,4491
9850,1727,330
9851,9650,2490
9852,9832,4636
9853,9585,619
9854,3973,3551
9855,9644,4748
9856,9852,9653
9857,9660,2569
9858,9613,1918
9859,9779,851
9860,9859,688
9861,9720,9022
9862,9856,1822
9863,9143,1440
9864,9862,724
9865,9791,9460
9866,9772,1541
9867,9793,9527
9868,5574,1495
9869,9827,9775
9870,9864,9781
9871,9802,9744
9872,9046,456
9873,9260,2830
9874,8632,912
9875,9479,2904
9876,9345,4770
9877,9574,9555
9878,9870,9800
9879,4991,2631
9880,2770,1958
9881,3906,3584
9882,9560,8756
9883,9712,9671
9884,9562,5295
9885,9556,3096
9886,9771,9194
9887,9691,4102
9888,9813,679
9889,9848,2200
9890,9392,4161
9891,9866,9593
9892,9860,8677
9893,9594,757
9894,355,173
9895,3157,1760
9896,9878,5997
9897,4523,3589
9898,9620,9549
9899,9818,9755
9900,8969,2809
9901,8934,4386
9902,4357,4109
9903,9888,9676
9904,9869,2884
9905,9889,670
9906,9905,9867
9907,5051,806
9908,4684,3535
9909,9685,9188
9910,2684,2578
9911,1289,1055
9912,9871,1724
9913,9786,5667
9914,2779,1744
9915,9842,9516
9916,9403,721
9917,9789,8705
9918,9526,2664
9919,3358,2154
9920,4564,3250
9921,9718,2734
9922,9896,5380
9923,9922,9891
9924,5396,3523
9925,9845,1268
9926,9492,9239
9927,9912,9858
9928,9543,4645
9929,2055,1169
9930,9488,1931
9931,9471,2540
9932,9385,1053
9933,3891,1962
9934,1038,760
9935,9906,9590
9936,9797,9603
9937,9728,9694
9938,9466,767
9939,9696,9334
9940,9828,9530
9941,9608,4144
9942,9892,9618
9943,9622,4096
9944,9515,2451
9945,9784,3363
9946,9826,5841
9947,2966,818
9948,9368,826
9949,9913,9424
9950,9923,9151
9951,9586,4791
9952,9598,9041
9953,4760,2239
9954,9737,9612
9955,9839,9681
9956,9378,926
9957,9267,5611
9958,9946,3315
9959,9428,3156
9960,9764,4176
9961,8852,4527
9962,9461,2435
9963,2984,1663
9964,9690,816
9965,432,163
9966,5536,976
9967,2484,26
9968,9942,969
9969,9935,2358
9970,5668,2000
9971,2201,1102
9972,9969,2373
9973,9627,1874
9974,9893,5643
9975,8496,7725
9976,9904,5966
9977,9853,9572
9978,9357,3253
9979,4971,2744
9980,1662,482
9981,4885,4629
9982,9968,1975
9983,4808,727
9984,3482,3349
9985,9632,9458
9986,1031,937
9987,9816,9811
9988,2277,1110
9989,9169,3486
9990,9675,1488
9991,8657,1680
9992,9950,9184
9993,9415,8173
9994,9972,520
9995,8824,1664
9996,9836,5672
9997,2122,162
9998,9880,5247
9999,9584,9496
10000,4708,4445
10001,5557,4311
10002,9674,4405
10003,5588,3089
10004,9901,9518
10005,9742,5484
10006,8876,1303
10007,9915,5786
10008,9992,9349
10009,10008,2791
10010,9976,561
10011,9678,4823
10012,10009,914
10013,9938,9808
10014,9982,9821
10015,9788,9634
10016,10012,9227
10017,5556,5021
10018,1935,1485
10019,10010,699
10020,10016,867
10021,9411,4999
10022,9529,3175
10023,9958,2875
10024,9477,8347
10025,3304,364
10026,4849,3933
10027,3979,3939
10028,9740,882
10029,4626,1326
10030,9825,9693
10031,9994,1899
10032,9615,45
10033,9903,1555
10034,10031,9716
10035,9655,9328
10036,9735,5457
10037,9513,1387
10038,8831,7462
10039,10007,9792
10040,9794,9708
10041,9282,615
10042,9760,1554
10043,1198,140
10044,8736,5485
10045,9872,1240
10046,5736,3245
10047,10034,905
10048,10019,1884
10049,1448,1235
10050,9490,844
10051,9661,9553
10052,9182,4431
10053,2730,773
10054,9390,2062
10055,5250,2113
10056,9329,2334
10057,10047,4765
10058,9181,1597
10059,9687,9295
10060,9647,5705
10061,3786,2772
10062,3934,1621
10063,9028,8990
10064,9944,9564
10065,10020,3302
10066,10065,4732
10067,9830,8650
10068,9927,1871
10069,10023,4309
10070,9949,9500
10071,10033,2579
10072,9898,9751
10073,10066,1699
10074,9541,2014
10075,3980,533
10076,3430,1717
10077,10048,9680
10078,4900,595
10079,9829,9682
10080,10014,2333
10081,5142,90
10082,9843,5255
10083,9957,9683
10084,9876,9395
10085,3861,1330
10086,9932,3534
10087,927,922
10088,9359,2272
10089,9322,3916
10090,9623,9539
10091,4859,2012
10092,10057,9974
10093,4046,703
10094,9865,3748
10095,9814,9575
10096,5615,2002
10097,9746,1956
10098,10005,9308
10099,10039,2840
10100,4786,4506
10101,2482,881
10102,4806,603
10103,4546,3362
10104,9787,9491
10105,9882,3627
10106,10069,9996
10107,9341,4942
10108,10073,9960
10109,3320,997
10110,9337,4024
10111,9118,1270
10112,10080,9656
10113,5570,2817
10114,10108,1547
10115,10092,3609
10116,10115,994
10117,9734,3465
10118,8797,1509
10119,2400,2194
10120,10077,1001
10121,4465,4322
10122,10114,1200
10123,5840,3520
10124,9710,3145
10125,9954,9854
10126,10056,9940
10127,10122,4963
10128,10116,9571
10129,10089,9649
10130,10127,9757
10131,9855,9136
10132,8850,5184
10133,9926,9609
10134,4998,485
10135,10099,608
10136,10128,1245
10137,10120,2292
10138,5687,417
10139,9955,9899
10140,9804,8818
10141,9579,3352
10142,9978,9884
10143,9837,9711
10144,9999,1550
10145,10112,884
10146,10130,1482
10147,10146,10137
10148,3040,486
10149,10072,10068
10150,9478,2956
10151,10135,10051
10152,7996,1153
10153,10071,9738
10154,4886,1712
10155,9790,9739
10156,2804,2230
10157,9701,907
10158,9637,1593
10159,10094,9956
10160,10145,9688
10161,2198,1341
10162,8610,3282
10163,2038,560
10164,9351,648
10165,4459,4328
10166,10136,829
10167,10153,1999
10168,10166,2427
10169,10159,10147
10170,8067,2977
10171,9561,9449
10172,10168,2971
10173,9909,9565
10174,9387,3176
10175,3106,362
10176,9095,8553
10177,9292,4609
10178,9599,1738
10179,10160,1688
10180,10179,707
10181,10172,2808
10182,9523,431
10183,10181,9850
10184,5088,3595
10185,9857,4557
10186,5476,1996
10187,9936,5989
10188,10054,10004
10189,4605,2624
10190,2288,645
10191,9700,908
10192,3603,340
10193,9469,4290
10194,9822,105
10195,8480,5837
10196,10126,5139
10197,2402,1277
10198,10180,4619
10199,10053,9651
10200,9766,3188
10201,10030,9977
10202,10183,875
10203,9928,934
10204,10098,9851
10205,9617,9459
10206,9089,3968
10207,9093,1196
10208,9900,9890
10209,9951,2870
10210,9885,5521
10211,9987,2553
10212,9211,289
10213,2053,1954
10214,10060,9941
10215,2173,1089
10216,9288,1723
10217,8823,2713
10218,9664,813
10219,9657,2179
10220,3142,2196
10221,9698,9686
10222,9646,4819
10223,9592,2834
10224,9546,5204
10225,9809,1653
10226,10202,894
10227,10226,10149
10228,9921,3893
10229,10167,10036
10230,9600,799
10231,10042,3938
10232,10231,9578
10233,9801,1514
10234,10118,10062
10235,9589,1205
10236,10200,8924
10237,9743,2674
10238,9763,1718
10239,9930,4916
10240,9569,4864
10241,9985,4637
10242,9973,4084
10243,9916,2951
10244,4993,2267
10245,10169,965
10246,10245,5550
10247,5984,2305
10248,10187,5914
10249,9798,1618
10250,5732,2913
10251,9520,5581
10252,10142,3888
10253,9925,2653
10254,8735,967
10255,9782,2397
10256,9863,1583
10257,10229,10086
10258,9137,35
10259,10209,9343
10260,9417,5935
10261,3758,684
10262,10013,1356
10263,10106,9943
10264,10198,10058
10265,10264,5497
10266,10265,10161
10267,10151,9166
10268,10028,1260
10269,9756,509
10270,10237,9886
10271,9964,174
10272,9432,3
10273,10015,2428
10274,9326,9193
10275,9846,2915
10276,10185,9907
10277,10227,9833
10278,10196,10177
10279,10242,5282
10280,10273,1640
10281,10246,4381
10282,10165,4229
10283,10024,447
10284,10267,2735
10285,9383,3092
10286,9937,2715
10287,10228,9421
10288,9883,9251
10289,9873,522
10290,10281,10205
10291,10290,9998
10292,10277,3690
10293,10224,5236
10294,10257,10241
10295,10278,9481
10296,9881,9404
10297,9990,4502
10298,10238,2703
10299,10292,2161
10300,10032,4304
10301,10299,10026
10302,10038,8663
10303,9703,2762
10304,9887,8971
10305,10139,10082
10306,10291,666
10307,3422,2919
10308,10125,1300
10309,5433,2377
10310,7811,265
10311,10002,9752
10312,10074,10045
10313,483,301
10314,10306,10293
10315,10314,1765
10316,10301,1490
10317,9769,2469
10318,2571,537
10319,10259,1751
10320,9895,264
10321,9875,9309
10322,10315,5382
10323,5605,2381
10324,10322,857
10325,10284,2262
10326,10266,487
10327,10276,10011
10328,10252,5344
10329,9162,2316
10330,3371,823
10331,5816,2283
10332,4356,2031
10333,10325,1873
10334,10288,2359
10335,9989,9961
10336,9439,3870
10337,10121,9611
10338,10155,9817
10339,10333,10324
10340,10144,9730
10341,10316,514
10342,3207,3144
10343,10304,9058
10344,10341,868
10345,10268,618
10346,9474,3445
10347,9347,2704
10348,4193,2575
10349,10105,2100
10350,10104,9917
10351,9157,5987
10352,9874,2212
10353,10344,9962
10354,10225,9847
10355,10006,5215
10356,10353,531
10357,4662,2089
10358,10285,9983
10359,1902,5
10360,2325,2225
10361,10326,1015
10362,3124,2924
10363,4740,4532
10364,2873,2128
10365,10211,552
10366,10297,1178
10367,10339,5150
10368,10052,4680
10369,10249,2748
10370,9849,250
10371,9840,2838
10372,10367,769
10373,9785,1629
10374,10124,4948
10375,10256,1063
10376,9510,5885
10377,10239,10059
10378,10372,2999
10379,8384,27
10380,10356,5102
10381,472,206
10382,2591,394
10383,4989,3013
10384,10303,10041
10385,10070,1801
10386,10380,903
10387,10133,10083
10388,10378,634
10389,10388,2119
10390,10178,9732
10391,10365,2001
10392,10386,9714
10393,9952,3420
10394,10248,188
10395,9780,3411
10396,9993,9723
10397,2959,2940
10398,9544,1284
10399,4460,4209
10400,10102,10037
10401,9824,2648
10402,10110,1767
10403,10392,10182
10404,9838,9470
10405,10029,4515
10406,10389,1273
10407,10207,10173
10408,10001,5704
10409,1882,797
10410,5682,1335
10411,10263,10088
10412,2617,1143
10413,10347,4956
10414,9110,2382
10415,3503,646
10416,5639,1397
10417,4842,1228
10418,9776,4052
10419,2448,999
10420,1732,1731
10421,9939,2442
10422,10361,10191
10423,10201,10040
10424,2987,2814
10425,10406,3564
10426,10403,9986
10427,2159,855
10428,10199,671
10429,10391,10345
10430,9621,4579
10431,10373,10018
10432,10253,10157
10433,10385,10134
10434,9719,2545
10435,10170,2614
10436,10280,10223
10437,10096,4164
10438,10261,9433
10439,1043,515
10440,10425,10097
10441,1261,1176
10442,10305,4501
10443,10440,10158
10444,9919,2205
10445,10426,10075
10446,10270,9645
10447,10445,3513
10448,10193,2630
10449,2813,1960
10450,10411,9276
10451,10240,9619
10452,10447,1208
10453,10366,10101
10454,10452,557
10455,10107,4810
10456,10332,9918
10457,2586,2498
10458,9170,1444
10459,8887,5892
10460,10429,10262
10461,10442,2784
10462,10443,9988
10463,10111,2016
10464,384,19
10465,10349,2855
10466,10450,4363
10467,10271,3065
10468,863,675
10469,10462,3565
10470,1491,1486
10471,2865,2562
10472,10454,5073
10473,5707,580
10474,10469,3975
10475,10307,3343
10476,311,244
10477,10300,131
10478,10279,3200
10479,10000,3053
10480,8658,8157
10481,10402,10350
10482,10308,10230
10483,9396,4596
10484,10286,9759
10485,10474,2257
10486,9185,3113
10487,10132,653
10488,10422,9971
10489,10488,10472
10490,120,100
10491,9953,9259
10492,10428,10295
10493,10461,9773
10494,10022,9948
10495,8188,329
10496,10294,931
10497,10232,3528
10498,10433,10084
10499,10370,9284
10500,10453,2491
10501,10485,10465
10502,10501,5552
10503,10235,1978
10504,10156,4661
10505,10021,9975
10506,10496,10210
10507,9725,1254
10508,9069,1627
10509,10497,3553
10510,9981,2937
10511,10502,1469
10512,10312,5891
10513,10269,1673
10514,5307,4195
10515,10254,4817
10516,10511,810
10517,5337,1836
10518,9877,2697
10519,3807,1683
10520,2067,1524
10521,3326,2399
10522,9448,2765
10523,10243,9628
10524,10434,5951
10525,10413,9970
10526,10131,9861
10527,1987,1849
10528,3604,3577
10529,10162,9770
10530,2048,958
10531,2229,1988
10532,2824,2769
10533,2741,1112
10534,10334,3608
10535,10479,9947
10536,10035,638
10537,10516,2981
10538,9749,3333
10539,10489,10432
10540,5122,2982
10541,10537,974
10542,10541,10374
10543,10123,5507
10544,10354,4753
10545,9364,2862
10546,3997,1553
10547,10063,9733
10548,10473,536
10549,2831,2468
10550,5952,2063
10551,10174,10150
10552,9819,3451
10553,391,323
10554,10542,1770
10555,10466,10188
10556,9452,1139
10557,10534,10524
10558,10081,9879
10559,10329,9597
10560,10274,9582
10561,5111,521
10562,10255,10218
10563,9796,3737
10564,2004,1248
10565,10554,10448
10566,771,284
10567,10565,10436
10568,10512,10484
10569,10394,9363
10570,10423,9713
10571,10437,5932
10572,1336,1271
10573,10504,10064
10574,1896,1713
10575,3485,919
10576,10538,4287
10577,10506,551
10578,9758,1049
10579,10567,10143
10580,1501,445
10581,10175,4348
10582,5978,1659
10583,10215,3491
10584,10555,10214
10585,1909,1632
10586,10404,4862
10587,10287,3809
10588,10003,737
10589,5221,3688
10590,10509,2025
10591,10492,9931
10592,10407,10095
10593,10368,2639
10594,10579,9602
10595,3301,1846
10596,10393,10311
10597,10594,10577
10598,10260,1753
10599,10352,4652
10600,9000,4980
10601,9914,1687
10602,10171,5334
10603,10377,10219
10604,10275,4249
10605,10415,10100
10606,10317,9762
10607,10570,10539
10608,10103,1725
10609,5610,647
10610,10328,636
10611,9911,9803
10612,10234,946
10613,10508,10140
10614,10381,230
10615,10321,3463
10616,10283,4648
10617,2396,971
10618,10420,4247
10619,10387,10247
10620,10544,10093
10621,1733,1124
10622,10272,366
10623,10221,9321
10624,1977,1392
10625,10212,1948
10626,9908,4822
10627,10597,1861
10628,10460,3507
10629,10451,5406
10630,10627,964
10631,5593,3284
10632,10522,9580
10633,10498,10079
10634,10587,9933
10635,10208,3545
10636,9959,3957
10637,10630,3793
10638,9963,3558
10639,9666,3857
10640,3166,3005
10641,10543,10482
10642,10607,478
10643,7791,3546
10644,10421,2618
10645,10642,10615
10646,2914,1057
10647,10067,4981
10648,10493,4522
10649,10250,1526
10650,4832,723
10651,4240,2650
10652,9805,3031
10653,4562,4526
10654,3714,3390
10655,10164,798
10656,8996,2140
10657,5381,1406
10658,5926,3733
10659,9495,488
10660,10523,10430
10661,10637,10487
10662,10590,10362
10663,9929,898
10664,10635,10204
10665,10602,10258
10666,10645,2839
10667,10666,10390
10668,10648,10481
10669,10661,10296
10670,10628,10355
10671,4559,2499
10672,10216,1332
10673,9966,1157
10674,9397,385
10675,10467,869
10676,10076,2437
10677,5628,5223
10678,10677,3790
10679,10573,10338
10680,10667,1135
10681,10091,1462
10682,10585,1843
10683,10591,617
10684,10559,10298
10685,5044,625
10686,3281,1121
10687,1105,689
10688,10203,4653
10689,10526,2092
10690,10620,10616
10691,2330,2217
10692,2675,2208
10693,9525,3766
10694,10507,4145
10695,5795,3833
10696,10190,4853
10697,10533,4064
10698,10669,10340
10699,10217,9358
10700,2975,1887
10701,10176,82
10702,10701,221
10703,10494,4593
10704,10698,1900
10705,10547,5659
10706,3199,3000
10707,10704,713
10708,10572,10568
10709,5766,5030
10710,10707,10431
10711,10569,9984
10712,2916,1650
10713,10513,1171
10714,10455,10331
10715,10078,4742
10716,3840,404
10717,10670,10463
10718,10688,5898
10719,10586,5650
10720,10710,10548
10721,2261,2043
10722,10603,4649
10723,2869,1255
10724,4868,3693
10725,10713,4698
10726,10680,786
10727,10598,10375
10728,10478,9595
10729,10336,4428
10730,10729,10720
10731,10417,2777
10732,10700,9934
10733,10518,9077
10734,10726,10612
10735,9995,1970
10736,9709,9171
10737,10604,10515
10738,10683,10663
10739,10044,1383
10740,10730,10313
10741,2336,2121
10742,9173,1533
10743,10708,1517
10744,10532,10148
10745,359,235
10746,4550,1443
10747,2622,1458
10748,10740,10050
10749,10138,10117
10750,10369,5496
10751,9366,1506
10752,10717,2754
10753,10536,10457
10754,9717,1432
10755,10734,951
10756,10755,809
10757,10619,10163
10758,5946,1036
10759,10236,2274
10760,5798,5532
10761,2598,1447
10762,10727,10435
10763,4153,2520
10764,4232,3927
10765,10748,10644
10766,10641,3677
10767,4854,2242
10768,10528,834
10769,10750,10711
10770,10765,1138
10771,10483,5791
10772,10705,3060
10773,10770,10766
10774,3732,575
10775,10581,10090
10776,2659,1534
10777,10346,3673
10778,10664,4401
10779,10438,10141
10780,10738,939
10781,9920,2350
10782,2320,1162
10783,10584,9464
10784,10689,1893
10785,10638,956
10786,2892,1937
10787,10743,10582
10788,10408,4162
10789,1930,1512
10790,10427,720
10791,10756,2556
10792,10791,10725
10793,5962,4071
10794,2307,2275
10795,10282,5901
10796,10418,2696
10797,10773,10186
10798,10783,5993
10799,10424,3864
10800,885,597
10801,10302,1940
10802,10797,10769
10803,10778,948
10804,10752,3001
10805,10733,10560
10806,10251,4265
10807,10376,5620
10808,10693,10327
10809,3473,349
10810,10731,10629
10811,10593,4713
10812,10500,1056
10813,10662,10503
10814,9381,222
10815,10222,10055
10816,4750,4281
10817,10804,10633
10818,10671,3461
10819,10722,10653
10820,9443,8605
10821,10674,8746
10822,10792,2506
10823,10822,642
10824,10802,633
10825,3097,1172
10826,2531,1949
10827,10823,591
10828,9991,2752
10829,10819,3969
10830,10233,890
10831,10824,5462
10832,10525,2795
10833,10817,5177
10834,10668,4944
10835,10831,10712
10836,10835,10545
10837,10827,5157
10838,1045,455
10839,3370,3091
10840,10837,10189
10841,10836,10834
10842,10401,1246
10843,10384,4456
10844,4569,4518
10845,10672,921
10846,4799,3798
10847,3518,2026
10848,10400,2073
10849,10562,10319
10850,10152,4685
10851,10840,10561
10852,10697,10244
10853,10771,3120
10854,10446,2794
10855,10363,10337
10856,10556,2549
10857,10558,10383
10858,10660,981
10859,2341,2151
10860,10851,5355
10861,10491,2790
10862,10759,10025
10863,10358,5772
10864,10812,10194
10865,10154,2548
10866,10808,10419
10867,10854,10563
10868,10486,3623
10869,10647,2005
10870,10829,10599
10871,10785,10206
10872,10757,1259
10873,10477,9441
10874,10841,5486
10875,10456,945
10876,10530,10444
10877,10318,1879
10878,10874,3757
10879,10849,4711
10880,10625,9401
10881,10798,10459
10882,10881,2725
10883,2158,14
10884,10405,3739
10885,10878,2195
10886,10885,1812
10887,10527,10220
10888,10751,4633
10889,10551,10464
10890,10886,10832
10891,10397,9607
10892,10787,10631
10893,10890,530
10894,10860,10843
10895,10893,5312
10896,10780,10762
10897,10520,9967
10898,10895,2667
10899,10898,10439
10900,5314,5086
10901,10398,1866
10902,5498,2845
10903,3072,154
10904,10724,10395
10905,10872,10364
10906,10606,2887
10907,8629,1865
10908,10658,10343
10909,10908,10626
10910,10718,3784
10911,10714,10675
10912,968,681
10913,10894,652
10914,10899,10610
10915,10914,854
10916,10915,10690
10917,10870,4665
10918,10747,10416
10919,10470,1791
10920,10784,609
10921,10801,10624
10922,2066,738
10923,10913,853
10924,10807,10803
10925,2471,998
10926,10621,5207
10927,10192,181
10928,10673,10571
10929,10923,535
10930,10595,3915
10931,10046,2793
10932,10916,2452
10933,10782,574
10934,10535,10289
10935,10929,10679
10936,10684,10682
10937,5287,5113
10938,10932,10574
10939,10335,4722
10940,10793,1202
10941,10917,10119
10942,10650,5831
10943,10703,8768
10944,10938,10879
10945,4872,4374
10946,10838,10458
10947,2519,1252
10948,4296,1828
10949,10580,242
10950,10592,3455
10951,10550,2281
10952,182,11
10953,10772,10694
10954,4222,2737
10955,10623,10618
10956,5079,2560
10957,3789,2698
10958,10617,5160
10959,10475,1617
10960,10944,519
10961,10866,10754
10962,4920,696
10963,10449,4925
10964,10129,1630
10965,10935,4714
10966,5509,1419
10967,10920,10864
10968,10605,9807
10969,10414,4782
10970,10810,9979
10971,10960,2610
10972,9706,1851
10973,10918,10833
10974,10882,4860
10975,10974,5879
10976,10975,4028
10977,10027,3723
10978,10723,1465
10979,10371,2132
10980,10971,10546
10981,10737,10665
10982,10980,10468
10983,10982,10968
10984,10505,10348
10985,10896,10858
10986,10924,10811
10987,10732,5137
10988,10983,2114
10989,5264,2526
10990,10988,10649
10991,10601,1771
10992,10813,10529
10993,10905,10758
10994,10873,98
10995,10753,10657
10996,10925,1905
10997,10990,9897
10998,10997,817
10999,10839,4892
11000,5338,3152
11001,10961,3573
11002,10998,9965
11003,10976,10900
11004,10965,697
11005,11004,10495
11006,11005,10846
11007,11006,1947
11008,11007,573
11009,11008,10746
11010,10892,10862
11011,10816,774
11012,10909,4446
11013,10863,10323
11014,10865,780
11015,10557,10471
11016,10739,4048
11017,10519,3660
11018,5454,4776
11019,10309,2347
11020,10910,2492
11021,10941,4227
11022,11009,5193
11023,11022,959
11024,10973,9910
11025,10736,1401
11026,11002,1212
11027,11023,1792
11028,9243,388
11029,10768,10564
11030,10936,10611
11031,11026,1910
11032,10636,5048
11033,11021,10715
11034,11031,1608
11035,11034,10583
11036,2291,911
11037,11027,9945
11038,10845,10655
11039,11035,5436
11040,11039,3027
11041,3241,2178
11042,11040,11018
11043,10844,10830
11044,11042,10940
11045,3641,1399
11046,2731,40
11047,10850,4223
11048,10950,10763
11049,11044,883
11050,11049,2419
11051,11050,1416
11052,11003,10634
11053,11015,10695
11054,10721,2246
11055,9997,5481
11056,2783,463
11057,11037,10871
11058,11057,693
11059,10061,5842
11060,9980,4855
11061,11051,5326
11062,10685,4824
11063,11061,10876
11064,2521,1413
11065,5510,4555
11066,11058,2803
11067,11066,807
11068,11067,11024
11069,10884,10848
11070,10113,5519
11071,10651,5549
11072,4953,294
11073,4598,3159
11074,11063,11038
11075,10749,10632
11076,10820,1773
11077,10676,3406
11078,10613,10213
11079,10576,471
11080,10828,5080
11081,5152,3416
11082,10855,682
11083,10853,2528
11084,10901,10588
11085,9902,3559
11086,11074,10942
11087,10842,10646
11088,10600,5017
11089,5737,3741
11090,3034,2786
11091,10799,3537
11092,11086,5761
11093,11033,11029
11094,10490,405
11095,10805,10310
11096,10984,10953
11097,10861,2692
11098,10441,4538
11099,10956,2611
11100,11068,1604
11101,10815,10197
11102,10609,10330
11103,2822,65
11104,11092,4690
11105,11020,10921
11106,11048,4913
11107,4554,2747
11108,5206,687
11109,5998,5251
11110,10931,10911
11111,11012,10977
11112,11104,2574
11113,11100,10912
11114,10883,1025
11115,2963,2768
11116,10955,1276
11117,1911,1290
11118,11112,10930
11119,10928,1867
11120,4505,753
11121,2775,1755
11122,10852,891
11123,5950,897
11124,10814,9715
11125,11113,3830
11126,4837,4774
11127,10867,5179
11128,10993,10786
11129,11010,10985
11130,11064,5579
11131,11118,1467
11132,11131,1837
11133,10800,4918
11134,4821,2603
11135,11125,5451
11136,11025,10654
11137,10692,2392
11138,10904,3412
11139,10396,3477
11140,10875,10761
11141,11132,2502
11142,5159,4788
11143,5347,1086
11144,10939,641
11145,1366,1262
11146,11079,725
11147,10877,1720
11148,11135,961
11149,10643,3680
11150,10379,158
11151,11106,10992
11152,11053,10888
11153,2710,1992
11154,2647,2527
11155,11141,835
11156,11155,5025
11157,11156,616
11158,11001,10979
11159,11157,11087
11160,11088,10889
11161,11148,11014
11162,11161,663
11163,10981,10869
11164,10184,10085
11165,11159,2238
11166,11165,832
11167,10359,10320
11168,2797,2699
11169,11166,10963
11170,11169,996
11171,11162,3525
11172,10716,458
11173,11171,570
11174,11116,10995
11175,11170,11011
11176,10927,10087
11177,11093,11052
11178,10656,1010
11179,11128,10996
11180,5178,4831
11181,5101,2846
11182,10809,5999
11183,1730,245
11184,10781,3425
11185,10719,3563
11186,11055,10970
11187,10360,4978
11188,4068,48
11189,9868,1301
11190,2473,2182
11191,11175,1293
11192,11013,3886
11193,11173,3815
11194,11193,10987
11195,11110,3772
11196,4132,1794
11197,11083,3045
11198,10978,10767
11199,10552,2558
11200,11152,10962
11201,11056,10906
11202,11136,10596
11203,11194,10919
11204,2666,2029
11205,10049,5649
11206,11203,10887
11207,11206,583
11208,10806,10744
11209,11016,5309
11210,10989,755
11211,11072,4838
11212,11191,568
11213,11212,11091
11214,11213,1090
11215,11214,11134
11216,10540,10480
11217,5191,1888
11218,10891,10776
11219,11207,2554
11220,11082,10943
11221,11215,10926
11222,11221,5225
11223,10777,4255
11224,11222,11101
11225,11127,10608
11226,11219,3946
11227,5953,5293
11228,10659,116
11229,10825,2903
11230,11098,10897
11231,11224,2568
11232,11231,1418
11233,11232,10958
11234,10946,9834
11235,11226,369
11236,11235,11099
11237,11144,10510
11238,3965,3219
11239,11233,11179
11240,11199,2672
11241,5228,2135
11242,11174,11142
11243,11236,2474
11244,10742,2434
11245,11019,10578
11246,2719,1990
11247,5108,3268
11248,10652,4520
11249,11108,10986
11250,11239,3541
11251,11250,11147
11252,5871,4610
11253,11202,11138
11254,10517,2766
11255,11243,11036
11256,11255,5346
11257,11256,2425
11258,11257,2401
11259,10382,5768
11260,11251,569
11261,11225,10964
11262,11158,4415
11263,11249,10699
11264,4800,852
11265,10847,10790
11266,11258,11122
11267,10696,9652
11268,11260,10342
11269,11268,600
11270,11269,11160
11271,11246,489
11272,11266,674
11273,11032,10531
11274,11201,10691
11275,11129,4521
11276,5614,840
11277,2774,421
11278,11097,10954
11279,11084,2592
11280,5303,3453
11281,5530,4081
11282,11000,2733
11283,11210,2532
11284,11270,11192
11285,3866,556
11286,11272,910
11287,10868,4469
11288,11275,11059
11289,11177,10728
11290,11146,2756
11291,11121,10409
11292,10821,10043
11293,1223,1165
11294,3567,611
11295,4478,3872
11296,10991,3167
11297,11286,4672
11298,11297,695
11299,11076,2581
11300,10972,654
11301,11298,11114
11302,11301,794
11303,11107,10907
11304,11302,11069
11305,11284,2517
11306,11305,11262
11307,11139,10735
11308,11095,3163
11309,11304,11290
11310,10589,10017
11311,861,676
11312,10969,10741
11313,11154,10994
11314,5231,4312
11315,11200,11065
11316,10959,10857
11317,2054,239
11318,10999,3217
11319,10933,4702
11320,11309,2418
11321,437,50
11322,11306,11241
11323,11322,11119
11324,11043,4575
11325,11320,2619
11326,11288,11140
11327,11325,582
11328,3800,2974
11329,11323,11198
11330,4631,2986
11331,11329,11237
11332,5038,821
11333,11331,10789
11334,11333,505
11335,10934,628
11336,11327,733
11337,11334,732
11338,11336,11080
11339,11338,5035
11340,5328,2758
11341,11181,10967
11342,11341,11163
11343,11197,11028
11344,11075,4888
11345,11337,11220
11346,11339,1140
11347,11216,11186
11348,11346,1027
11349,11030,2645
11350,11345,3901
11351,11350,0
11352,10775,2351
11353,10760,10195
11354,10796,3214
11355,11187,11062
11356,4594,2918
11357,10686,3796
11358,11351,2732
11359,11358,11109
11360,11359,4589
11361,11274,11071
11362,11244,1573
11363,11242,10412
11364,10351,2789
11365,11360,11130
11366,11078,10949
11367,11365,11230
11368,11348,11330
11369,1103,661
11370,11368,756
11371,11370,2365
11372,10521,947
11373,10499,18
11374,11090,5483
11375,11208,4921
11376,11367,11311
11377,11376,11315
11378,4861,1845
11379,11371,612
11380,11379,5505
11381,1869,1635
11382,11253,4827
11383,11380,543
11384,11377,5371
11385,11342,11137
11386,11326,566
11387,11195,11120
11388,11384,11105
11389,9799,4731
11390,10856,9273
11391,10818,3678
11392,11383,5183
11393,11392,2362
11394,5726,950
11395,11209,3644
11396,11289,2415
11397,11393,2058
11398,577,507
11399,10476,2934
11400,2843,770
11401,11308,9767
11402,5694,376
11403,11388,11349
11404,11403,4303
11405,2876,1480
11406,10709,10410
11407,11396,4975
11408,11407,11096
11409,10779,2694
11410,11404,1754
11411,11397,11263
11412,3759,1518
11413,11382,5781
11414,11077,2936
11415,11410,5784
11416,11415,644
11417,11386,2315
11418,11416,11267
11419,2998,2607
11420,11418,5897
11421,11102,5430
11422,11385,11343
11423,11387,2137
11424,11420,11395
11425,10902,57
11426,2852,2444
11427,4946,3724
11428,11411,10549
11429,11344,2718
11430,2815,2518
11431,11417,10774
11432,10922,2356
11433,11180,1438
11434,4027,1944
11435,11424,11283
11436,11435,3568
11437,11436,4787
11438,5458,3990
11439,11437,4884
11440,11352,4234
11441,11261,986
11442,11240,10951
11443,11176,5409
11444,10702,5084
11445,11111,10795
11446,11428,1070
11447,11205,60
11448,10947,2722
11449,11081,3760
11450,11423,4544
11451,3497,1813
11452,11431,11204
11453,11446,1696
11454,11453,11335
11455,11408,5394
11456,11439,787
11457,11456,11362
11458,11234,5040
11459,11185,3111
11460,11354,3066
11461,3935,550
11462,11229,4129
11463,11324,11017
11464,11457,3566
11465,11455,11374
11466,11361,11296
11467,11307,11151
11468,11190,2180
11469,11464,3252
11470,11299,11145
11471,1858,1377
11472,11347,11279
11473,11454,833
11474,2894,2668
11475,11405,11124
11476,11450,11265
11477,10639,3720
11478,11476,11473
11479,11285,4847
11480,10948,3586
11481,11469,632
11482,11481,1179
11483,11482,2284
11484,11478,11340
11485,11484,11483
11486,11413,11167
11487,10945,3614
11488,11485,11117
11489,11211,2985
11490,11316,2231
11491,11332,3838
11492,11254,11248
11493,11218,726
11494,4962,4951
11495,11391,3401
11496,11123,2944
11497,11452,10903
11498,3468,1256
11499,11401,10880
11500,11363,5003
11501,4719,2749
11502,11178,1158
11503,11497,1565
11504,11238,3119
11505,11228,4156
11506,11459,11089
11507,2059,502
11508,11085,10399
11509,11493,11070
11510,11409,11390
11511,2818,1652
11512,11500,2890
11513,11366,11292
11514,11414,11276
11515,5460,290
11516,11073,3353
11517,11271,3321
11518,11441,1961
11519,11518,11503
11520,10966,5119
11521,11429,11196
11522,3125,2407
11523,4306,2596
11524,11512,11133
11525,11281,2041
11526,1946,1487
11527,11465,10788
11528,11389,10687
11529,5258,3731
11530,11463,11045
11531,11440,2930
11532,11433,11245
11533,11303,5082
11534,11488,1574
11535,11534,11458
11536,11103,516
11537,11217,4820
11538,11527,3099
11539,11538,3955
11540,3783,980
11541,11353,2191
11542,11541,2922
11543,11287,11153
11544,11293,44
11545,11310,5928
11546,11189,512
11547,11227,450
11548,11492,11460
11549,11398,11188
11550,11280,5393
11551,11535,11480
11552,2991,2516
11553,11264,788
11554,3474,3025
11555,11531,10826
11556,11555,10622
11557,11164,3816
11558,11539,2879
11559,11558,4834
11560,10566,3828
11561,11422,10957
11562,11505,665
11563,11291,2898
11564,11184,11182
11565,4638,4530
11566,11047,3782
11567,4659,555
11568,4729,2504
11569,11499,11438
11570,11442,11277
11571,11519,11357
11572,11563,11054
11573,11470,1123
11574,11514,11372
11575,11421,2077
11576,11546,4758
11577,11467,3598
11578,11571,11551
11579,11432,11252
11580,11448,11300
11581,11532,11168
11582,2640,247
11583,5967,4937
11584,11430,3179
11585,11328,962
11586,11318,2613
11587,11525,4507
11588,11406,5940
11589,10745,10553
11590,11172,1809
11591,11521,2204
11592,11561,11524
11593,11462,11273
11594,11577,11319
11595,4614,2806
11596,2670,1898
11597,11487,978
11598,10706,4001
11599,11504,11375
11600,11578,11471
11601,11600,1764
11602,5916,2163
11603,11601,3718
11604,11447,4663
11605,11603,11517
11606,11605,584
11607,3516,2905
11608,11475,4647
11609,11115,2214
11610,11513,4926
11611,11562,11544
11612,10681,9894
11613,11606,11536
11614,10952,10614
11615,11610,121
11616,11466,5655
11617,11590,11094
11618,11486,11479
11619,11586,11528
11620,11613,11400
11621,11502,1213
11622,11543,11434
11623,11574,2780
11624,11540,308
11625,11620,941
11626,11369,10357
11627,11490,11412
11628,11565,11461
11629,11449,11278
11630,11472,11451
11631,11625,11587
11632,11223,592
11633,11126,8807
11634,3597,3067
11635,11594,5857
11636,11559,11060
11637,11631,621
11638,11444,11312
11639,11638,11373
11640,3659,1229
11641,11588,864
11642,11425,5372
11643,4905,3779
11644,11637,11611
11645,11644,11530
11646,11581,11364
11647,11623,11489
11648,953,321
11649,11537,11313
11650,11506,5169
11651,11645,11259
11652,11651,690
11653,11619,589
11654,10575,3361
11655,10794,578
11656,11569,11509
11657,4277,1769
11658,4829,1464
11659,11443,11402
11660,11635,4321
11661,11660,11636
11662,11564,2888
11663,11652,11584
11664,11547,11426
11665,11650,10514
11666,11663,2488
11667,11491,847
11668,11553,785
11669,11646,11580
11670,11041,3999
11671,11616,2681
11672,11666,11394
11673,11672,782
11674,11523,1511
11675,11445,10678
11676,11675,10109
11677,11676,3628
11678,11677,4547
11679,11662,2709
11680,11618,11247
11681,11468,5613
11682,11673,2126
11683,11682,5284
11684,11477,3562
11685,11597,11355
11686,11683,2044
11687,11557,462
11688,11686,3357
11689,11688,11628
11690,11689,11548
11691,11640,11552
11692,11592,11496
11693,11609,11570
11694,11690,1735
11695,11694,1698
11696,2606,938
11697,11661,11520
11698,11695,11576
11699,11692,11378
11700,11698,5158
11701,11700,11647
11702,11671,1969
11703,4003,2144
11704,11568,2823
11705,2142,132
11706,11685,11680
11707,11656,5260
11708,11617,11591
11709,11701,11585
11710,11709,11356
11711,11317,5546
11712,11649,11567
11713,11533,11046
11714,3994,677
11715,11604,7658
11716,11710,5173
11717,11716,11667
11718,1288,1222
11719,11664,11608
11720,11717,3963
11721,11659,525
11722,11627,2702
11723,11702,11589
11724,11720,1115
11725,11678,4996
11726,4811,2923
11727,11697,11598
11728,11510,2017
11729,11724,11718
11730,11729,11579
11731,11730,386
11732,11731,11712
11733,11732,1607
11734,11474,64
11735,11725,10937
11736,11733,11596
11737,11736,11556
11738,11294,5595
11739,11632,991
11740,11566,728
11741,11511,3652
11742,11665,71
11743,11573,11507
11744,11699,11693
11745,11744,11691
11746,4904,2566
11747,11399,2942
11748,379,277
11749,2541,22
11750,11615,1705
11751,11143,1678
11752,11737,4558
11753,11752,2321
11754,11515,4514
11755,11728,11542
11756,3936,2032
11757,11721,5218
11758,11753,3810
11759,11599,11529
11760,11668,11575
11761,11758,11750
11762,11705,5896
11763,11642,11516
11764,11674,11630
11765,11583,4090
11766,11703,5788
11767,11626,11427
11768,11761,5275
11769,11681,1302
11770,4867,973
11771,11602,11508
11772,11757,11722
11773,11706,11653
11774,11768,11723
11775,11774,11714
11776,11775,11572
11777,954,870
11778,9924,3070
11779,11771,11727
11780,11776,5114
11781,11780,858
11782,11781,11321
11783,3196,1842
11784,11764,11648
11785,11657,1389
11786,11282,11183
11787,11612,11595
11788,11779,11545
11789,11629,668
11790,11789,11745
11791,11641,5541
11792,11782,11719
11793,11792,11741
11794,11793,11769
11795,11794,11734
11796,2061,1830
11797,11795,5018
11798,11784,11743
11799,11797,11696
11800,11708,3093
11801,11799,11669
11802,11801,3542
11803,11802,11498
11804,10764,3180
11805,11707,2819
11806,11805,2628
11807,11739,11735
11808,11807,11550
11809,11670,11419
11810,11495,4789
11811,11643,3862
11812,11806,11713
11813,11593,11150
11814,11803,3654
11815,11526,5612
11816,11634,3765
11817,11814,11726
11818,11817,11790
11819,11711,871
11820,11494,4607
11821,1296,1023
11822,11759,11633
11823,11747,11621
11824,11816,11788
11825,11824,11760
11826,11825,3794
11827,11818,1455
11828,3937,267
11829,11715,5366
11830,11827,11821
11831,11830,11819
11832,11831,11582
11833,11832,5041
11834,11833,3548
11835,11704,11679
11836,11763,2363
11837,11809,11755
11838,5845,3655
11839,11773,11560
11840,11839,2906
11841,11826,101
11842,11841,11381
11843,11834,11787
11844,11738,4155
11845,11843,2800
11846,11845,2706
11847,5464,2989
11848,11796,4601
11849,11846,11810
11850,11849,11822
11851,11622,2512
11852,11842,11765
11853,11852,11840
11854,11791,11742
11855,11850,3692
11856,11800,11522
11857,11772,5477
11858,5969,1060
11859,1522,718
11860,11639,3942
11861,4402,2841
11862,11855,563
11863,11820,4625
11864,2909,754
11865,11813,11549
11866,4323,1906
11867,11862,1236
11868,11867,11857
11869,11746,4651
11870,11812,11751
11871,11868,11295
11872,11871,402
11873,11749,11740
11874,11856,11554
11875,11865,11853
11876,4785,4678
11877,11872,1542
11878,11877,11607
11879,11878,11798
11880,11879,11811
11881,5968,3323
11882,11880,11828
11883,11882,596
11884,11883,11815
11885,3511,2587
11886,11875,3780
11887,11884,513
11888,11684,380
11889,11874,11770
11890,11658,11654
11891,11886,5721
11892,11889,4976
11893,11777,3174
11894,11624,1519
11895,11860,11829
11896,11895,8873
11897,11887,11858
11898,11897,11785
11899,11898,11762
11900,11899,11614
11901,11900,11835
11902,2826,1436
11903,11861,11766
11904,11901,11655
11905,11851,11767
11906,11891,917
11907,11904,11902
11908,11907,11844
11909,11908,3926
11910,4783,3191
11911,11906,11863
11912,11864,930
11913,11909,11501
11914,11913,11778
11915,11914,5244
11916,11915,11837
11917,11916,11836
11918,11873,4427
11919,11911,11854
11920,11917,11754
11921,11888,11870
11922,11838,10859
11923,11920,393
11924,11918,11892
11925,11847,11756
11926,11894,11885
11927,11923,11881
11928,11927,11890
11929,11919,11786
11930,11928,3719
11931,11930,11823
11932,3141,160
11933,11929,11748
11934,11931,4186
11935,11934,11921
11936,11935,11926
11937,11869,3897
11938,11936,1953
11939,11938,5296
11940,11933,11876
11941,11905,11687
11942,11940,11859
11943,11942,4870
11944,11939,11903
11945,11944,11912
11946,11945,11866
11947,11896,4434
11948,11924,4947
11949,11943,2111
11950,11949,11808
11951,5801,3538
11952,11946,11893
11953,11952,2821
11954,11937,11314
11955,11953,156
11956,11955,2573
11957,11956,11948
11958,3777,3502
11959,11957,2147
11960,5904,34
11961,11959,4840
11962,11961,2626
11963,11962,11950
11964,11783,3030
11965,4172,3745
11966,11963,11947
11967,11966,1046
11968,11967,2683
11969,11941,534
11970,11922,11910
11971,5377,3746
11972,11960,651
11973,11968,5938
11974,11973,11969
11975,11974,11932
11976,11975,11848
11977,11976,11149
11978,11925,5881
11979,11978,3599
11980,11977,11804
11981,11980,11970
11982,11981,11958
11983,5413,3715
11984,11954,11951
11985,11982,4388
11986,11985,11979
11987,11986,5824
11988,11987,11984
11989,11972,11964
11990,11971,10640
11991,11988,3894
11992,11991,11990
11993,11992,3010
11994,11993,4683
11995,11994,5941
11996,11995,11983
11997,11989,11965
11998,11997,11996
