2000,1598,1013
2001,1242,433
2002,1281,33
2003,1315,1201
2004,1951,96
2005,1926,1857
2006,1096,390
2007,2001,1098
2008,2004,94
2009,2003,2000
2010,2007,53
2011,2002,1177
2012,409,207
2013,1219,1073
2014,2008,150
2015,2009,1357
2016,2005,41
2017,2010,2006
2018,477,117
2019,490,220
2020,389,20
2021,2013,1742
2022,1131,815
2023,2018,1084
2024,398,367
2025,1838,1544
2026,2017,215
2027,2026,77
2028,2011,1039
2029,2015,2014
2030,1567,47
2031,2021,1188
2032,2028,135
2033,2023,2019
2034,2022,1137
2035,1446,1018
2036,1649,1093
2037,1892,1154
2038,2031,1107
2039,1778,1133
2040,1220,79
2041,253,112
2042,1746,74
2043,1984,1349
2044,2029,124
2045,410,138
2046,151,86
2047,2025,1347
2048,285,75
2049,401,368
2050,2034,714
2051,1834,251
2052,1747,43
2053,2032,2016
2054,2044,204
2055,2050,2027
2056,1489,1478
2057,2054,1881
2058,1968,1777
2059,1481,353
2060,1150,1052
2061,2024,72
2062,2055,1195
2063,2035,1321
2064,2053,1676
2065,449,152
2066,1566,1265
2067,2043,2039
2068,237,89
2069,2012,1536
2070,231,107
2071,1734,1657
2072,2036,1840
2073,1661,501
2074,62,12
2075,2030,1675
2076,2040,1647
2077,453,261
2078,1275,1082
2079,2047,2038
2080,1513,880
2081,2049,392
2082,1825,1631
2083,2057,1425
2084,1051,465
2085,2033,170
2086,281,246
2087,1890,1523
2088,2045,354
2089,1342,963
2090,1772,1589
2091,2062,1423
2092,257,59
2093,2064,1504
2094,2056,1815
2095,1334,1272
2096,1433,357
2097,2037,742
2098,1424,413
2099,146,37
2100,2074,171
2101,2081,119
2102,2093,762
2103,2090,2083
2104,2102,901
2105,1959,168
2106,2091,1497
2107,429,403
2108,2094,2068
2109,1577,1035
2110,2073,722
2111,1979,73
2112,1928,115
2113,2097,2085
2114,1180,527
2115,1292,343
2116,2051,1430
2117,1283,1020
2118,2104,1400
2119,2103,2071
2120,2100,1329
2121,440,218
2122,371,243
2123,2110,2060
2124,1068,793
2125,2061,2020
2126,2088,2069
2127,1835,1605
2128,1924,1126
2129,2118,2072
2130,2080,1087
2131,2052,1821
2132,2095,1311
2133,1457,1132
2134,2111,2106
2135,2117,1708
2136,260,255
2137,1758,97
2138,2113,658
2139,2042,1338
2140,2079,2076
2141,2119,103
2142,2089,1814
2143,2123,2082
2144,1877,1320
2145,1193,1006
2146,1886,259
2147,2078,1141
2148,2138,987
2149,2121,2115
2150,1692,1537
2151,2129,1037
2152,2087,1266
2153,200,167
2154,1967,1856
2155,2134,2108
2156,1299,1282
2157,1757,460
2158,2107,2092
2159,2151,2112
2160,2139,1239
2161,2142,508
2162,1994,1615
2163,2058,1868
2164,2148,1991
2165,2075,2067
2166,2141,1306
2167,2086,442
2168,1125,626
2169,2166,1498
2170,219,15
2171,2063,1463
2172,439,108
2173,291,4
2174,2155,1737
2175,2159,1337
2176,2127,339
2177,2169,2150
2178,2120,310
2179,2149,2114
2180,1603,1548
2181,2130,1503
2182,1375,298
2183,1415,1251
2184,2122,270
2185,655,184
2186,2174,1114
2187,2140,1230
2188,2158,423
2189,2152,1885
2190,2177,1883
2191,2164,2046
2192,2175,344
2193,1646,1295
2194,2132,1368
2195,2187,1308
2196,470,51
2197,2126,88
2198,2170,906
2199,2190,2096
2200,2168,2116
2201,587,118
2202,2160,1505
2203,2066,1218
2204,2192,935
2205,2186,2124
2206,2165,1941
2207,2195,1386
2208,1557,192
2209,1471,1439
2210,2208,2179
2211,2204,1398
2212,2135,2059
2213,2143,1552
2214,2144,1017
2215,292,238
2216,307,252
2217,425,337
2218,1224,1168
2219,1876,360
2220,2098,199
2221,2211,1606
2222,2128,46
2223,2199,1434
2224,498,275
2225,2131,1590
2226,2205,2048
2227,370,304
2228,1382,1367
2229,2213,2202
2230,2194,1579
2231,2191,1291
2232,2207,1914
2233,2105,1917
2234,1530,1379
2235,1613,1529
2236,2200,2154
2237,236,202
2238,2099,1601
2239,2156,1333
2240,2161,1586
2241,420,318
2242,2163,1101
2243,106,42
2244,1860,1643
2245,2184,876
2246,2223,2218
2247,2197,1156
2248,2226,1422
2249,2239,1297
2250,1710,1216
2251,495,52
2252,2215,2101
2253,1040,287
2254,179,61
2255,2229,2221
2256,2181,1041
2257,2220,1894
2258,805,635
2259,2196,2188
2260,299,186
2261,334,258
2262,2147,1417
2263,2210,2153
2264,2232,1253
2265,1560,286
2266,1787,1591
2267,2248,1186
2268,1923,1648
2269,2267,838
2270,2146,1660
2271,2249,2198
2272,2193,1651
2273,2236,2230
2274,2182,2178
2275,2256,2246
2276,2255,1187
2277,2084,278
2278,2231,137
2279,2269,916
2280,1435,1028
2281,2125,1144
2282,1127,300
2283,2275,1034
2284,1473,1083
2285,1348,350
2286,1693,400
2287,1350,17
2288,2242,1585
2289,2219,1707
2290,2228,1602
2291,1206,196
2292,2212,892
2293,2233,1450
2294,2279,2278
2295,2241,272
2296,796,739
2297,1384,229
2298,860,776
2299,2250,1761
2300,2276,2273
2301,2225,2173
2302,2137,312
2303,2264,2245
2304,2171,2133
2305,2290,1164
2306,2070,2065
2307,2183,1370
2308,2283,778
2309,2206,1304
2310,2189,1429
2311,1913,1645
2312,2167,415
2313,2145,1091
2314,2266,1257
2315,2176,2109
2316,473,189
2317,879,28
2318,1274,1067
2319,545,500
2320,1376,923
2321,2298,2234
2322,1204,296
2323,2308,2262
2324,1095,476
2325,1919,1826
2326,2303,2222
2327,279,129
2328,984,70
2329,2041,143
2330,2077,223
2331,2209,1076
2332,2247,122
2333,1925,1810
2334,1079,610
2335,2172,6
2336,497,469
2337,1739,1580
2338,2271,1965
2339,1827,314
2340,407,317
2341,2281,263
2342,2294,1214
2343,1551,1002
2344,2162,1108
2345,2323,2270
2346,2305,2263
2347,2310,784
2348,1904,1393
2349,979,9
2350,2342,1390
2351,2261,346
2352,2299,2157
2353,1870,1562
2354,1543,416
2355,2300,2292
2356,2240,1111
2357,2272,2180
2358,397,104
2359,1237,765
2360,2214,1104
2361,491,313
2362,2338,1044
2363,2347,2288
2364,2302,91
2365,2295,161
2366,2350,1345
2367,2277,395
2368,1729,191
2369,1402,365
2370,1681,175
2371,249,210
2372,1572,424
2373,2216,280
2374,2314,2311
2375,1510,629
2376,2345,662
2377,2356,2257
2378,149,10
2379,2265,1211
2380,1614,1269
2381,1619,1516
2382,2309,975
2383,2244,915
2384,2253,493
2385,2376,2307
2386,2366,789
2387,2346,2282
2388,316,306
2389,1279,1085
2390,2355,2348
2391,2252,273
2392,2312,639
2393,2334,2326
2394,1976,1395
2395,972,736
2396,1686,363
2397,2260,351
2398,2385,1859
2399,2315,1507
2400,2332,412
2401,2317,1062
2402,2386,2328
2403,2301,1532
2404,2393,933
2405,2235,1167
2406,1247,790
2407,2398,1322
2408,2400,2390
2409,1394,434
2410,2387,2362
2411,1359,843
2412,2217,133
2413,2402,2274
2414,2344,1029
2415,1795,1358
2416,1748,1674
2417,1437,1210
2418,2203,1075
2419,2324,872
2420,2322,1319
2421,452,254
2422,2407,2353
2423,2403,2363
2424,2351,2254
2425,185,67
2426,2304,1312
2427,2238,1466
2428,2368,1839
2429,2422,1666
2430,2349,2289
2431,2340,438
2432,2389,1932
2433,2429,2419
2434,2404,1441
2435,2420,1768
2436,2293,949
2437,176,31
2438,1209,68
2439,2296,541
2440,2259,1032
2441,274,205
2442,1811,496
2443,2413,2379
2444,2377,1117
2445,457,56
2446,2373,256
2447,134,81
2448,1408,529
2449,1033,862
2450,2401,791
2451,1372,1353
2452,2433,1022
2453,2434,1611
2454,2436,358
2455,2408,2321
2456,2375,849
2457,2359,2331
2458,2313,750
2459,2443,517
2460,2399,686
2461,2319,712
2462,2450,940
2463,1410,1340
2464,1622,1456
2465,2280,1285
2466,2341,109
2467,2360,1129
2468,2432,2374
2469,1327,694
2470,1824,1803
2471,2423,194
2472,2396,2392
2473,2460,2201
2474,2286,1313
2475,2455,1217
2476,2452,1122
2477,2462,2459
2478,2405,1445
2479,426,187
2480,1691,1452
2481,2440,2320
2482,178,84
2483,2406,781
2484,2327,1549
2485,2391,232
2486,1697,1324
2487,2431,266
2488,2354,1502
2489,2333,283
2490,481,87
2491,451,130
2492,504,319
2493,2439,579
2494,2430,1927
2495,2453,2284
2496,2444,2394
2497,2476,2418
2498,1973,1119
2499,468,111
2500,1820,435
2501,2467,1677
2502,2475,1818
2503,2285,1181
2504,2409,475
2505,2494,1950
2506,2382,13
2507,1170,572
2508,2426,1009
2509,2337,1351
2510,2477,540
2511,2502,1184
2512,2251,63
2513,1863,1030
2514,1952,1625
2515,2478,2384
2516,2497,2361
2517,1916,1116
2518,2427,1323
2519,2372,2365
2520,2511,2383
2521,944,800
2522,2352,1714
2523,2493,2473
2524,2456,710
2525,1280,1149
2526,2516,1704
2527,2520,2370
2528,480,233
2529,2485,1655
2530,2243,341
2531,2227,1776
2532,2495,2357
2533,2447,203
2534,2316,333
2535,2481,1113
2536,2395,1414
2537,2466,2297
2538,1833,993
2539,2381,1365
2540,2527,746
2541,2471,659
2542,1749,411
2543,467,322
2544,2378,348
2545,2454,1521
2546,2449,2410
2547,2480,2415
2548,1819,772
2549,2329,1
2550,2532,803
2551,1175,1094
2552,2510,2435
2553,2515,2417
2554,2451,2367
2555,2472,148
2556,461,406
2557,2526,1461
2558,1709,1599
2559,717,528
2560,2457,705
2561,2552,1396
2562,2496,419
2563,2557,2541
2564,1361,1238
2565,1903,1571
2566,2518,1451
2567,1515,383
2568,2524,1784
2569,2540,846
2570,2224,24
2571,2464,2428
2572,2508,1159
2573,2569,2546
2574,387,144
2575,1243,995
2576,2325,2136
2577,2364,1134
2578,2561,2424
2579,2512,418
2580,1642,1624
2581,2484,1346
2582,1388,157
2583,1638,602
2584,1011,268
2585,1409,565
2586,2458,902
2587,604,436
2588,909,444
2589,2568,1061
2590,2573,2505
2591,1109,586
2592,2550,2461
2593,2554,2358
2594,1679,524
2595,2469,751
2596,1354,190
2597,2535,2185
2598,2339,1942
2599,2578,2553
2600,1831,1616
2601,2539,2501
2602,1980,1454
2603,1721,1183
2604,1780,1563
2605,1008,58
2606,2468,2318
2607,2414,1069
2608,2523,1016
2609,2590,2335
2610,2562,2504
2611,1569,1194
2612,2522,1740
2613,2537,1936
2614,2592,1626
2615,2503,1852
2616,2563,2488
2617,990,606
2618,2421,361
2619,2572,325
2620,2438,1064
2621,165,30
2622,1191,588
2623,2589,2474
2624,2599,1050
2625,2616,904
2626,1594,836
2627,1066,166
2628,1983,1250
2629,982,741
2630,1484,441
2631,1878,716
2632,2397,139
2633,2483,865
2634,1670,1561
2635,2624,2617
2636,2506,598
2637,2609,1263
2638,2268,1244
2639,347,327
2640,2637,1426
2641,2507,928
2642,2640,2608
2643,1665,1215
2644,2560,38
2645,1493,1189
2646,2517,2369
2647,1986,929
2648,1472,1136
2649,2635,874
2650,1535,1014
2651,2625,2566
2652,2620,1403
2653,2597,2521
2654,1897,1527
2655,2595,1862
2656,2636,2545
2657,2529,2487
2658,2559,1391
2659,2614,2596
2660,1641,672
2661,2463,510
2662,297,201
2663,2258,1832
2664,2610,1146
2665,2651,856
2666,2619,924
2667,1568,1499
2668,2564,622
2669,2587,748
2670,2536,1634
2671,2558,1221
2672,1850,331
2673,2291,1197
2674,2343,691
2675,2482,499
2676,1431,701
2677,2665,1793
2678,2565,248
2679,2499,211
2680,2448,1872
2681,2649,1305
2682,2677,562
2683,2642,2571
2684,2446,2442
2685,1058,848
2686,2644,743
2687,2519,454
2688,1362,692
2689,2577,2531
2690,2681,1694
2691,2612,2416
2692,1559,1371
2693,2683,2588
2694,2682,734
2695,2659,1701
2696,2486,878
2697,2598,1934
2698,2586,503
2699,2425,1700
2700,1690,1267
2701,2530,147
2702,2695,1716
2703,2694,1945
2704,2538,2287
2705,2513,601
2706,1639,1155
2707,2606,1072
2708,2703,740
2709,2655,2555
2710,2693,936
2711,2710,1786
2712,1957,1459
2713,2465,1508
2714,685,214
2715,2600,1891
2716,446,408
2717,2544,422
2718,2664,1470
2719,2711,1995
2720,2547,1592
2721,2709,332
2722,2708,2582
2723,2702,605
2724,2719,2661
2725,1628,1151
2726,1972,576
2727,1783,1442
2728,2724,553
2729,988,977
2730,2549,193
2731,2660,1492
2732,2690,2686
2733,2722,1706
2734,2594,25
2735,2628,1128
2736,2728,669
2737,1120,593
2738,2633,234
2739,2733,2581
2740,2626,2380
2741,2718,2585
2742,2509,657
2743,2498,428
2744,2723,624
2745,2336,2306
2746,1609,1558
2747,2548,866
2748,2653,802
2749,1142,837
2750,2739,2330
2751,2736,761
2752,2514,719
2753,2657,2479
2754,1741,824
2755,1316,1160
2756,2411,1908
2757,2670,983
2758,2658,859
2759,1545,1166
2760,2492,303
2761,2720,2687
2762,2666,269
2763,342,80
2764,729,656
2765,966,698
2766,1494,1317
2767,2601,1325
2768,2748,1669
2769,2750,1152
2770,1233,745
2771,2707,2371
2772,1596,32
2773,2656,78
2774,2646,1024
2775,2769,2643
2776,2732,2605
2777,2741,2669
2778,2613,212
2779,2668,2623
2780,2692,459
2781,373,177
2782,1226,850
2783,1004,145
2784,2775,1901
2785,2679,1314
2786,1841,1658
2787,2528,225
2788,2543,430
2789,2751,715
2790,2784,1963
2791,2744,2652
2792,464,54
2793,2534,382
2794,2691,2654
2795,2713,1796
2796,2441,335
2797,2790,2731
2798,2776,2645
2799,1774,594
2800,2696,532
2801,2789,2771
2802,2768,1021
2803,2777,2489
2804,2798,2542
2805,2761,2738
2806,2779,2752
2807,1889,1468
2808,2797,808
2809,2801,1966
2810,471,448
2811,2804,2629
2812,2556,164
2813,1407,1192
2814,2753,240
2815,2650,2575
2816,2808,814
2817,1939,650
2818,1460,1309
2819,1672,93
2820,2525,1420
2821,2721,913
2822,2607,1600
2823,2754,1790
2824,2791,825
2825,2671,443
2826,2729,1766
2827,2767,2647
2828,2717,66
2829,2809,2551
2830,1182,1047
2831,2698,2680
2832,1449,381
2833,2641,1800
2834,2734,2615
2835,2773,2757
2836,2712,2603
2837,2811,2704
2838,2816,2799
2839,1453,197
2840,2824,1328
2841,1854,1145
2842,2829,1964
2843,2678,1804
2844,1823,1118
2845,2840,2838
2846,1428,1097
2847,777,55
2848,1982,1185
2849,2632,2491
2850,2803,2755
2851,2821,957
2852,2689,2533
2853,2842,2826
2854,955,567
2855,336,213
2856,2746,2727
2857,1779,114
2858,1048,217
2859,2802,1785
2860,559,558
2861,614,547
2862,1581,92
2863,2819,1788
2864,1993,1234
2865,1576,896
2866,1989,888
2867,2780,1671
2868,2835,2567
2869,2853,1496
2870,1588,208
2871,2848,2742
2872,2630,2583
2873,2762,377
2874,1196,943
2875,2833,1582
2876,2631,571
2877,2794,2700
2878,2705,546
2879,2869,2859
2880,2851,2814
2881,2576,2
2882,2715,1745
2883,1907,1789
2884,2673,2570
2885,2602,1287
2886,768,328
2887,224,140
2888,2758,877
2889,2701,126
2890,2879,2831
2891,2611,2593
2892,1743,1715
2893,2805,1752
2894,2786,1636
2895,142,29
2896,2837,523
2897,2825,2699
2898,2500,1488
2899,2843,2756
2900,1352,599
2901,1668,1427
2902,427,345
2903,2772,1938
2904,2890,2888
2905,2845,812
2906,1019,539
2907,2896,136
2908,2850,985
2909,2237,169
2910,2697,1627
2911,2818,99
2912,2806,2770
2913,1258,506
2914,492,110
2915,2905,2807
2916,2817,544
2917,2827,1174
2918,2877,1038
2919,2634,180
2920,1163,927
2921,1684,548
2922,1369,352
2923,2855,1656
2924,2684,2618
2925,2908,2867
2926,2685,758
2927,2862,2676
2928,2873,822
2929,2774,1575
2930,1620,7
2931,2904,1363
2932,2912,2871
2933,141,102
2934,2813,1078
2935,958,302
2936,2931,1816
2937,2907,2714
2938,2936,2878
2939,2938,839
2940,2836,2730
2941,1685,1298
2942,2844,764
2943,2880,1654
2944,1875,85
2945,2674,2470
2946,1474,16
2947,2785,1232
2948,2584,1909
2949,2893,1310
2950,123,23
2951,2937,2847
2952,2918,2688
2953,2939,1477
2954,2743,155
2955,1808,1476
2956,305,162
2957,2863,2782
2958,1817,1623
2959,2823,2747
2960,1360,886
2961,1479,538
2962,2815,1802
2963,2778,1864
2964,2953,1546
2965,2928,1722
2966,2765,1540
2967,2800,942
2968,2917,1005
2969,2726,795
2970,1147,1065
2971,2445,952
2972,2921,2876
2973,2915,2875
2974,2964,1007
2975,2834,1054
2976,432,21
2977,2951,831
2978,2977,2579
2979,2591,640
2980,2974,1161
2981,2737,898
2982,2926,209
2983,1326,554
2984,2916,542
2985,2980,590
2986,2973,2627
2987,1711,1071
2988,1241,1088
2989,2925,918
2990,2986,735
2991,2985,2846
2992,479,195
2993,1587,1199
2994,2885,970
2995,2787,2662
2996,2978,1385
2997,2962,2820
2998,549,518
2999,2990,2899
3000,920,700
3001,2991,1667
3002,2857,1805
3003,992,680
3004,1570,900
3005,2968,2725
3006,2648,1974
3007,2740,1855
3008,3001,1610
3009,1750,1637
3010,2949,2946
3011,2868,1806
3012,2795,1074
3013,2932,2866
3014,216,172
3015,1797,494
3016,1373,763
3017,2759,1525
3018,3008,1264
3019,1412,1318
3020,3018,1781
3021,2735,125
3022,293,262
3023,1556,623
3024,1759,643
3025,2929,2864
3026,1695,1682
3027,2716,2490
3028,1829,709
3029,2783,330
3030,3010,2849
3031,1207,766
3032,2967,2943
3033,2972,711
3034,3020,2903
3035,1763,934
3036,2788,2621
3037,2975,752
3038,2781,1294
3039,1130,1099
3040,2858,1055
3041,2910,1528
3042,2745,324
3043,3034,706
3044,3043,783
3045,2667,1724
3046,2989,660
3047,3007,989
3048,2999,1374
3049,2957,2706
3050,3044,3013
3051,2822,912
3052,2963,631
3053,2894,1531
3054,3048,3046
3055,2900,1564
3056,3011,2933
3057,2965,2766
3058,721,76
3059,3005,2897
3060,2930,806
3061,1421,1176
3062,2839,227
3063,2966,1341
3064,2812,49
3065,1307,667
3066,2947,1541
3067,2828,1719
3068,3050,683
3069,301,288
3070,2971,1268
3071,1331,564
3072,2672,1578
3073,326,128
3074,2891,466
3075,1999,1998
3076,3062,2996
3077,2934,1411
3078,2997,873
3079,1921,1053
3080,1387,1249
3081,3025,841
3082,3031,731
3083,3068,1782
3084,2760,83
3085,3032,1844
3086,2922,1100
3087,3077,3054
3088,1026,153
3089,2994,2942
3090,3083,2901
3091,1702,372
3092,3056,1997
3093,1042,704
3094,3055,1595
3095,2954,396
3096,3076,1278
3097,3090,1584
3098,2870,320
3099,1289,414
3100,3002,2979
3101,1775,241
3102,1200,820
3103,3097,1736
3104,3087,2955
3105,3040,2604
3106,3103,627
3107,463,113
3108,2945,1404
3109,3030,1798
3110,2852,1380
3111,3057,744
3112,3037,607
3113,1703,818
3114,2959,2856
3115,3106,1644
3116,3096,2895
3117,932,183
3118,1336,1190
3119,282,127
3120,3081,759
3121,3115,2872
3122,2920,1355
3123,3052,1760
3124,3116,1689
3125,3003,3000
3126,1343,1059
3127,2940,226
3128,1539,455
3129,3104,842
3130,3124,775
3131,2914,474
3132,3121,2927
3133,2998,994
3134,3047,3004
3135,1335,801
3136,3085,1364
3137,295,69
3138,2881,819
3139,1981,1718
3140,3026,271
3141,3129,3093
3142,2832,1500
3143,1943,1106
3144,3108,845
3145,3041,1356
3146,3130,688
3147,3092,1653
3148,1633,1012
3149,3141,3066
3150,3131,1985
3151,1756,889
3152,159,36
3153,3149,749
3154,3038,613
3155,3012,708
3156,3033,779
3157,3045,2969
3158,1971,1255
3159,3132,895
3160,3111,828
3161,3009,2948
3162,3146,851
3163,3120,2984
3164,1248,1173
3165,3159,899
3166,1225,830
3167,3153,1538
3168,3051,2764
3169,3016,2913
3170,3105,1612
3171,2981,1169
3172,1526,925
3173,1728,1509
3174,3162,2889
3175,3167,3094
3176,3006,620
3177,3165,1203
3178,3177,3109
3179,3136,679
3180,3157,2982
3181,3114,3053
3182,2911,2892
3183,3175,1822
3184,3160,603
3185,3178,3029
3186,3183,804
3187,3059,702
3188,2924,2796
3189,3123,1853
3190,2865,1260
3191,375,309
3192,3179,3163
3193,3049,39
3194,3134,581
3195,3186,3151
3196,2952,760
3197,3147,2906
3198,3067,3064
3199,2749,948
3200,355,173
3201,1440,456
3202,3187,3174
3203,3195,1884
3204,3065,619
3205,2860,673
3206,3078,2902
3207,2983,2854
3208,3197,1300
3209,3112,887
3210,2958,2882
3211,1895,1744
3212,3203,1920
3213,3185,792
3214,2580,881
3215,2675,2412
3216,1662,482
3217,3155,3110
3218,3089,893
3219,3042,2793
3220,1231,1171
3221,3212,3180
3222,3189,3017
3223,1031,937
3224,3192,3075
3225,3082,767
3226,2944,2919
3227,3019,585
3228,3221,1547
3229,3168,3138
3230,3213,3063
3231,3230,3194
3232,3184,1871
3233,3133,1245
3234,1405,813
3235,2887,1555
3236,1935,1485
3237,2909,250
3238,3084,2970
3239,3202,969
3240,3228,561
3241,3125,882
3242,3222,1958
3243,1912,1762
3244,3208,3140
3245,3176,3021
3246,3143,844
3247,2961,615
3248,3205,3118
3249,3231,3028
3250,3181,2622
3251,1448,1235
3252,3196,1080
3253,2941,1733
3254,3240,3169
3255,3232,670
3256,3249,730
3257,2898,8
3258,1261,630
3259,3256,511
3260,1765,1726
3261,3022,1618
3262,3241,1092
3263,3098,2993
3264,1514,276
3265,3254,3218
3266,1922,1520
3267,2841,526
3268,3265,3079
3269,3238,1640
3270,1003,649
3271,3262,3190
3272,3268,857
3273,3242,1880
3274,3259,520
3275,3145,3101
3276,1996,678
3277,3272,3224
3278,3274,3206
3279,3217,1847
3280,3255,1490
3281,2663,399
3282,3244,1227
3283,1621,707
3284,3023,723
3285,3095,364
3286,3226,1597
3287,3286,3239
3288,3201,1240
3289,3144,724
3290,3209,2960
3291,3278,1899
3292,3280,868
3293,3291,3233
3294,2792,485
3295,3086,1271
3296,1378,1344
3297,3100,608
3298,3282,799
3299,3070,1738
3300,3293,2995
3301,3182,3139
3302,3273,1482
3303,3300,3071
3304,2810,1918
3305,3252,3039
3306,3303,1727
3307,3171,431
3308,3306,3225
3309,1001,514
3310,3074,188
3311,3289,646
3312,405,338
3313,3308,3292
3314,3091,1723
3315,2638,1121
3316,3035,2886
3317,3302,45
3318,3301,699
3319,3313,829
3320,1475,222
3321,3277,926
3322,3113,1512
3323,3319,905
3324,3170,3161
3325,3298,637
3326,3156,747
3327,3323,894
3328,2884,757
3329,3229,595
3330,3014,3
3331,3287,1975
3332,1077,228
3333,3214,1178
3334,3219,3027
3335,3253,1124
3336,3058,981
3337,3102,867
3338,1593,1205
3339,1699,965
3340,3290,960
3341,3321,3318
3342,3248,671
3343,356,35
3344,2987,1731
3345,340,181
3346,3257,105
3347,3325,3297
3348,3331,3204
3349,3340,3279
3350,1879,374
3351,3036,19
3352,3199,1929
3353,3258,3061
3354,1807,703
3355,3307,3245
3356,1978,1153
3357,3341,1469
3358,3299,552
3359,3295,3250
3360,3348,2437
3361,3210,264
3362,1902,5
3363,3327,875
3364,3326,737
3365,3237,484
3366,3275,3127
3367,2830,648
3368,3357,634
3369,3342,773
3370,3311,914
3371,3271,618
3372,3351,3150
3373,3368,3339
3374,3363,557
3375,2639,27
3376,472,206
3377,3374,531
3378,1049,1015
3379,1688,907
3380,3166,617
3381,3373,3309
3382,3024,1664
3383,3381,1770
3384,3377,3360
3385,3324,1801
3386,1339,40
3387,1882,797
3388,3383,551
3389,1866,1284
3390,3173,1270
3391,3128,1045
3392,3088,2935
3393,3388,769
3394,3393,974
3395,3211,1849
3396,3329,2874
3397,3223,1680
3398,3394,3337
3399,483,26
3400,1043,515
3401,3305,1629
3402,3158,1303
3403,1955,1381
3404,3269,3191
3405,1110,664
3406,3148,945
3407,3154,384
3408,537,536
3409,863,675
3410,3401,3398
3411,1491,1486
3412,311,244
3413,3310,95
3414,3315,939
3415,3080,1148
3416,120,100
3417,3198,265
3418,3015,684
3419,3385,3294
3420,3107,855
3421,2574,329
3422,3379,1081
3423,3354,3347
3424,3234,1915
3425,3220,1673
3426,3193,1112
3427,3072,1988
3428,3304,1458
3429,1277,645
3430,3408,580
3431,488,198
3432,3410,1960
3433,3370,3260
3434,3216,1874
3435,3396,3164
3436,3432,3317
3437,3384,3358
3438,3281,378
3439,3060,999
3440,3122,922
3441,391,323
3442,3328,1506
3443,3404,1843
3444,3359,1896
3445,771,284
3446,3236,1799
3447,3436,3263
3448,3247,3117
3449,3367,885
3450,1089,1000
3451,861,522
3452,3346,447
3453,2861,1254
3454,3349,3172
3455,1501,445
3456,3443,3419
3457,3364,3267
3458,921,666
3459,3447,810
3460,908,385
3461,3407,2976
3462,3350,1663
3463,3361,1962
3464,3433,3261
3465,3235,1725
3466,3437,3142
3467,3270,1139
3468,3376,230
3469,3344,3227
3470,3246,1905
3471,3459,163
3472,3414,3369
3473,3330,366
3474,3471,533
3475,1977,1392
3476,3439,1956
3477,3444,1873
3478,3466,1135
3479,3474,1057
3480,1836,1483
3481,3152,2992
3482,3478,809
3483,3479,3371
3484,3423,1900
3485,3135,1273
3486,3482,3283
3487,3458,3392
3488,1010,638
3489,3486,3422
3490,919,315
3491,3284,3264
3492,689,131
3493,3314,1332
3494,3320,3073
3495,3483,3335
3496,1583,1063
3497,976,727
3498,3266,3188
3499,3495,1138
3500,3499,713
3501,3405,720
3502,3285,1933
3503,1771,1687
3504,3489,509
3505,3500,1861
3506,3316,1554
3507,3426,573
3508,3477,3472
3509,3505,1650
3510,3509,931
3511,3504,478
3512,3510,3446
3513,971,823
3514,3511,786
3515,1987,853
3516,3512,1259
3517,3413,3400
3518,3461,3454
3519,2923,653
3520,3399,3069
3521,3514,3378
3522,3457,1228
3523,3516,3470
3524,3355,3288
3525,359,235
3526,3523,780
3527,3521,951
3528,3484,964
3529,903,891
3530,3435,625
3531,3415,3207
3532,3527,521
3533,3366,652
3534,3526,1712
3535,3532,3397
3536,3535,3448
3537,2956,458
3538,3276,1767
3539,3464,3338
3540,3099,967
3541,3382,1970
3542,959,956
3543,3452,1056
3544,3365,1848
3545,3450,3428
3546,3528,1419
3547,816,174
3548,3536,642
3549,3449,597
3550,3534,1517
3551,3550,3545
3552,3551,3520
3553,3531,1397
3554,3507,1465
3555,3502,3406
3556,3548,535
3557,1887,1846
3558,794,487
3559,1432,560
3560,3372,486
3561,3552,3430
3562,3333,1812
3563,3352,1954
3564,3556,884
3565,1208,681
3566,3561,3456
3567,3417,3137
3568,3539,3508
3569,3567,2883
3570,3524,3496
3571,1495,1301
3572,3487,376
3573,3467,3418
3574,3546,1416
3575,1162,574
3576,3574,3530
3577,3462,116
3578,3533,3420
3579,3566,1632
3580,3411,946
3581,3564,591
3582,1751,798
3583,1550,811
3584,3549,3518
3585,3581,3578
3586,3390,674
3587,3517,3493
3588,3563,3421
3589,3438,1851
3590,3490,417
3591,3519,3243
3592,3440,3345
3593,3442,1524
3594,3554,3336
3595,3579,1157
3596,3322,911
3597,3595,3491
3598,3386,1444
3599,3597,854
3600,3455,242
3601,3599,3501
3602,182,11
3603,3463,3215
3604,3506,3356
3605,1630,362
3606,3585,3425
3607,3594,3570
3608,3601,696
3609,3469,1732
3610,3498,3465
3611,3593,3565
3612,3522,3380
3613,3555,1659
3614,1713,1683
3615,3395,1948
3616,3606,693
3617,3608,641
3618,3584,3562
3619,1931,826
3620,1865,1102
3621,3616,697
3622,1212,633
3623,3617,3538
3624,3621,3542
3625,3375,158
3626,3353,98
3627,3623,1090
3628,2950,388
3629,3627,3587
3630,3540,3126
3631,3557,1911
3632,3529,575
3633,3629,3622
3634,3402,725
3635,3580,1791
3636,3624,1792
3637,3513,996
3638,1418,1246
3639,3636,3515
3640,3633,3568
3641,3429,1296
3642,3296,90
3643,3451,755
3644,3596,1930
3645,3639,807
3646,3645,663
3647,1025,14
3648,3646,3586
3649,1447,1036
3650,3648,570
3651,3577,57
3652,3603,3453
3653,3391,1286
3654,3650,3611
3655,3654,1947
3656,3640,3409
3657,1366,1262
3658,3332,1401
3659,3497,1608
3660,3618,3609
3661,3656,3559
3662,3610,3560
3663,3362,1893
3664,3613,1753
3665,1553,774
3666,3431,2763
3667,3600,3481
3668,3655,1443
3669,1940,890
3670,1717,154
3671,1252,654
3672,3543,609
3673,3583,3476
3674,1573,1533
3675,1143,519
3676,3668,3553
3677,2988,1213
3678,3676,961
3679,3661,616
3680,1944,1276
3681,3679,530
3682,3649,3480
3683,3681,1837
3684,3488,827
3685,3678,3588
3686,3614,3582
3687,3683,3665
3688,3687,1202
3689,1730,245
3690,3485,3424
3691,3685,3635
3692,3691,1604
3693,3607,1937
3694,3688,3644
3695,3634,1406
3696,3694,817
3697,3692,583
3698,3697,369
3699,3576,834
3700,3631,1290
3701,3343,3119
3702,3638,3572
3703,3696,505
3704,3547,869
3705,3703,1910
3706,3503,726
3707,3698,968
3708,3705,1413
3709,3707,910
3710,3643,611
3711,3708,3700
3712,3709,3620
3713,832,568
3714,3711,489
3715,3714,600
3716,3637,556
3717,3712,3632
3718,3699,883
3719,3718,3619
3720,3715,3647
3721,3717,3460
3722,3416,3312
3723,3720,676
3724,3660,636
3725,3723,1754
3726,3724,682
3727,3251,60
3728,3725,835
3729,3728,3626
3730,3693,3664
3731,3475,239
3732,512,65
3733,3544,82
3734,3651,3537
3735,3729,3702
3736,1223,1165
3737,3721,1140
3738,3735,1467
3739,3738,1293
3740,3604,1794
3741,3739,569
3742,3737,3682
3743,3741,756
3744,1617,1105
3745,3673,3589
3746,3743,3726
3747,437,50
3748,3494,450
3749,3695,1828
3750,3434,3403
3751,3671,1867
3752,3742,3558
3753,3752,695
3754,3704,753
3755,3387,1755
3756,3657,1773
3757,3690,1172
3758,3753,733
3759,3612,3389
3760,3758,582
3761,1103,661
3762,3719,3713
3763,998,555
3764,3733,221
3765,3672,3591
3766,3710,294
3767,3760,543
3768,3762,0
3769,1229,897
3770,3767,3730
3771,3749,3746
3772,3615,3569
3773,1949,770
3774,3771,1990
3775,3764,18
3776,3768,3757
3777,3774,3675
3778,577,507
3779,3663,3628
3780,3777,3653
3781,3740,3731
3782,947,687
3783,3780,3776
3784,1809,404
3785,3670,1813
3786,3642,3605
3787,950,612
3788,3770,1027
3789,3769,3630
3790,3783,3686
3791,1720,1565
3792,3788,1696
3793,3744,3492
3794,3792,3732
3795,3794,3772
3796,3666,3662
3797,3759,1511
3798,3669,1652
3799,3575,628
3800,3773,986
3801,3677,1158
3802,3745,48
3803,3748,3684
3804,1858,1377
3805,3790,732
3806,3795,3441
3807,1888,525
3808,3806,1534
3809,3716,647
3810,3808,349
3811,3805,3659
3812,3811,3763
3813,3590,870
3814,1869,1635
3815,3786,3541
3816,3810,833
3817,3473,3468
3818,3816,1070
3819,3818,3736
3820,1946,1487
3821,3819,1764
3822,3796,1961
3823,3812,3592
3824,3823,632
3825,3824,3800
3826,3822,3734
3827,3791,1222
3828,3680,1399
3829,3782,840
3830,3821,321
3831,3830,3797
3832,3825,787
3833,3832,644
3834,3652,3334
3835,3831,1574
3836,3833,1179
3837,973,566
3838,1389,738
3839,3836,621
3840,3829,3787
3841,3839,3804
3842,3841,3802
3843,3835,3706
3844,3727,2388
3845,3843,1480
3846,3845,677
3847,3842,3827
3848,3847,3641
3849,550,290
3850,3846,3667
3851,3809,788
3852,3850,1698
3853,3848,3799
3854,3853,3674
3855,3852,665
3856,3855,1060
3857,3781,785
3858,3856,3571
3859,1992,1383
3860,3779,277
3861,3858,690
3862,852,589
3863,3854,1288
3864,3863,516
3865,3864,1115
3866,3861,584
3867,3866,121
3868,3865,941
3869,3789,3761
3870,991,592
3871,3573,962
3872,3200,1123
3873,3867,3598
3874,3868,3793
3875,1705,1198
3876,3874,3798
3877,3873,1086
3878,1519,980
3879,3876,1735
3880,3826,44
3881,3879,847
3882,3851,3658
3883,3877,953
3884,3755,782
3885,3765,978
3886,3881,3766
3887,3886,3840
3888,3887,394
3889,3813,954
3890,3701,421
3891,3888,3880
3892,3885,3860
3893,3857,3837
3894,3891,858
3895,3883,821
3896,3895,3412
3897,3896,3754
3898,3803,668
3899,3897,3872
3900,3899,3894
3901,3814,1518
3902,3838,1769
3903,3893,3722
3904,3751,1969
3905,3900,3884
3906,3849,1542
3907,3882,3862
3908,3869,3859
3909,3905,386
3910,3817,379
3911,3871,1898
3912,3834,3750
3913,3890,3525
3914,3910,3747
3915,3909,1607
3916,3427,864
3917,3801,1302
3918,3903,3815
3919,3904,3875
3920,3916,3778
3921,3756,289
3922,3915,1438
3923,3922,3914
3924,3923,3919
3925,3908,3892
3926,3911,3820
3927,3602,393
3928,3784,1436
3929,3920,3625
3930,3924,938
3931,3930,3913
3932,3931,3898
3933,3925,1845
3934,1455,1256
3935,3889,22
3936,3912,3870
3937,3932,1023
3938,3878,308
3939,1522,718
3940,3445,578
3941,3937,3926
3942,3941,563
3943,3942,3934
3944,3907,871
3945,1330,462
3946,3943,596
3947,3946,402
3948,3936,3689
3949,3902,3807
3950,3918,728
3951,3950,3928
3952,3947,3906
3953,3952,502
3954,3948,101
3955,930,754
3956,3951,3935
3957,3953,1462
3958,3957,1678
3959,3958,513
3960,3959,267
3961,3960,3785
3962,3954,3901
3963,3961,1236
3964,3844,3775
3965,247,64
3966,3949,3944
3967,3965,3963
3968,3967,3917
3969,3966,3933
3970,3968,3956
3971,3962,997
3972,1953,1464
3973,1830,71
3974,3969,3929
3975,3970,3938
3976,3975,1906
3977,3976,132
3978,3977,3927
3979,3971,34
3980,3828,917
3981,3978,3972
3982,3981,3955
3983,3982,3974
3984,3983,156
3985,3921,380
3986,3984,3980
3987,3986,1046
3988,3973,3945
3989,3987,3985
3990,3940,160
3991,3989,3964
3992,3991,3990
3993,3992,534
3994,3979,3939
3995,3994,1842
3996,3995,3988
3997,3996,651
3998,3997,3993
