2000,1598,1013
2001,1242,433
2002,1281,33
2003,1315,1201
2004,1951,96
2005,1926,1857
2006,1096,390
2007,2001,1098
2008,2004,94
2009,2003,2000
2010,2007,53
2011,2002,1177
2012,409,207
2013,1219,1073
2014,2008,150
2015,2009,1357
2016,2005,41
2017,2010,2006
2018,477,117
2019,490,220
2020,389,20
2021,2013,1742
2022,1131,815
2023,2018,1084
2024,398,367
2025,1838,1544
2026,2017,215
2027,2026,77
2028,2011,1039
2029,2015,2014
2030,1567,47
2031,2021,1188
2032,2028,135
2033,2023,2019
2034,2022,1137
2035,1446,1018
2036,1649,1093
2037,1892,1154
2038,2031,1107
2039,1778,1133
2040,1220,79
2041,253,112
2042,1746,74
2043,1984,1349
2044,2029,124
2045,410,138
2046,151,86
2047,2025,1347
2048,285,75
2049,401,368
2050,2034,714
2051,1834,251
2052,1747,43
2053,2032,2016
2054,2044,204
2055,2050,2027
2056,1489,1478
2057,2054,1881
2058,1968,1777
2059,1481,353
2060,1150,1052
2061,2024,72
2062,2055,1195
2063,2035,1321
2064,2053,1676
2065,449,152
2066,1566,1265
2067,2043,2039
2068,237,89
2069,2012,1536
2070,231,107
2071,1734,1657
2072,2036,1840
2073,1661,501
2074,62,12
2075,2030,1675
2076,2040,1647
2077,453,261
2078,1275,1082
2079,2047,2038
2080,1513,880
2081,2049,392
2082,1825,1631
2083,2057,1425
2084,1051,465
2085,2033,170
2086,281,246
2087,1890,1523
2088,2045,354
2089,1342,963
2090,1772,1589
2091,257,59
2092,2064,1504
2093,2056,1815
2094,2062,1423
2095,1334,1272
2096,1433,357
2097,2037,742
2098,1424,413
2099,146,37
2100,2074,171
2101,2081,119
2102,2092,762
2103,2090,2083
2104,2102,901
2105,1959,168
2106,2094,1497
2107,429,403
2108,2093,2068
2109,1577,1035
2110,2073,722
2111,1979,73
2112,1928,115
2113,2097,2085
2114,1180,527
2115,1292,343
2116,2051,1430
2117,1283,1020
2118,2104,1400
2119,2103,2071
2120,2100,1329
2121,440,218
2122,371,243
2123,2110,2060
2124,1068,793
2125,2061,2020
2126,2088,2069
2127,1835,1605
2128,1924,1126
2129,2118,2072
2130,2080,1087
2131,2052,1821
2132,2095,1311
2133,1457,1132
2134,2111,2106
2135,2117,1708
2136,260,255
2137,1758,97
2138,2113,658
2139,2042,1338
2140,2079,2076
2141,2119,103
2142,2089,1814
2143,2123,2082
2144,1877,1320
2145,1193,1006
2146,1886,259
2147,2078,1141
2148,2138,987
2149,2121,2115
2150,1692,1537
2151,2129,1037
2152,2087,1266
2153,200,167
2154,1967,1856
2155,2134,2108
2156,1299,1282
2157,1757,460
2158,2107,2091
2159,2151,2112
2160,2139,1239
2161,2142,508
2162,1994,1615
2163,2058,1868
2164,2148,1991
2165,2075,2067
2166,2141,1306
2167,2086,442
2168,1125,626
2169,2166,1498
2170,219,15
2171,2063,1463
2172,439,108
2173,291,4
2174,2155,1737
2175,2159,1337
2176,2127,339
2177,2169,2150
2178,2120,310
2179,2149,2114
2180,1603,1548
2181,2130,1503
2182,1375,298
2183,1415,1251
2184,2122,270
2185,655,184
2186,2174,1114
2187,2140,1230
2188,2158,423
2189,2152,1885
2190,2177,1883
2191,2164,2046
2192,2175,344
2193,1646,1295
2194,2132,1368
2195,2187,1308
2196,470,51
2197,2126,88
2198,2170,906
2199,2190,2096
2200,2168,2116
2201,587,118
2202,2160,1505
2203,2066,1218
2204,2192,935
2205,2186,2124
2206,2165,1941
2207,2195,1386
2208,1557,192
2209,1471,1439
2210,2208,2179
2211,2204,1398
2212,2135,2059
2213,2143,1552
2214,2144,1017
2215,292,238
2216,307,252
2217,425,337
2218,1224,1168
2219,1876,360
2220,2098,199
2221,2211,1606
2222,2128,46
2223,2199,1434
2224,498,275
2225,2131,1590
2226,2205,2048
2227,370,304
2228,1382,1367
2229,2213,2202
2230,2194,1579
2231,2191,1291
2232,2207,1914
2233,2105,1917
2234,1530,1379
2235,1613,1529
2236,2200,2154
2237,236,202
2238,2099,1601
2239,2156,1333
2240,2161,1586
2241,420,318
2242,2163,1101
2243,106,42
2244,1860,1643
2245,2184,876
2246,2223,2218
2247,2197,1156
2248,2226,1422
2249,2239,1297
2250,1710,1216
2251,495,52
2252,2215,2101
2253,1040,287
2254,179,61
2255,2229,2221
2256,2181,1041
2257,2220,1894
2258,805,635
2259,2196,2188
2260,299,186
2261,334,258
2262,2147,1417
2263,2210,2153
2264,2232,1253
2265,1560,286
2266,1787,1591
2267,2248,1186
2268,1923,1648
2269,2267,838
2270,2146,1660
2271,2249,2198
2272,2193,1651
2273,2236,2230
2274,2182,2178
2275,2256,2246
2276,2255,1187
2277,2084,278
2278,2231,137
2279,2269,916
2280,1435,1028
2281,2125,1144
2282,1127,300
2283,2275,1034
2284,1473,1083
2285,1348,350
2286,1693,400
2287,1350,17
2288,2242,1585
2289,2219,1707
2290,2228,1602
2291,1206,196
2292,2212,892
2293,2233,1450
2294,2279,2278
2295,2241,272
2296,796,739
2297,1384,229
2298,860,776
2299,2250,1761
2300,2276,2273
2301,2225,2173
2302,2137,312
2303,2264,2245
2304,2171,2133
2305,2290,1164
2306,2070,2065
2307,2183,1370
2308,2283,778
2309,2206,1304
2310,2189,1429
2311,1913,1645
2312,2167,415
2313,2145,1091
2314,2266,1257
2315,2176,2109
2316,473,189
2317,879,28
2318,1274,1067
2319,545,500
2320,1376,923
2321,2298,2234
2322,1204,296
2323,2308,2262
2324,1095,476
2325,1919,1826
2326,2303,2222
2327,279,129
2328,984,70
2329,2041,143
2330,2077,223
2331,2209,1076
2332,2247,122
2333,1925,1810
2334,1079,610
2335,2172,6
2336,497,469
2337,1739,1580
2338,2271,1965
2339,1827,314
2340,407,317
2341,2281,263
2342,2294,1214
2343,1551,1002
2344,2162,1108
2345,2323,2270
2346,2305,2263
2347,2310,784
2348,1904,1393
2349,979,9
2350,2342,1390
2351,2261,346
2352,2299,2157
2353,1870,1562
2354,1543,416
2355,2300,2292
2356,2240,1111
2357,2272,2180
2358,397,104
2359,1237,765
2360,2214,1104
2361,491,313
2362,2338,1044
2363,2347,2288
2364,2302,91
2365,2295,161
2366,2350,1345
2367,2277,395
2368,1729,191
2369,1402,365
2370,1681,175
2371,249,210
2372,1572,424
2373,2216,280
2374,2314,2311
2375,1510,629
2376,2345,662
2377,2356,2257
2378,149,10
2379,2265,1211
2380,1614,1269
2381,1619,1516
2382,2309,975
2383,2244,915
2384,2253,493
2385,2376,2307
2386,2366,789
2387,2346,2282
2388,316,306
2389,1279,1085
2390,2355,2348
2391,2252,273
2392,2312,639
2393,2334,2326
2394,1976,1395
2395,972,736
2396,1686,363
2397,2260,351
2398,2385,1859
2399,2315,1507
2400,2332,412
2401,2317,1062
2402,2386,2328
2403,2301,1532
2404,2393,933
2405,2235,1167
2406,1247,790
2407,2398,1322
2408,2400,2390
2409,1394,434
2410,2387,2362
2411,1359,843
2412,2217,133
2413,2402,2274
2414,2344,1029
2415,1795,1358
2416,1748,1674
2417,1437,1210
2418,2203,1075
2419,2324,872
2420,2322,1319
2421,452,254
2422,2407,2353
2423,2403,2363
2424,2351,2254
2425,185,67
2426,2304,1312
2427,2238,1466
2428,2368,1839
2429,2422,1666
2430,2349,2289
2431,2340,438
2432,2389,1932
2433,2429,2419
2434,2404,1441
2435,2420,1768
2436,176,31
2437,1209,68
2438,2296,541
2439,949,358
2440,2259,1032
2441,274,205
2442,1811,496
2443,2413,2379
2444,2377,1117
2445,457,56
2446,2373,256
2447,134,81
2448,1408,529
2449,1033,862
2450,2439,2293
2451,2401,791
2452,1372,1353
2453,2433,1022
2454,2434,1611
2455,2408,2321
2456,2375,849
2457,2359,2331
2458,2313,750
2459,2443,517
2460,2399,686
2461,2319,712
2462,2451,940
2463,1410,1340
2464,1622,1456
2465,2280,1285
2466,2341,109
2467,2360,1129
2468,2432,2374
2469,1327,694
2470,1824,1803
2471,2423,194
2472,2396,2392
2473,2460,2201
2474,2286,1313
2475,2455,1217
2476,2453,1122
2477,2462,2459
2478,2405,1445
2479,426,187
2480,1691,1452
2481,2440,2320
2482,178,84
2483,2406,781
2484,2327,1549
2485,2391,232
2486,1697,1324
2487,2431,266
2488,2354,1502
2489,2333,283
2490,481,87
2491,451,130
2492,504,319
2493,2438,579
2494,2430,1927
2495,2454,2284
2496,2444,2394
2497,2476,2418
2498,1973,1119
2499,468,111
2500,1820,435
2501,2467,1677
2502,2475,1818
2503,2285,1181
2504,2409,475
2505,2494,1950
2506,2382,13
2507,1170,572
2508,2426,1009
2509,2337,1351
2510,2477,540
2511,2502,1184
2512,2251,63
2513,1863,1030
2514,1952,1625
2515,2478,2384
2516,2497,2361
2517,1916,1116
2518,2427,1323
2519,2372,2365
2520,2511,2383
2521,944,800
2522,2352,1714
2523,2493,2473
2524,2456,710
2525,1280,1149
2526,2516,1704
2527,2520,2370
2528,480,233
2529,2485,1655
2530,2243,341
2531,2227,1776
2532,2495,2357
2533,2447,203
2534,2316,333
2535,2481,1113
2536,2395,1414
2537,2466,2297
2538,1833,993
2539,2381,1365
2540,2527,746
2541,2471,659
2542,1749,411
2543,467,322
2544,2378,348
2545,2450,1521
2546,2449,2410
2547,2480,2415
2548,1819,772
2549,2329,1
2550,2532,803
2551,1175,1094
2552,2510,2435
2553,2515,2417
2554,2452,2367
2555,2472,148
2556,461,406
2557,2526,1461
2558,1709,1599
2559,717,528
2560,2457,705
2561,2552,1396
2562,2496,419
2563,2557,2541
2564,1361,1238
2565,1903,1571
2566,2518,1451
2567,1515,383
2568,2524,1784
2569,2540,846
2570,2224,24
2571,2464,2428
2572,2508,1159
2573,2569,2546
2574,387,144
2575,1243,995
2576,2325,2136
2577,2364,1134
2578,2561,2424
2579,2512,418
2580,1642,1624
2581,2484,1346
2582,1388,157
2583,1638,602
2584,1011,268
2585,1409,565
2586,2458,902
2587,604,436
2588,909,444
2589,2568,1061
2590,2573,2505
2591,1109,586
2592,2550,2461
2593,2554,2358
2594,1679,524
2595,2469,751
2596,1354,190
2597,2535,2185
2598,2339,1942
2599,2578,2553
2600,1831,1616
2601,2539,2501
2602,1980,1454
2603,1721,1183
2604,1780,1563
2605,1008,58
2606,2468,2318
2607,2414,1069
2608,2523,1016
2609,2590,2335
2610,2562,2504
2611,1569,1194
2612,2522,1740
2613,2537,1936
2614,2592,1626
2615,2503,1852
2616,2563,2488
2617,990,606
2618,2421,361
2619,2572,325
2620,2437,1064
2621,165,30
2622,1191,588
2623,2589,2474
2624,2599,1050
2625,2616,904
2626,1594,836
2627,1066,166
2628,1983,1250
2629,982,741
2630,1484,441
2631,1878,716
2632,2397,139
2633,2483,865
2634,1670,1561
2635,2624,2617
2636,2506,598
2637,2609,1263
2638,2268,1244
2639,347,327
2640,2637,1426
2641,2507,928
2642,2640,2608
2643,1665,1215
2644,2560,38
2645,1493,1189
2646,2517,2369
2647,1986,929
2648,1472,1136
2649,2635,874
2650,1535,1014
2651,2625,2566
2652,2620,1403
2653,2597,2521
2654,1897,1527
2655,2595,1862
2656,2636,2545
2657,2529,2487
2658,2559,1391
2659,2614,2596
2660,1641,672
2661,2463,510
2662,297,201
2663,2258,1832
2664,2610,1146
2665,2651,856
2666,2619,924
2667,1568,1499
2668,2564,622
2669,2587,748
2670,2536,1634
2671,2558,1221
2672,1850,331
2673,2291,1197
2674,2343,691
2675,2482,499
2676,1431,701
2677,2665,1793
2678,2565,248
2679,2499,211
2680,2448,1872
2681,2649,1305
2682,2677,562
2683,2642,2571
2684,2446,2442
2685,1058,848
2686,2644,743
2687,2519,454
2688,1362,692
2689,2577,2531
2690,2681,1694
2691,2612,2416
2692,1559,1371
2693,2683,2588
2694,2682,734
2695,2659,1701
2696,2486,878
2697,2598,1934
2698,2586,503
2699,2425,1700
2700,1690,1267
2701,2530,147
2702,2695,1716
2703,2694,1945
2704,2538,2287
2705,2513,601
2706,1639,1155
2707,2606,1072
2708,2703,740
2709,2655,2555
2710,2693,936
2711,2710,1786
2712,1957,1459
2713,2465,1508
2714,685,214
2715,2600,1891
2716,446,408
2717,2544,422
2718,2664,1470
2719,2711,1995
2720,2547,1592
2721,2709,332
2722,2708,2582
2723,2702,605
2724,2719,2661
2725,1628,1151
2726,1972,576
2727,1783,1442
2728,2724,553
2729,988,977
2730,2549,193
2731,2660,1492
2732,2690,2686
2733,2722,1706
2734,2594,25
2735,2628,1128
2736,2728,669
2737,1120,593
2738,2633,234
2739,2733,2581
2740,2626,2380
2741,2718,2585
2742,2509,657
2743,2498,428
2744,2723,624
2745,1609,1558
2746,2548,866
2747,2653,802
2748,1142,837
2749,2739,2330
2750,2736,761
2751,2514,719
2752,2657,2479
2753,1741,824
2754,1316,1160
2755,2411,1908
2756,2670,983
2757,2658,859
2758,1545,1166
2759,2492,303
2760,2720,2687
2761,2666,269
2762,342,80
2763,729,656
2764,966,698
2765,1494,1317
2766,2601,1325
2767,2747,1669
2768,2749,1152
2769,1233,745
2770,2707,2371
2771,1596,32
2772,2656,78
2773,2646,1024
2774,2768,2643
2775,2732,2605
2776,2741,2669
2777,2613,212
2778,2668,2623
2779,2692,459
2780,373,177
2781,1226,850
2782,1004,145
2783,2774,1901
2784,2679,1314
2785,1841,1658
2786,2528,225
2787,2543,430
2788,2750,715
2789,2783,1963
2790,2744,2652
2791,464,54
2792,2534,382
2793,2691,2654
2794,2713,1796
2795,2441,335
2796,2789,2731
2797,2775,2645
2798,1774,594
2799,2696,532
2800,2788,2770
2801,2767,1021
2802,2776,2489
2803,2797,2542
2804,2760,2738
2805,2778,2751
2806,1889,1468
2807,2796,808
2808,2800,1966
2809,471,448
2810,2803,2629
2811,2556,164
2812,1407,1192
2813,2752,240
2814,2650,2575
2815,2807,814
2816,1939,650
2817,1460,1309
2818,1672,93
2819,2525,1420
2820,2721,913
2821,2607,1600
2822,2753,1790
2823,2790,825
2824,2671,443
2825,2729,1766
2826,2766,2647
2827,2717,66
2828,2808,2551
2829,1182,1047
2830,2698,2680
2831,1449,381
2832,2641,1800
2833,2734,2615
2834,2772,2756
2835,2712,2603
2836,2810,2704
2837,2815,2798
2838,1453,197
2839,2823,1328
2840,1854,1145
2841,2828,1964
2842,2678,1804
2843,1823,1118
2844,2839,2837
2845,1428,1097
2846,777,55
2847,1982,1185
2848,2632,2491
2849,2802,2754
2850,2820,957
2851,2689,2533
2852,2841,2825
2853,955,567
2854,336,213
2855,2745,2727
2856,1779,114
2857,1048,217
2858,2801,1785
2859,559,558
2860,614,547
2861,1581,92
2862,2818,1788
2863,1993,1234
2864,1576,896
2865,1989,888
2866,2779,1671
2867,2834,2567
2868,2852,1496
2869,1588,208
2870,2847,2742
2871,2630,2583
2872,2761,377
2873,1196,943
2874,2832,1582
2875,2631,571
2876,2793,2700
2877,2705,546
2878,2868,2858
2879,2850,2813
2880,2576,2
2881,2715,1745
2882,1907,1789
2883,2673,2570
2884,2602,1287
2885,768,328
2886,224,140
2887,2757,877
2888,2701,126
2889,2878,2830
2890,2611,2593
2891,1743,1715
2892,2804,1752
2893,2785,1636
2894,142,29
2895,2836,523
2896,2824,2699
2897,2500,1488
2898,2842,2755
2899,1352,599
2900,1668,1427
2901,427,345
2902,2771,1938
2903,2889,2887
2904,2844,812
2905,1019,539
2906,2895,136
2907,2849,985
2908,2237,169
2909,2697,1627
2910,2817,99
2911,2805,2769
2912,1258,506
2913,492,110
2914,2904,2806
2915,2816,544
2916,2826,1174
2917,2876,1038
2918,2634,180
2919,1163,927
2920,1684,548
2921,1369,352
2922,2854,1656
2923,2684,2618
2924,2907,2866
2925,2685,758
2926,2861,2676
2927,2872,822
2928,2773,1575
2929,1620,7
2930,2903,1363
2931,2911,2870
2932,141,102
2933,2812,1078
2934,958,302
2935,2930,1816
2936,2906,2714
2937,2935,2877
2938,2937,839
2939,2835,2730
2940,1685,1298
2941,2843,764
2942,2879,1654
2943,1875,85
2944,2674,2470
2945,1474,16
2946,2784,1232
2947,2584,1909
2948,2892,1310
2949,123,23
2950,2936,2846
2951,2917,2688
2952,2336,2306
2953,2938,1477
2954,2743,155
2955,1808,1476
2956,305,162
2957,2862,2781
2958,1817,1623
2959,2822,2746
2960,1360,886
2961,1479,538
2962,2814,1802
2963,2777,1864
2964,2953,1546
2965,2927,1722
2966,2764,1540
2967,2799,942
2968,2916,1005
2969,2726,795
2970,1147,1065
2971,2445,952
2972,2920,2875
2973,2914,2874
2974,2964,1007
2975,2833,1054
2976,432,21
2977,2950,831
2978,2977,2579
2979,2591,640
2980,2974,1161
2981,2737,898
2982,2925,209
2983,1326,554
2984,2915,542
2985,2980,590
2986,2973,2627
2987,1711,1071
2988,1241,1088
2989,2924,918
2990,2986,735
2991,2985,2845
2992,479,195
2993,1587,1199
2994,2884,970
2995,2786,2662
2996,2978,1385
2997,2962,2819
2998,549,518
2999,2990,2898
3000,920,700
3001,2991,1667
3002,2856,1805
3003,992,680
3004,1570,900
3005,2968,2725
3006,2648,1974
3007,2740,1855
3008,3001,1610
3009,1750,1637
3010,2948,2945
3011,2867,1806
3012,2794,1074
3013,2931,2865
3014,216,172
3015,1797,494
3016,1373,763
3017,2758,1525
3018,3008,1264
3019,1412,1318
3020,3018,1781
3021,2735,125
3022,293,262
3023,1556,623
3024,1759,643
3025,2928,2863
3026,1695,1682
3027,2716,2490
3028,1829,709
3029,2782,330
3030,3010,2848
3031,1207,766
3032,2967,2942
3033,2972,711
3034,3020,2902
3035,1763,934
3036,2787,2621
3037,2975,752
3038,2780,1294
3039,1130,1099
3040,3034,706
3041,2857,1055
3042,2909,1528
3043,2952,324
3044,3040,783
3045,2667,1724
3046,2989,660
3047,3007,989
3048,2999,1374
3049,2957,2706
3050,3044,3013
3051,2821,912
3052,2963,631
3053,2893,1531
3054,3048,3046
3055,2899,1564
3056,3011,2932
3057,2965,2765
3058,721,76
3059,3005,2896
3060,2929,806
3061,1421,1176
3062,2838,227
3063,2966,1341
3064,2811,49
3065,1307,667
3066,2946,1541
3067,3050,683
3068,301,288
3069,2971,1268
3070,1331,564
3071,2672,1578
3072,326,128
3073,2890,466
3074,1999,1998
3075,3062,2996
3076,2933,1411
3077,2997,873
3078,1921,1053
3079,1387,1249
3080,3025,841
3081,3031,731
3082,3067,1782
3083,2759,83
3084,3032,1844
3085,2921,1100
3086,3076,3054
3087,1026,153
3088,2994,2941
3089,3082,2900
3090,1702,372
3091,3056,1997
3092,1042,704
3093,3055,1595
3094,2954,396
3095,3075,1278
3096,3089,1584
3097,2869,320
3098,1289,414
3099,3002,2979
3100,1775,241
3101,1200,820
3102,3096,1736
3103,3086,2955
3104,3041,2604
3105,3102,627
3106,463,113
3107,2944,1404
3108,3030,1798
3109,2851,1380
3110,3057,744
3111,3037,607
3112,1703,818
3113,2959,2855
3114,3105,1644
3115,3095,775
3116,932,183
3117,1336,1190
3118,282,127
3119,3080,759
3120,3114,2871
3121,2919,1355
3122,3115,1689
3123,3052,1760
3124,3122,2894
3125,3003,3000
3126,1343,1059
3127,2939,226
3128,1539,455
3129,3103,842
3130,2913,474
3131,3120,2926
3132,2998,994
3133,3047,3004
3134,1335,801
3135,3084,1364
3136,295,69
3137,2880,819
3138,1981,1718
3139,3026,271
3140,3129,3092
3141,2831,1500
3142,1943,1106
3143,3107,845
3144,3042,1356
3145,3124,688
3146,3091,1653
3147,1633,1012
3148,3140,3066
3149,3130,1985
3150,1756,889
3151,159,36
3152,3148,749
3153,3038,613
3154,3012,708
3155,3033,779
3156,3045,2969
3157,1971,1255
3158,3131,895
3159,3110,828
3160,3009,2947
3161,3145,851
3162,3119,2984
3163,1248,1173
3164,3158,899
3165,1225,830
3166,3152,1538
3167,3051,2763
3168,3016,2912
3169,3104,1612
3170,2981,1169
3171,1526,925
3172,1728,1509
3173,3161,2888
3174,3164,3108
3175,3166,3093
3176,3006,620
3177,3135,679
3178,3156,2982
3179,3113,3053
3180,2910,2891
3181,3175,1822
3182,3159,603
3183,3174,3029
3184,3181,804
3185,3059,702
3186,2923,2795
3187,3123,1853
3188,2864,1260
3189,375,309
3190,3177,3162
3191,3064,1719
3192,3185,3028
3193,3049,39
3194,3133,581
3195,3184,3150
3196,2951,760
3197,3146,2905
3198,2748,948
3199,355,173
3200,1440,456
3201,3183,1203
3202,3195,1884
3203,3065,619
3204,2859,673
3205,3077,2901
3206,3192,3173
3207,2983,2853
3208,3197,1300
3209,3111,887
3210,2958,2881
3211,1895,1744
3212,3202,1920
3213,3201,792
3214,3191,2827
3215,2580,881
3216,2675,2412
3217,1662,482
3218,3154,3109
3219,3088,893
3220,3043,2792
3221,1231,1171
3222,3212,3178
3223,3187,3017
3224,1031,937
3225,3190,3074
3226,3081,767
3227,2943,2918
3228,3019,585
3229,3222,1547
3230,3167,3137
3231,3213,3063
3232,3231,3194
3233,3196,1080
3234,3182,1871
3235,3132,1245
3236,1405,813
3237,2886,1555
3238,1935,1485
3239,2908,250
3240,3083,2970
3241,3206,969
3242,3229,561
3243,3125,882
3244,1912,1762
3245,3208,3139
3246,3176,3021
3247,3142,844
3248,2961,615
3249,3204,3117
3250,3179,2622
3251,1448,1235
3252,3232,730
3253,2940,1733
3254,3242,3168
3255,3234,670
3256,3223,1958
3257,3252,511
3258,2897,8
3259,1261,630
3260,1765,1726
3261,3022,1618
3262,3243,1092
3263,3097,2993
3264,1514,276
3265,3254,3219
3266,1922,1520
3267,2840,526
3268,3265,3078
3269,3240,1640
3270,3241,3227
3271,1003,649
3272,3262,3188
3273,3257,520
3274,3268,857
3275,3273,3235
3276,3256,1880
3277,3144,3100
3278,1996,678
3279,3274,3225
3280,3275,3255
3281,3218,1847
3282,1344,90
3283,2663,399
3284,3245,1227
3285,1621,707
3286,3023,723
3287,3094,364
3288,3200,1240
3289,3143,724
3290,3209,2960
3291,3280,1899
3292,3291,2995
3293,2791,485
3294,3085,1271
3295,3099,608
3296,3284,799
3297,3069,1738
3298,3180,3138
3299,3276,1482
3300,2809,1918
3301,3233,3039
3302,3170,431
3303,3292,829
3304,1001,514
3305,3073,188
3306,3303,3070
3307,3289,646
3308,3205,3141
3309,3306,905
3310,405,338
3311,3309,3226
3312,3270,1597
3313,3311,1727
3314,3090,1723
3315,2638,1121
3316,3299,45
3317,3313,894
3318,3298,699
3319,1475,222
3320,3279,926
3321,3112,1512
3322,3169,3160
3323,3296,637
3324,3155,747
3325,2883,757
3326,3230,595
3327,3014,3
3328,1339,40
3329,1077,228
3330,3215,1178
3331,3312,1975
3332,3253,1124
3333,3058,981
3334,3101,867
3335,1593,1205
3336,1699,965
3337,3290,960
3338,3320,3318
3339,3249,671
3340,356,35
3341,2436,265
3342,2987,1731
3343,3317,3308
3344,340,181
3345,3220,3027
3346,3258,105
3347,3323,3295
3348,3331,3203
3349,3337,3281
3350,1879,374
3351,3036,19
3352,3325,868
3353,3198,1929
3354,3259,3061
3355,1807,703
3356,3302,3246
3357,1978,1153
3358,3338,1469
3359,3297,552
3360,3294,3250
3361,3210,264
3362,3343,875
3363,1902,5
3364,3324,737
3365,3239,484
3366,3277,3127
3367,2829,648
3368,3358,634
3369,3339,773
3370,3362,3348
3371,3307,914
3372,3272,618
3373,3351,3149
3374,3368,3336
3375,2639,27
3376,472,206
3377,1049,1015
3378,1688,907
3379,3165,617
3380,3374,3304
3381,3024,1664
3382,3380,1770
3383,3322,1801
3384,1882,797
3385,3382,551
3386,1866,1284
3387,3172,1270
3388,3128,1045
3389,3087,2934
3390,2885,1554
3391,3385,769
3392,3391,974
3393,3211,1849
3394,3326,2873
3395,3224,1680
3396,3392,3334
3397,483,26
3398,1043,515
3399,3301,1629
3400,3157,1303
3401,1955,1381
3402,3269,3189
3403,1110,664
3404,3147,945
3405,3153,384
3406,537,536
3407,863,675
3408,3399,3396
3409,1491,1486
3410,311,244
3411,3305,95
3412,3315,939
3413,3079,1148
3414,120,100
3415,3015,684
3416,3383,3293
3417,3106,855
3418,2574,329
3419,3355,3347
3420,3236,1915
3421,3221,1673
3422,3390,3035
3423,3378,1081
3424,3193,1112
3425,3071,1988
3426,3300,1458
3427,1277,645
3428,3406,580
3429,488,198
3430,3408,1960
3431,3371,3260
3432,3217,1874
3433,3430,3316
3434,3370,3359
3435,3283,378
3436,3060,999
3437,3121,922
3438,3402,1843
3439,3360,1896
3440,771,284
3441,3238,1799
3442,3433,3263
3443,3248,3116
3444,3367,885
3445,1089,1000
3446,861,522
3447,3346,447
3448,2860,1254
3449,3434,908
3450,3349,3171
3451,3214,2882
3452,1501,445
3453,3438,3416
3454,3364,3267
3455,921,666
3456,3442,810
3457,3405,2976
3458,3350,1663
3459,3335,3282
3460,3361,1962
3461,3449,557
3462,3431,3261
3463,3237,1725
3464,3271,1139
3465,3376,230
3466,1490,681
3467,3342,3228
3468,3247,1905
3469,3456,163
3470,3412,3369
3471,3327,366
3472,3469,533
3473,3461,1135
3474,1977,1392
3475,3436,1956
3476,3394,3163
3477,3439,1873
3478,3473,809
3479,3472,1057
3480,1836,1483
3481,3151,2992
3482,3478,3285
3483,3352,1506
3484,3479,3372
3485,3419,1900
3486,3482,3423
3487,3455,3389
3488,1010,638
3489,919,315
3490,3286,3264
3491,689,131
3492,3314,1332
3493,3319,3072
3494,3484,3332
3495,1583,1063
3496,976,727
3497,3266,3186
3498,3494,1138
3499,3498,713
3500,3403,720
3501,3287,1933
3502,3486,509
3503,3134,1273
3504,1771,1687
3505,3499,1861
3506,3424,573
3507,3502,478
3508,3477,3470
3509,3505,1650
3510,3509,931
3511,3507,786
3512,3510,3441
3513,971,823
3514,1987,853
3515,3512,1259
3516,3466,3395
3517,3411,3398
3518,3457,3450
3519,2922,653
3520,3511,3377
3521,3520,531
3522,3397,3068
3523,3454,1228
3524,3515,3468
3525,3356,3288
3526,359,235
3527,3521,951
3528,3524,780
3529,3527,521
3530,3485,964
3531,3529,3443
3532,903,891
3533,3476,625
3534,3413,3207
3535,3528,1712
3536,3535,3426
3537,2956,458
3538,3278,1767
3539,3531,652
3540,3098,967
3541,3381,1970
3542,959,956
3543,3447,1056
3544,3365,1848
3545,3530,1419
3546,3539,642
3547,816,174
3548,3546,3516
3549,3444,597
3550,3536,1517
3551,3534,1397
3552,3506,1465
3553,3548,535
3554,1887,1846
3555,3501,1659
3556,794,487
3557,3462,1713
3558,3550,3428
3559,3558,3522
3560,1432,560
3561,3373,486
3562,3330,1812
3563,3553,1208
3564,3559,3453
3565,3353,1954
3566,3563,884
3567,3566,591
3568,3557,3508
3569,3525,3495
3570,1495,1301
3571,3487,376
3572,3417,3366
3573,3464,3415
3574,3545,3533
3575,3543,3519
3576,1162,574
3577,3555,3404
3578,3564,1632
3579,3451,3136
3580,3458,116
3581,3409,946
3582,1751,798
3583,1550,811
3584,3549,3518
3585,3572,3567
3586,3517,3492
3587,3565,3418
3588,3435,1851
3589,3489,417
3590,3437,3344
3591,3321,911
3592,3578,1157
3593,3552,3333
3594,3592,3445
3595,3594,3490
3596,221,82
3597,3574,1416
3598,3328,1444
3599,3595,854
3600,3452,242
3601,3599,3500
3602,182,11
3603,3483,1524
3604,2762,385
3605,3460,3216
3606,3422,3357
3607,3585,3421
3608,1630,362
3609,3593,3569
3610,3601,696
3611,3467,1732
3612,3497,3463
3613,3393,1948
3614,3607,693
3615,3584,3562
3616,3614,3387
3617,1931,826
3618,1865,1102
3619,3610,641
3620,1683,890
3621,3616,697
3622,1212,633
3623,3619,3568
3624,3621,3542
3625,3375,158
3626,3354,98
3627,2949,388
3628,3540,3126
3629,3554,1911
3630,3400,725
3631,3581,1791
3632,3624,1792
3633,3513,996
3634,1418,1246
3635,3632,3514
3636,3523,3379
3637,3427,1296
3638,3446,755
3639,3586,530
3640,3623,3560
3641,3591,1930
3642,3635,807
3643,3642,663
3644,3639,519
3645,1025,14
3646,3640,3407
3647,1447,1036
3648,3646,1090
3649,3643,570
3650,3648,3622
3651,3650,3644
3652,3580,57
3653,3649,1947
3654,3653,3603
3655,3605,3448
3656,3651,3538
3657,3388,1286
3658,1366,1262
3659,3329,1401
3660,3496,1608
3661,3615,3611
3662,3612,3561
3663,3363,1893
3664,3577,1753
3665,1553,774
3666,1717,154
3667,1252,654
3668,3532,575
3669,3583,3475
3670,1573,1533
3671,3654,3551
3672,3671,1443
3673,3672,961
3674,2988,1213
3675,3656,616
3676,1944,1276
3677,3673,3631
3678,3647,3480
3679,3675,1837
3680,3679,1202
3681,3488,827
3682,3677,3587
3683,3459,1378
3684,3680,3665
3685,3503,3420
3686,3682,583
3687,3686,1604
3688,3684,3641
3689,3609,1937
3690,3688,817
3691,3630,1406
3692,3687,369
3693,968,674
3694,3597,834
3695,3694,3617
3696,3340,3118
3697,3690,505
3698,3634,3571
3699,3697,3629
3700,3579,3341
3701,3547,869
3702,3692,910
3703,3504,726
3704,3588,569
3705,3699,1910
3706,3705,1413
3707,3638,611
3708,3702,3668
3709,3706,489
3710,832,568
3711,3708,3618
3712,3709,600
3713,3633,556
3714,3712,3645
3715,3711,3693
3716,3714,676
3717,3661,636
3718,3716,1754
3719,3493,3481
3720,3626,1940
3721,3695,883
3722,3718,835
3723,3717,682
3724,3251,60
3725,3689,3664
3726,3544,18
3727,391,323
3728,3474,239
3729,512,65
3730,3722,3698
3731,3652,3537
3732,3730,1293
3733,1223,1165
3734,3620,1652
3735,3732,1467
3736,3715,1140
3737,3721,3244
3738,3604,1867
3739,3735,1290
3740,3739,1990
3741,3606,1794
3742,3740,756
3743,1617,1105
3744,3742,3723
3745,3386,1813
3746,437,50
3747,3736,695
3748,3747,3678
3749,3691,1828
3750,3669,998
3751,3432,3401
3752,3683,3608
3753,3748,3556
3754,3701,753
3755,3384,1755
3756,3658,1773
3757,3753,733
3758,3685,1172
3759,3744,3720
3760,3757,582
3761,3414,3310
3762,1103,661
3763,3750,3704
3764,3760,543
3765,3707,294
3766,3725,3636
3767,1992,1143
3768,3737,0
3769,1869,1635
3770,1229,897
3771,3766,3764
3772,1949,770
3773,3758,394
3774,577,507
3775,3759,3582
3776,3775,3749
3777,3768,3710
3778,1730,245
3779,3663,3627
3780,3776,3657
3781,3700,3613
3782,3741,3728
3783,947,687
3784,3726,3596
3785,1809,404
3786,3752,3541
3787,950,612
3788,3655,3345
3789,3770,3628
3790,1720,1565
3791,3780,3777
3792,3771,1696
3793,3743,3491
3794,3792,3729
3795,3794,1027
3796,3575,609
3797,3773,3425
3798,3576,628
3799,3772,986
3800,3674,1158
3801,3791,732
3802,3738,3662
3803,3781,3600
3804,1858,1377
3805,3637,647
3806,1888,525
3807,3795,3727
3808,3801,3660
3809,3807,349
3810,3809,1534
3811,3810,833
3812,3589,870
3813,3719,450
3814,3811,1764
3815,3814,3733
3816,3815,3803
3817,3471,3465
3818,3808,632
3819,1946,1487
3820,3763,48
3821,3734,1399
3822,3713,3659
3823,3818,3799
3824,3823,3590
3825,3802,1961
3826,3816,1070
3827,3790,1222
3828,3783,840
3829,3812,3429
3830,3824,787
3831,3830,644
3832,3826,321
3833,3831,555
3834,3832,1574
3835,3833,1179
3836,973,566
3837,1389,738
3838,3825,3731
3839,3835,621
3840,3839,3820
3841,3828,3787
3842,3840,3804
3843,3834,1480
3844,3843,3703
3845,3796,3779
3846,3844,677
3847,3724,2388
3848,3842,3827
3849,3848,3670
3850,3846,665
3851,3849,3798
3852,3850,1060
3853,3852,1698
3854,3782,785
3855,3853,121
3856,3855,3570
3857,550,290
3858,3856,690
3859,3851,1288
3860,3845,277
3861,852,589
3862,3859,516
3863,3862,1115
3864,3858,584
3865,3864,3813
3866,3863,941
3867,3789,3762
3868,991,592
3869,3199,1123
3870,3865,3598
3871,3866,3805
3872,3573,962
3873,1705,1198
3874,3871,3797
3875,3870,1086
3876,3874,3793
3877,1519,980
3878,3876,1735
3879,3755,782
3880,3875,953
3881,3878,847
3882,3767,1383
3883,3881,3765
3884,3883,3821
3885,3884,3841
3886,3696,421
3887,3838,44
3888,3880,3666
3889,3854,3836
3890,3888,3754
3891,3890,3410
3892,3891,821
3893,3885,858
3894,3887,1607
3895,3894,3893
3896,3892,3869
3897,3822,788
3898,3896,3895
3899,3829,954
3900,3769,1518
3901,3837,1769
3902,3860,864
3903,3889,3761
3904,3857,1542
3905,3882,3867
3906,3898,386
3907,3906,3879
3908,3903,3786
3909,3681,668
3910,3817,379
3911,3897,3861
3912,3872,1898
3913,3667,1438
3914,3788,3751
3915,3886,3526
3916,3910,3746
3917,3800,1302
3918,3902,462
3919,3918,978
3920,3756,289
3921,3913,3907
3922,3912,3819
3923,3921,3916
3924,3785,1511
3925,3602,393
3926,3923,3873
3927,3919,3774
3928,3905,1845
3929,3926,938
3930,3929,3915
3931,3914,101
3932,3928,3927
3933,1455,1256
3934,3924,1436
3935,3911,578
3936,3930,1023
3937,3936,3899
3938,3877,308
3939,1522,718
3940,3937,3922
3941,3940,3933
3942,3931,3868
3943,3941,596
3944,3943,563
3945,728,22
3946,3676,1330
3947,3935,3806
3948,3908,871
3949,3944,402
3950,3949,502
3951,3950,3904
3952,930,754
3953,3951,3909
3954,3953,1969
3955,3900,3778
3956,3955,3942
3957,3954,1462
3958,3957,513
3959,3958,1678
3960,3959,267
3961,247,64
3962,3948,3945
3963,3962,3934
3964,3961,3960
3965,3964,3901
3966,3965,1236
3967,3966,3917
3968,3956,997
3969,3947,3932
3970,3967,3963
3971,3970,132
3972,3847,3784
3973,1953,1464
3974,1830,71
3975,3971,3938
3976,3975,3925
3977,3976,1906
3978,3969,3946
3979,3968,34
3980,3977,3952
3981,3625,3440
3982,3980,156
3983,3982,3978
3984,3983,3973
3985,3920,380
3986,3979,917
3987,3984,1046
3988,3987,3745
3989,3986,3981
3990,3988,3985
3991,3990,3972
3992,3989,3939
3993,3991,534
3994,3992,1842
3995,3994,3974
3996,3995,160
3997,3996,651
3998,3997,3993
