4000,2338,1598
4001,3643,2145
4002,4001,3885
4003,4000,3261
4004,2279,2030
4005,2340,2138
4006,4002,3977
4007,3069,1281
4008,3686,2860
4009,4007,2309
4010,4003,2395
4011,4004,477
4012,3539,3526
4013,4009,2133
4014,3827,3712
4015,4006,2497
4016,4010,1315
4017,3755,2746
4018,1242,433
4019,4005,96
4020,4013,2559
4021,4015,3292
4022,4011,2243
4023,3707,2374
4024,3950,1201
4025,4021,3920
4026,4019,1951
4027,3650,2070
4028,4020,2051
4029,4028,33
4030,4022,2306
4031,4024,3763
4032,4027,1013
4033,4018,2383
4034,3768,3346
4035,1926,1857
4036,3068,3036
4037,4025,1219
4038,4016,3208
4039,4030,2661
4040,1096,390
4041,3290,150
4042,4037,3377
4043,3600,3427
4044,4033,1098
4045,4032,2387
4046,4026,94
4047,4038,2403
4048,3530,3108
4049,4029,4023
4050,3928,3666
4051,4031,3689
4052,3860,3088
4053,4039,3110
4054,2430,2287
4055,3023,41
4056,3153,1177
4057,4045,74
4058,4052,4017
4059,409,207
4060,4042,1073
4061,3298,2118
4062,4047,4043
4063,3448,3234
4064,4058,3260
4065,4012,117
4066,4049,2074
4067,4044,53
4068,4041,3033
4069,4060,4048
4070,3095,2259
4071,2331,2302
4072,3019,47
4073,4062,1357
4074,2582,220
4075,4069,3734
4076,4066,4056
4077,3970,79
4078,4073,3300
4079,4075,4008
4080,4067,4040
4081,4014,3146
4082,3279,3015
4083,389,20
4084,3711,3691
4085,4050,4035
4086,4078,4051
4087,4055,3203
4088,3919,3899
4089,4068,3856
4090,3982,2264
4091,4076,2339
4092,2057,1649
4093,4053,2849
4094,3698,3555
4095,2222,1742
4096,4079,3998
4097,4072,3057
4098,4096,2466
4099,3429,3276
4100,3319,3259
4101,2464,1984
4102,4087,4085
4103,1131,815
4104,4064,3606
4105,4081,1188
4106,4046,4036
4107,4034,3681
4108,4065,1084
4109,4090,1137
4110,4106,4086
4111,3770,3391
4112,3610,3601
4113,4091,4054
4114,4101,4098
4115,3496,43
4116,398,367
4117,2099,2035
4118,3695,1523
4119,4080,2164
4120,4093,2008
4121,4104,2729
4122,1838,1544
4123,4114,4061
4124,3805,3022
4125,4077,3064
4126,4089,3246
4127,4070,1657
4128,4074,490
4129,215,77
4130,4057,2294
4131,3633,135
4132,4105,4095
4133,4126,4107
4134,4120,1154
4135,2662,1093
4136,4088,3908
4137,4071,1881
4138,4119,4103
4139,4132,3438
4140,2120,497
4141,2580,429
4142,4110,124
4143,3456,3173
4144,4063,1144
4145,1446,1018
4146,4111,3447
4147,4134,1892
4148,3047,2317
4149,4136,4097
4150,2679,1439
4151,4142,4122
4152,1778,1133
4153,4113,2232
4154,3205,1968
4155,3629,3244
4156,2273,2199
4157,253,112
4158,4143,4099
4159,4117,3561
4160,4153,3799
4161,4138,714
4162,4121,3083
4163,4123,2443
4164,3359,3187
4165,4092,2378
4166,4135,4131
4167,4083,3909
4168,4059,3753
4169,410,138
4170,3183,3004
4171,4161,4147
4172,151,86
4173,4148,2328
4174,4163,4139
4175,285,75
4176,401,368
4177,4125,1647
4178,4137,204
4179,1834,251
4180,4151,3954
4181,4133,4115
4182,4128,4108
4183,2536,1195
4184,3943,2104
4185,3365,3310
4186,2244,2233
4187,3769,3683
4188,4124,2391
4189,3403,1566
4190,2477,1675
4191,4180,3459
4192,1489,1478
4193,4156,3229
4194,3441,246
4195,2181,465
4196,4152,1349
4197,4174,4084
4198,2522,1631
4199,2886,1536
4200,4173,4130
4201,2071,168
4202,1481,353
4203,1150,1052
4204,3506,2149
4205,4102,1928
4206,3961,1513
4207,4191,1425
4208,1347,371
4209,4116,72
4210,2685,1890
4211,3131,89
4212,4160,3100
4213,4162,4154
4214,3220,243
4215,4145,1321
4216,4197,2438
4217,4166,1039
4218,449,152
4219,3098,1924
4220,3554,1777
4221,4127,1734
4222,4149,3717
4223,3449,3029
4224,4212,1504
4225,4177,4170
4226,231,107
4227,4168,3596
4228,3905,3902
4229,4158,3674
4230,4225,4216
4231,4189,1265
4232,4109,3469
4233,2832,1423
4234,4190,1567
4235,3184,3094
4236,4224,4217
4237,4178,146
4238,4214,4094
4239,4181,4155
4240,4200,4165
4241,1661,501
4242,2412,1220
4243,62,12
4244,4210,4118
4245,4211,237
4246,4146,3374
4247,4129,2816
4248,3761,97
4249,3495,3198
4250,4207,3254
4251,4232,4171
4252,453,261
4253,1275,1082
4254,4205,1283
4255,4176,392
4256,4236,901
4257,4250,4204
4258,4182,170
4259,4239,2564
4260,4240,1338
4261,4256,2487
4262,4184,2511
4263,4169,354
4264,4193,1292
4265,4233,3814
4266,4188,2523
4267,3671,1107
4268,1342,963
4269,1772,1589
4270,257,59
4271,4192,1815
4272,4254,1020
4273,4112,2368
4274,3967,2352
4275,4238,4213
4276,4257,1886
4277,4100,3959
4278,4198,1825
4279,1334,1272
4280,4195,3846
4281,4259,1747
4282,3781,252
4283,4261,1676
4284,4221,3051
4285,4247,73
4286,1433,357
4287,3369,413
4288,2183,2129
4289,4269,3529
4290,4251,2632
4291,3294,1615
4292,4264,4206
4293,4230,3269
4294,4208,3382
4295,2192,2064
4296,4260,1840
4297,4243,171
4298,2393,2337
4299,4159,2301
4300,4227,2878
4301,4201,2353
4302,4276,103
4303,4244,2550
4304,3457,2680
4305,4283,762
4306,3440,3243
4307,2343,1040
4308,4293,3400
4309,4255,119
4310,4281,3819
4311,4229,3356
4312,4237,3137
4313,4272,3212
4314,4305,3164
4315,4082,1979
4316,4302,4284
4317,4308,3670
4318,2255,2174
4319,4314,2007
4320,3307,3041
4321,4141,9
4322,4317,2256
4323,4248,3958
4324,4290,4175
4325,4296,1692
4326,3085,2546
4327,3470,1941
4328,4313,4199
4329,3372,2380
4330,1577,1035
4331,4241,722
4332,4310,3742
4333,3514,1991
4334,4325,2308
4335,3904,3079
4336,495,403
4337,3966,3922
4338,1180,527
4339,4179,1430
4340,3907,1457
4341,3413,2844
4342,4319,2010
4343,2314,1311
4344,3395,46
4345,1087,880
4346,4306,4222
4347,4246,4235
4348,2432,2375
4349,4271,4245
4350,3708,1826
4351,4332,4220
4352,4297,1329
4353,3869,3210
4354,4288,4172
4355,3192,2193
4356,4324,4183
4357,3366,1122
4358,3332,2176
4359,4292,1557
4360,440,218
4361,3540,1400
4362,4326,2329
4363,4316,4312
4364,4331,4203
4365,1068,793
4366,4328,1708
4367,3384,287
4368,4299,3588
4369,4263,2565
4370,4342,3900
4371,4266,3820
4372,4300,3826
4373,4167,4144
4374,3373,2584
4375,1835,1605
4376,4356,742
4377,3221,1295
4378,2507,2202
4379,2514,1746
4380,4366,4343
4381,2218,1141
4382,3385,1994
4383,4322,4196
4384,4301,2988
4385,4376,4265
4386,4370,219
4387,4334,1168
4388,3103,2455
4389,4274,192
4390,260,255
4391,1601,37
4392,4347,4311
4393,4386,115
4394,3375,3222
4395,442,281
4396,4393,3299
4397,3773,3273
4398,2276,17
4399,4315,1497
4400,4285,1375
4401,3136,491
4402,4268,1814
4403,1877,1320
4404,4223,370
4405,1193,1006
4406,3721,4
4407,4363,4289
4408,4387,2332
4409,4351,3285
4410,4383,4234
4411,3286,3018
4412,4396,3971
4413,3626,3510
4414,4275,876
4415,3213,1266
4416,4359,3743
4417,4267,1230
4418,3910,1660
4419,4412,1282
4420,4150,2917
4421,4278,3123
4422,3831,3225
4423,4219,1126
4424,3306,929
4425,4385,987
4426,200,167
4427,1967,1856
4428,3211,3209
4429,3778,1603
4430,4409,3785
4431,4407,3043
4432,4298,2282
4433,1757,460
4434,2472,1251
4435,3314,317
4436,4431,3504
4437,4402,508
4438,4371,3258
4439,4321,184
4440,4253,1308
4441,2344,1299
4442,4419,1398
4443,4404,3675
4444,4282,307
4445,4425,1114
4446,4430,4303
4447,4416,1132
4448,4164,279
4449,4442,1037
4450,3547,2335
4451,4421,1239
4452,4187,4140
4453,4414,4392
4454,3160,3087
4455,4280,2388
4456,4368,3802
4457,4372,2108
4458,4436,4374
4459,4360,300
4460,3399,2759
4461,1125,626
4462,4408,2081
4463,4242,3329
4464,4215,1463
4465,4304,3590
4466,4389,343
4467,4380,344
4468,4445,658
4469,4294,3986
4470,439,108
4471,4277,3918
4472,1498,1224
4473,4287,2240
4474,3394,3257
4475,4458,1883
4476,4410,4327
4477,4345,3387
4478,4449,1337
4479,4375,339
4480,3921,1552
4481,4352,310
4482,4438,4231
4483,4468,4365
4484,3283,3193
4485,4478,4361
4486,4475,2047
4487,4323,1758
4488,4446,2877
4489,4262,2955
4490,4467,3297
4491,4373,3634
4492,2928,314
4493,4355,4286
4494,4349,1737
4495,2962,1127
4496,438,259
4497,4400,298
4498,3228,2367
4499,4369,3854
4500,4333,4258
4501,4185,3488
4502,4471,3309
4503,3172,1450
4504,4486,1306
4505,4338,1367
4506,4320,1083
4507,4504,4411
4508,4485,4462
4509,2621,1868
4510,4367,4307
4511,4476,4384
4512,3347,500
4513,4490,2911
4514,3101,1503
4515,3313,1831
4516,4477,2103
4517,4466,4447
4518,3825,2938
4519,906,15
4520,4483,1186
4521,4186,1079
4522,4364,1505
4523,4480,4451
4524,4273,3527
4525,470,51
4526,3340,2423
4527,4399,1529
4528,4346,2297
4529,4520,4354
4530,4461,4339
4531,587,118
4532,4456,3132
4533,3002,1384
4534,4279,1579
4535,2085,1710
4536,4270,423
4537,3944,3574
4538,4528,2056
4539,4513,1368
4540,4488,3178
4541,4511,1959
4542,4455,1372
4543,3128,3046
4544,2361,1415
4545,4391,2360
4546,4529,2097
4547,3185,2742
4548,4539,3960
4549,4417,1646
4550,4295,1051
4551,4403,1017
4552,4540,1101
4553,4401,2450
4554,4514,4418
4555,4507,1434
4556,4500,3709
4557,3517,3472
4558,2686,629
4559,292,238
4560,3638,3492
4561,425,337
4562,4541,2105
4563,4552,4453
4564,1876,360
4565,4555,3648
4566,4508,1606
4567,1382,935
4568,4228,3945
4569,4566,2420
4570,2234,210
4571,4473,199
4572,4405,3056
4573,4565,1537
4574,498,275
4575,4506,3090
4576,3836,3378
4577,4341,3868
4578,4335,3479
4579,4573,4517
4580,4546,4497
4581,4202,2170
4582,3171,104
4583,4420,286
4584,3197,1424
4585,1530,1379
4586,4567,4548
4587,4348,2015
4588,4530,4427
4589,2751,2608
4590,4532,1819
4591,4522,4499
4592,4554,4482
4593,236,202
4594,4489,1091
4595,2567,838
4596,4381,1417
4597,4437,1586
4598,4549,4377
4599,1333,1297
4600,4440,1386
4601,4249,1917
4602,4562,2508
4603,420,318
4604,106,42
4605,1860,1643
4606,4586,4569
4607,4329,1619
4608,4362,68
4609,4580,4494
4610,3895,860
4611,3021,270
4612,4602,4423
4613,4505,4459
4614,4519,4441
4615,2534,879
4616,2296,784
4617,2060,1591
4618,4465,1029
4619,4579,4516
4620,4209,350
4621,4556,3762
4622,4330,2185
4623,2454,189
4624,4491,4413
4625,4559,4309
4626,2480,1095
4627,3940,3722
4628,179,61
4629,3238,331
4630,4515,3775
4631,4502,3694
4632,1204,88
4633,4524,4429
4634,4406,291
4635,2326,1041
4636,4521,3236
4637,4544,2880
4638,4581,1681
4639,4576,4194
4640,3024,1585
4641,4394,3084
4642,805,635
4643,4619,4493
4644,4609,4378
4645,299,186
4646,4452,4218
4647,3061,3003
4648,334,258
4649,1914,778
4650,4612,1304
4651,3669,1206
4652,2943,2836
4653,4543,3887
4654,4503,949
4655,2812,2792
4656,4509,1885
4657,4397,452
4658,4457,4395
4659,3402,3322
4660,4553,2646
4661,4358,3189
4662,4594,3914
4663,2861,1894
4664,4598,3622
4665,4611,129
4666,1923,1648
4667,4536,4439
4668,2637,2088
4669,4613,1602
4670,4542,278
4671,4643,3255
4672,4379,2150
4673,4527,4510
4674,4382,4291
4675,4534,979
4676,2638,2354
4677,4671,3972
4678,4432,2096
4679,3653,3581
4680,4550,395
4681,1787,1257
4682,4450,2509
4683,4644,1560
4684,2547,1345
4685,1435,1028
4686,4588,1217
4687,4677,4472
4688,4577,3624
4689,2130,1253
4690,4523,2366
4691,4649,3859
4692,4398,1350
4693,4618,1919
4694,4659,2827
4695,4664,4650
4696,4653,4590
4697,3817,2143
4698,4606,4591
4699,4434,4426
4700,4673,1422
4701,1761,1216
4702,2602,1044
4703,4512,4463
4704,4634,4563
4705,4474,1976
4706,4687,1034
4707,4623,4538
4708,3165,2760
4709,3312,229
4710,3435,1891
4711,4621,1291
4712,1693,400
4713,4583,1471
4714,4706,2160
4715,4444,280
4716,4646,3929
4717,4564,1707
4718,4683,916
4719,4714,4592
4720,4422,3877
4721,3824,2993
4722,3170,1656
4723,4637,2691
4724,4704,4624
4725,3155,2372
4726,4603,272
4727,4695,4587
4728,2757,1108
4729,796,739
4730,4663,4571
4731,4578,3232
4732,3849,3619
4733,2881,837
4734,3803,397
4735,4469,416
4736,4600,3615
4737,4727,2781
4738,4336,418
4739,2594,705
4740,2112,1429
4741,4496,3835
4742,4702,4388
4743,4698,1187
4744,4660,2414
4745,4690,1393
4746,4672,2978
4747,4665,3049
4748,3397,3161
4749,4669,1164
4750,4595,791
4751,4718,4700
4752,4686,412
4753,4484,3499
4754,4743,1904
4755,4560,1821
4756,3705,468
4757,4479,2866
4758,4719,4596
4759,4668,2300
4760,4754,4599
4761,4749,4614
4762,1913,1645
4763,4711,1390
4764,4622,4357
4765,3345,1611
4766,3735,2635
4767,4744,2485
4768,4737,975
4769,4751,28
4770,4424,1104
4771,3380,268
4772,4443,1454
4773,1274,1067
4774,1376,923
4775,4344,3996
4776,4760,4638
4777,4713,1237
4778,4776,2136
4779,4769,1214
4780,4688,4662
4781,4350,3078
4782,4626,4535
4783,4340,283
4784,3764,1209
4785,2152,1580
4786,4752,4675
4787,3432,1348
4788,984,70
4789,4157,143
4790,3354,3122
4791,4558,1510
4792,4252,223
4793,4735,4689
4794,312,91
4795,4657,4518
4796,1925,1810
4797,4758,4635
4798,4654,358
4799,4353,3407
4800,3481,2910
4801,4470,6
4802,4585,2310
4803,2248,1452
4804,2678,2148
4805,4572,2260
4806,4667,4525
4807,4724,4656
4808,4755,1532
4809,4608,4337
4810,3995,2169
4811,1551,1002
4812,2837,2798
4813,4778,3348
4814,3169,2738
4815,4775,1824
4816,4501,1548
4817,4733,4498
4818,4730,3892
4819,4720,4633
4820,4741,4705
4821,4782,4597
4822,4779,4684
4823,3818,3360
4824,4574,196
4825,4648,346
4826,4802,776
4827,4762,4681
4828,3728,3318
4829,4415,3871
4830,4770,2078
4831,1870,1562
4832,4780,4750
4833,4495,1033
4834,3932,435
4835,3331,383
4836,4708,579
4837,3913,2006
4838,4699,1075
4839,3858,3251
4840,4604,4481
4841,4435,266
4842,4777,1076
4843,4658,639
4844,4797,3642
4845,872,476
4846,4454,3073
4847,4670,2311
4848,4652,3812
4849,4655,2926
4850,4740,2107
4851,4682,1878
4852,4531,2711
4853,4844,2676
4854,4813,3984
4855,4807,4747
4856,4610,1613
4857,4640,3657
4858,4636,2458
4859,4734,134
4860,4726,161
4861,4448,3417
4862,4768,2286
4863,4547,1119
4864,4601,2075
4865,4616,3127
4866,4433,2348
4867,2743,303
4868,4694,3875
4869,4676,2687
4870,4794,4487
4871,4832,4822
4872,3702,1032
4873,1729,191
4874,1402,365
4875,3376,3016
4876,4723,2557
4877,4766,4460
4878,4854,915
4879,2761,2677
4880,3821,2207
4881,3571,2324
4882,4631,25
4883,2408,1507
4884,4763,137
4885,1572,424
4886,2825,2593
4887,4853,662
4888,4878,4318
4889,4838,4742
4890,4627,4537
4891,149,10
4892,1614,1269
4893,4888,4761
4894,4753,4630
4895,4757,1085
4896,4607,2854
4897,4887,1859
4898,3985,3218
4899,3182,2641
4900,4725,2098
4901,3339,1739
4902,4575,3730
4903,4584,3806
4904,4871,940
4905,1370,407
4906,4897,1322
4907,3162,1460
4908,4826,4745
4909,4855,4557
4910,316,306
4911,3651,256
4912,4764,3487
4913,4736,2376
4914,4625,273
4915,3039,892
4916,4862,2572
4917,4716,4226
4918,4691,3428
4919,972,736
4920,3832,3797
4921,1686,363
4922,4645,351
4923,4906,4680
4924,993,765
4925,4696,3544
4926,4615,1156
4927,4746,4678
4928,4703,1473
4929,4772,4641
4930,4721,475
4931,4916,4793
4932,4909,2996
4933,4617,4570
4934,4893,4786
4935,4791,849
4936,4932,1590
4937,2390,593
4938,4551,1319
4939,1247,790
4940,4904,1062
4941,4701,1827
4942,4896,3625
4943,4936,4861
4944,4639,1327
4945,4923,4767
4946,4836,4729
4947,466,313
4948,712,545
4949,4847,1353
4950,4693,4390
4951,4545,4492
4952,1394,434
4953,1359,843
4954,4561,133
4955,4908,122
4956,4940,789
4957,3409,2947
4958,4858,3792
4959,1795,1358
4960,1748,1674
4961,4876,4812
4962,1437,1210
4963,4943,4857
4964,4738,4628
4965,4942,2091
4966,4759,1113
4967,4863,1973
4968,4820,694
4969,4710,4707
4970,3751,2542
4971,933,610
4972,4927,4661
4973,4865,4829
4974,4913,4850
4975,4842,1211
4976,2079,1414
4977,4945,1022
4978,185,67
4979,3081,716
4980,4818,3549
4981,4804,2456
4982,4902,2885
4983,3231,803
4984,4873,1839
4985,4882,4620
4986,4977,4918
4987,4852,3631
4988,4833,862
4989,1494,175
4990,3215,3006
4991,3672,446
4992,4883,4827
4993,4533,3873
4994,4935,2470
4995,4845,4679
4996,3311,2895
4997,4568,3632
4998,4934,4856
4999,176,31
5000,3964,2313
5001,4986,4974
5002,4968,3052
5003,4464,2251
5004,4816,4674
5005,3948,2495
5006,2465,2215
5007,4956,3009
5008,274,205
5009,4931,2379
5010,1811,496
5011,3852,3074
5012,4849,2829
5013,4821,1559
5014,3404,1571
5015,4632,1561
5016,4843,148
5017,457,56
5018,2671,1927
5019,5005,5001
5020,4944,3978
5021,4771,2788
5022,1408,529
5023,2019,1194
5024,2278,1709
5025,4996,2371
5026,5007,4788
5027,4806,3532
5028,5009,4859
5029,4992,4961
5030,3822,3661
5031,4848,3682
5032,4831,1279
5033,4799,2848
5034,4963,4808
5035,4765,3437
5036,5019,1666
5037,5026,540
5038,3729,232
5039,4728,2615
5040,4926,2945
5041,4998,4774
5042,4929,4928
5043,2494,2168
5044,4841,194
5045,2258,686
5046,4949,4582
5047,4980,2970
5048,3265,3082
5049,5034,3884
5050,4872,1965
5051,3991,2189
5052,415,254
5053,4717,1340
5054,5013,1111
5055,3925,1388
5056,4925,4874
5057,1622,1456
5058,4685,1285
5059,4809,3202
5060,3665,233
5061,4860,4840
5062,4803,2141
5063,4798,263
5064,3392,3158
5065,4783,1218
5066,5041,4987
5067,3020,302
5068,1932,1466
5069,4946,4895
5070,1768,296
5071,4815,1313
5072,3744,2995
5073,4692,2929
5074,5028,4971
5075,4952,4903
5076,3389,304
5077,3865,2467
5078,5071,4712
5079,4938,1677
5080,4526,1021
5081,3483,13
5082,5066,4889
5083,4884,743
5084,2643,1986
5085,4805,750
5086,426,187
5087,4731,3855
5088,5053,1410
5089,3630,1701
5090,2461,541
5091,178,84
5092,4939,781
5093,5049,3837
5094,4972,4965
5095,2665,2590
5096,4995,4912
5097,5037,517
5098,5093,4982
5099,4801,493
5100,1697,1324
5101,3275,3035
5102,4846,1651
5103,2634,2134
5104,5082,2139
5105,1691,1030
5106,3602,3505
5107,481,87
5108,2897,2891
5109,451,130
5110,5036,4970
5111,4900,2714
5112,4651,2157
5113,504,319
5114,1395,419
5115,5104,1184
5116,5097,4886
5117,5059,2220
5118,5115,2847
5119,5020,848
5120,5110,1952
5121,4966,601
5122,4864,4589
5123,4787,1181
5124,5054,2436
5125,5050,5027
5126,5074,2082
5127,4870,1134
5128,5120,5051
5129,4869,2493
5130,1170,572
5131,5116,606
5132,4988,2907
5133,5079,1129
5134,5126,203
5135,3396,3007
5136,5083,1833
5137,5094,2023
5138,4914,1655
5139,5131,2712
5140,4795,3500
5141,5002,1704
5142,4814,3931
5143,5098,190
5144,4890,3256
5145,5134,4958
5146,5056,2750
5147,4922,1950
5148,5128,5025
5149,5118,4933
5150,5139,1445
5151,4901,4868
5152,1916,1116
5153,5143,4973
5154,5016,4921
5155,4819,524
5156,5150,3104
5157,5047,4920
5158,4955,995
5159,3017,444
5160,4951,1323
5161,4915,2476
5162,5156,1167
5163,4739,38
5164,944,800
5165,1516,1365
5166,3896,3062
5167,3663,624
5168,5137,2327
5169,4866,1714
5170,4969,473
5171,1280,1149
5172,5148,2385
5173,2072,772
5174,2785,227
5175,5162,1396
5176,5149,5029
5177,5154,3898
5178,5073,4924
5179,5172,2530
5180,2633,2323
5181,4647,3248
5182,4905,1346
5183,1543,111
5184,5179,5087
5185,5146,4810
5186,5175,4975
5187,5021,2543
5188,5039,4950
5189,5160,2228
5190,5169,4941
5191,5176,5069
5192,4981,3383
5193,4994,2462
5194,5043,5003
5195,4800,4605
5196,5086,5044
5197,1749,411
5198,467,322
5199,4891,348
5200,3989,3591
5201,5141,3509
5202,5145,3536
5203,5184,4796
5204,5085,3227
5205,5191,1016
5206,5024,4830
5207,4789,1
5208,3949,3811
5209,4781,3531
5210,1175,1094
5211,2896,2254
5212,5153,659
5213,5186,990
5214,4894,2570
5215,2961,604
5216,2883,297
5217,5202,3293
5218,5212,5203
5219,3791,2965
5220,5010,4715
5221,5177,751
5222,5205,3953
5223,461,406
5224,717,528
5225,5217,1441
5226,4867,3342
5227,5124,1897
5228,5158,2753
5229,5119,1568
5230,4907,3054
5231,4898,2688
5232,5076,1776
5233,3952,2252
5234,3874,1061
5235,5218,1502
5236,4979,4851
5237,1361,1238
5238,5012,4756
5239,5213,1050
5240,4993,4709
5241,3350,3305
5242,5057,4984
5243,3616,3462
5244,3947,1793
5245,5061,4885
5246,5193,1784
5247,5221,1818
5248,5168,1120
5249,5100,2188
5250,441,341
5251,4828,3442
5252,2486,1563
5253,387,144
5254,5095,4962
5255,5138,5038
5256,5102,4985
5257,5222,5045
5258,3494,1499
5259,3418,1600
5260,3296,1832
5261,2446,2009
5262,2990,1391
5263,5185,5096
5264,4948,605
5265,2411,155
5266,5133,5070
5267,4877,3649
5268,5052,3117
5269,5155,5004
5270,3639,3618
5271,5257,1263
5272,3289,1679
5273,5035,4983
5274,2478,1354
5275,3795,1403
5276,4976,1634
5277,1642,1624
5278,2656,212
5279,5271,5228
5280,5072,109
5281,3058,234
5282,1638,602
5283,3235,7
5284,5201,1665
5285,5239,3801
5286,3201,1312
5287,4839,2213
5288,5225,598
5289,5227,1740
5290,5092,2933
5291,1409,565
5292,5164,5125
5293,4964,52
5294,3336,2810
5295,3224,1054
5296,5015,510
5297,5033,4880
5298,5065,5011
5299,1109,586
5300,5136,197
5301,4835,1515
5302,4823,2952
5303,5279,746
5304,3048,436
5305,2652,1508
5306,5032,3464
5307,5288,1626
5308,5157,3452
5309,2673,55
5310,5151,1351
5311,3433,3154
5312,5303,3594
5313,5231,1472
5314,3710,1763
5315,5195,1128
5316,5189,1066
5317,1721,1183
5318,5187,2720
5319,5285,5040
5320,5127,2625
5321,1008,58
5322,4967,2551
5323,5235,904
5324,5105,1863
5325,5312,5242
5326,5256,1852
5327,4899,2405
5328,5170,333
5329,4773,1072
5330,5307,2116
5331,5289,1146
5332,2856,157
5333,5248,4837
5334,5319,982
5335,5132,1625
5336,5182,5152
5337,5077,5063
5338,5308,5215
5339,3697,1796
5340,5123,2867
5341,3270,2716
5342,3303,142
5343,5323,1461
5344,5166,5144
5345,5343,5284
5346,3121,2510
5347,4824,24
5348,5194,1009
5349,5330,5000
5350,3696,3115
5351,2599,865
5352,5046,2039
5353,2705,655
5354,5161,1250
5355,5316,5142
5356,5088,5060
5357,4917,3668
5358,5345,5078
5359,5188,2266
5360,3611,2269
5361,5117,4784
5362,165,30
5363,5244,3767
5364,4930,377
5365,1191,588
5366,3419,2767
5367,5325,5237
5368,5062,4959
5369,5349,3071
5370,3086,1381
5371,5334,5300
5372,1594,836
5373,5042,3560
5374,2146,2127
5375,5204,5080
5376,2165,1569
5377,3038,2778
5378,5367,909
5379,5246,710
5380,2406,1706
5381,3055,2853
5382,2457,1042
5383,5331,5190
5384,5075,1117
5385,5328,382
5386,4989,4879
5387,1316,325
5388,3575,3126
5389,3756,1802
5390,4697,2463
5391,4666,1244
5392,347,327
5393,5378,2864
5394,5214,3550
5395,5147,139
5396,5338,2707
5397,5130,928
5398,5371,1694
5399,4997,3736
5400,5369,2745
5401,5247,332
5402,5293,5197
5403,2417,1841
5404,3393,2416
5405,4785,2086
5406,5393,1426
5407,5310,2319
5408,2503,1581
5409,3522,213
5410,1493,1189
5411,5406,2247
5412,5341,2771
5413,5348,1159
5414,3974,3063
5415,5400,5273
5416,5358,248
5417,5263,824
5418,5373,5058
5419,4629,1620
5420,1535,1014
5421,5084,779
5422,5140,361
5423,5174,3882
5424,5129,5111
5425,5068,1233
5426,5249,5229
5427,4722,2034
5428,5380,2068
5429,4991,408
5430,5108,3443
5431,3699,2835
5432,5379,5234
5433,5411,5335
5434,3204,2110
5435,1641,672
5436,5416,5306
5437,5232,2863
5438,2657,1728
5439,5183,3635
5440,5298,2033
5441,5292,5121
5442,5181,3011
5443,4947,4792
5444,2167,39
5445,3471,3351
5446,3880,3334
5447,2156,1774
5448,5230,1451
5449,3135,2125
5450,5364,5297
5451,4825,180
5452,3579,1155
5453,2346,2020
5454,5436,562
5455,5433,1786
5456,3750,2042
5457,3851,8
5458,5333,2669
5459,846,685
5460,4748,3151
5461,2364,966
5462,5351,5290
5463,5396,5384
5464,5415,5326
5465,2739,1549
5466,5455,5243
5467,5454,734
5468,5398,1305
5469,4811,691
5470,5467,1152
5471,5091,499
5472,5466,2094
5473,5361,3480
5474,5196,3917
5475,5245,4978
5476,1431,701
5477,5472,5159
5478,3621,3168
5479,4834,1820
5480,5477,936
5481,5254,5219
5482,924,719
5483,5022,2226
5484,5321,5266
5485,5363,5090
5486,5240,3439
5487,3951,3604
5488,5468,5163
5489,5470,2726
5490,2357,2245
5491,2312,943
5492,3515,1556
5493,5173,2533
5494,1362,692
5495,5356,1995
5496,3992,3277
5497,5372,1862
5498,1780,1118
5499,5114,1942
5500,3881,1658
5501,5426,878
5502,5340,5320
5503,5488,874
5504,5099,92
5505,3130,228
5506,2973,1855
5507,4919,983
5508,2087,1019
5509,2872,1963
5510,5220,4911
5511,3829,336
5512,5211,166
5513,2303,1048
5514,5354,1872
5515,5424,2600
5516,2960,1145
5517,3367,1182
5518,5480,5432
5519,480,201
5520,5375,2629
5521,4953,2046
5522,5401,3747
5523,5280,3050
5524,5418,81
5525,5352,5023
5526,5337,1903
5527,2787,1521
5528,5489,5264
5529,1690,1267
5530,5464,3645
5531,5267,576
5532,5481,1592
5533,3291,3206
5534,5385,4732
5535,5353,977
5536,3102,2496
5537,3014,2045
5538,5322,2858
5539,1957,1459
5540,5528,5360
5541,5518,761
5542,2577,2223
5543,5269,4957
5544,2644,2237
5545,2535,2040
5546,5413,2265
5547,5109,1934
5548,5541,553
5549,5530,5089
5550,2544,448
5551,5224,859
5552,5199,422
5553,5548,669
5554,2459,1199
5555,5407,2409
5556,5448,5355
5557,1628,1151
5558,5540,5456
5559,214,164
5560,5291,1470
5561,5417,5403
5562,5553,5495
5563,5122,5081
5564,5301,3667
5565,5294,3754
5566,5336,856
5567,3475,3150
5568,2979,2802
5569,2050,1966
5570,5388,2941
5571,5387,2561
5572,2682,2429
5573,5238,5031
5574,5538,3774
5575,1783,1442
5576,2095,1756
5577,5067,3230
5578,5459,5296
5579,5207,193
5580,5558,3431
5581,5435,1492
5582,5503,5484
5583,1309,1221
5584,5268,224
5585,5192,1314
5586,5376,5226
5587,5329,1449
5588,5549,3841
5589,5055,1582
5590,3771,2921
5591,3398,3308
5592,3044,3042
5593,4881,126
5594,3190,1136
5595,5521,2093
5596,5318,3233
5597,1160,748
5598,5397,3288
5599,5534,5270
5600,1609,1558
5601,2197,1298
5602,5580,740
5603,5588,5180
5604,5216,955
5605,2636,1922
5606,5357,3727
5607,5602,5531
5608,5018,145
5609,3704,3386
5610,5274,3613
5611,5524,5339
5612,5546,5112
5613,2190,217
5614,1545,1166
5615,5430,2036
5616,5607,1945
5617,5262,2690
5618,2505,1596
5619,3543,1428
5620,5368,5324
5621,5603,78
5622,5463,1671
5623,5562,5441
5624,5507,5276
5625,5616,3776
5626,5315,1983
5627,5475,5250
5628,4817,554
5629,2833,2221
5630,5522,913
5631,3484,2700
5632,5476,2957
5633,342,80
5634,5625,5439
5635,5634,3839
5636,2994,1743
5637,729,656
5638,5621,5200
5639,5526,5474
5640,3080,2280
5641,5382,2404
5642,5555,2206
5643,5561,866
5644,5255,2868
5645,3133,3114
5646,5209,3578
5647,5425,1215
5648,471,211
5649,5520,3458
5650,5206,5165
5651,5493,5365
5652,5517,3662
5653,5282,3037
5654,5582,5178
5655,5275,3923
5656,5640,5482
5657,5574,5428
5658,5635,1468
5659,373,177
5660,5469,3703
5661,5450,2871
5662,1226,850
5663,5383,4960
5664,5623,5504
5665,5638,5167
5666,5566,5485
5667,5198,430
5668,2899,241
5669,5630,5497
5670,2513,1310
5671,5658,814
5672,5664,715
5673,1939,1936
5674,5458,548
5675,5479,5272
5676,2920,2441
5677,5586,5103
5678,3987,2597
5679,464,54
5680,4875,3032
5681,1766,988
5682,5665,5543
5683,5570,5501
5684,5008,335
5685,5261,2187
5686,3924,643
5687,5440,1185
5688,2851,1453
5689,5672,3405
5690,5427,2969
5691,2166,2069
5692,5394,1745
5693,5671,1901
5694,5643,808
5695,5693,1908
5696,5006,249
5697,1371,459
5698,5649,902
5699,5695,5666
5700,5236,3725
5701,3889,745
5702,5473,1059
5703,5622,2925
5704,3890,1599
5705,5532,5462
5706,5689,1964
5707,5287,2394
5708,3264,2651
5709,1669,1249
5710,5606,3941
5711,5698,503
5712,5359,5101
5713,5499,2369
5714,456,32
5715,2155,523
5716,2084,777
5717,5420,1243
5718,5706,3658
5719,5654,5410
5720,4990,2529
5721,3147,2537
5722,1407,1192
5723,5639,1741
5724,5408,5390
5725,5674,1325
5726,5402,2318
5727,2642,2552
5728,3274,1762
5729,5642,5251
5730,5718,5578
5731,5611,5502
5732,5500,2186
5733,5699,5589
5734,1933,428
5735,5233,3752
5736,5719,2555
5737,1672,93
5738,650,544
5739,3316,2131
5740,5171,1420
5741,2263,594
5742,5422,3740
5743,5597,5571
5744,5656,5581
5745,5514,2270
5746,5513,5447
5747,5452,1788
5748,5733,2241
5749,5560,985
5750,5730,5681
5751,5509,5366
5752,5617,877
5753,5395,454
5754,5750,698
5755,5627,1700
5756,5442,3364
5757,5596,5556
5758,5725,5650
5759,3706,1823
5760,5585,622
5761,5592,269
5762,5754,1363
5763,5483,1576
5764,3701,3612
5765,5327,3903
5766,5663,5494
5767,3263,1011
5768,5762,5705
5769,5346,506
5770,5683,240
5771,5552,66
5772,3983,1616
5773,5646,1173
5774,5748,812
5775,5535,5017
5776,3850,3335
5777,5599,2515
5778,3617,3585
5779,5755,16
5780,5729,5687
5781,5573,2958
5782,5694,542
5783,5539,5317
5784,5332,886
5785,5299,3976
5786,3656,657
5787,5277,2489
5788,3620,559
5789,3993,1003
5790,5399,3863
5791,5655,1980
5792,5496,5208
5793,5669,5644
5794,3143,2583
5795,2349,1854
5796,2253,1287
5797,3508,3107
5798,5768,5711
5799,2935,2874
5800,5682,5305
5801,2109,1912
5802,5736,136
5803,5713,5703
5804,3646,3129
5805,5620,1785
5806,5726,5451
5807,5775,5386
5808,5591,3446
5809,5647,2439
5810,5774,5258
5811,2162,1575
5812,5515,328
5813,2595,704
5814,3262,2889
5815,5135,3476
5816,5600,5575
5817,5512,3077
5818,1779,114
5819,5802,741
5820,5302,3738
5821,5723,474
5822,614,547
5823,5810,599
5824,1972,1715
5825,5742,5510
5826,2828,1875
5827,5823,5598
5828,5478,2062
5829,5798,839
5830,2090,364
5831,1993,1234
5832,3423,3140
5833,1804,1790
5834,5819,5806
5835,1989,888
5836,5563,5344
5837,5800,2799
5838,1588,208
5839,5421,571
5840,5608,1004
5841,5837,5712
5842,5278,3324
5843,3930,1798
5844,3876,2724
5845,5782,2386
5846,5766,1527
5847,1744,1670
5848,5696,113
5849,2992,2601
5850,5437,1064
5851,5744,5743
5852,5845,5827
5853,3524,1759
5854,3533,708
5855,5419,1328
5856,5829,5210
5857,5594,5313
5858,5803,2539
5859,5624,5564
5860,5636,2345
5861,5702,2501
5862,5758,5569
5863,5856,5583
5864,5525,3787
5865,5863,1816
5866,5760,5641
5867,3788,825
5868,5846,957
5869,1907,1789
5870,5265,2083
5871,5770,942
5872,5865,1546
5873,4892,1540
5874,5685,2080
5875,2422,2298
5876,5872,1477
5877,2184,1163
5878,2102,831
5879,5852,735
5880,2445,2175
5881,3226,3075
5882,5506,2811
5883,5389,1024
5884,5876,1496
5885,5868,1668
5886,5030,2980
5887,5491,3847
5888,5884,5752
5889,5613,763
5890,5675,1488
5891,5888,5551
5892,5577,2431
5893,5780,5405
5894,5260,3271
5895,5619,1097
5896,5527,5523
5897,5737,5662
5898,5885,5529
5899,5550,1318
5900,5688,5423
5901,5817,5404
5902,3436,1971
5903,2807,2022
5904,427,345
5905,5492,3186
5906,5858,5749
5907,5793,1654
5908,5809,5691
5909,3266,95
5910,5882,5618
5911,4593,169
5912,5812,5048
5913,5747,1427
5914,5779,5753
5915,5311,3410
5916,5879,2011
5917,492,110
5918,5867,5449
5919,5568,5281
5920,5841,1716
5921,5839,5716
5922,5498,2483
5923,5542,758
5924,5891,5304
5925,5286,3962
5926,5429,5107
5927,3379,102
5928,1369,352
5929,3716,1997
5930,2106,29
5931,3878,1520
5932,5751,1982
5933,2440,1639
5934,5862,2295
5935,5722,1078
5936,2460,2250
5937,5924,5907
5938,5916,1808
5939,5745,5626
5940,5915,2721
5941,5920,5565
5942,5791,5731
5943,5938,3813
5944,5783,5579
5945,1829,1484
5946,3700,1682
5947,5465,3580
5948,5834,5715
5949,5943,5595
5950,5757,2413
5951,1722,802
5952,5628,567
5953,147,63
5954,123,23
5955,5309,2289
5956,5377,1380
5957,5871,5673
5958,4642,2782
5959,5949,1889
5960,5896,5821
5961,5833,1864
5962,5959,5769
5963,5934,1938
5964,5777,3134
5965,5724,5661
5966,5653,3338
5967,5864,3981
5968,5805,546
5969,5898,2654
5970,5906,5851
5971,2908,1684
5972,5453,1331
5973,5937,5735
5974,5962,5866
5975,5295,1803
5976,1817,1623
5977,2211,1317
5978,5963,5587
5979,5461,1570
5980,3956,3584
5981,5857,76
5982,1479,538
5983,5692,5486
5984,5974,2620
5985,5434,3975
5986,5446,613
5987,5746,3687
5988,3842,3408
5989,5861,5850
5990,3501,1711
5991,5950,5443
5992,5984,2449
5993,5992,2018
5994,5374,1689
5995,5677,5113
5996,1147,1065
5997,2426,1636
5998,5973,1007
5999,5680,293
6000,5508,640
6001,5740,5717
6002,3247,2664
6003,5670,2171
6004,5690,3424
6005,5998,590
6006,432,21
6007,5720,1225
6008,5914,443
6009,5545,3278
6010,3466,3076
6011,2500,141
6012,5601,1685
6013,6005,1752
6014,2805,326
6015,5707,1026
6016,5993,2605
6017,305,162
6018,2997,1352
6019,5252,2224
6020,3327,83
6021,5935,5554
6022,2727,2481
6023,5957,5759
6024,6016,3572
6025,5710,469
6026,5807,952
6027,3194,289
6028,5969,5697
6029,5855,2569
6030,5811,5657
6031,5910,900
6032,5995,5610
6033,3341,2623
6034,5948,5799
6035,6024,1374
6036,1241,1088
6037,2901,2525
6038,5978,2964
6039,6013,706
6040,6035,5849
6041,2695,2384
6042,6039,5968
6043,3287,1974
6044,5825,2857
6045,5875,2576
6046,2932,1667
6047,5794,2490
6048,479,195
6049,5533,3328
6050,1921,764
6051,5612,518
6052,2882,2616
6053,5362,99
6054,5941,5859
6055,2410,1806
6056,6038,1174
6057,3426,2203
6058,5511,5409
6059,5967,2701
6060,5818,3282
6061,3911,3216
6062,6042,1161
6063,5939,5763
6064,920,700
6065,3109,2021
6066,5989,1232
6067,5632,225
6068,5952,1326
6069,5732,3493
6070,5970,5761
6071,6062,1781
6072,6034,5878
6073,6072,5900
6074,5947,5660
6075,6054,3148
6076,5921,5700
6077,6040,5738
6078,5946,5615
6079,6008,1474
6080,3636,1564
6081,3195,3149
6082,992,680
6083,5893,3415
6084,6071,5840
6085,6051,3834
6086,1750,1637
6087,6026,1268
6088,1850,1578
6089,5895,1782
6090,3118,2342
6091,5958,5412
6092,216,172
6093,1797,494
6094,3467,3239
6095,4954,1069
6096,1058,209
6097,5820,5792
6098,3454,3163
6099,5614,1525
6100,3640,2950
6101,6075,3520
6102,5908,5860
6103,3368,2563
6104,1412,585
6105,5789,2900
6106,6084,1610
6107,2796,2299
6108,3444,1531
6109,6106,3582
6110,5981,5901
6111,6077,5987
6112,2210,309
6113,3726,522
6114,4937,898
6115,6109,3593
6116,5381,2177
6117,6027,2717
6118,5874,2124
6119,6101,2967
6120,6115,1264
6121,5899,5576
6122,3434,558
6123,1207,766
6124,6028,1099
6125,5965,2027
6126,2976,1404
6127,6120,2954
6128,5942,5765
6129,4428,1360
6130,6085,2249
6131,6127,783
6132,5516,396
6133,6111,1539
6134,6133,6021
6135,5784,2285
6136,5559,895
6137,5659,1294
6138,3848,1943
6139,5961,5842
6140,5873,581
6141,3664,1587
6142,2953,989
6143,6061,5678
6144,198,125
6145,6073,1385
6146,6030,2723
6147,6000,539
6148,6134,5741
6149,5964,5887
6150,5835,868
6151,3489,153
6152,6083,5786
6153,5676,1528
6154,5923,5813
6155,5986,5781
6156,6033,3177
6157,5832,1731
6158,5870,5391
6159,6125,2370
6160,6139,5960
6161,3679,623
6162,532,320
6163,3465,3223
6164,6148,6070
6165,5431,399
6166,994,549
6167,3445,3295
6168,6056,5704
6169,6168,702
6170,6145,2842
6171,5929,5836
6172,6022,5997
6173,6001,873
6174,5460,908
6175,5956,3521
6176,1303,822
6177,5971,3421
6178,5797,3478
6179,5991,1258
6180,6131,1584
6181,3557,1844
6182,5996,1476
6183,3460,2389
6184,2776,2453
6185,5505,3337
6186,5912,3450
6187,6121,889
6188,5223,49
6189,6180,1736
6190,5014,3843
6191,6119,799
6192,6023,1998
6193,1421,1176
6194,6149,5773
6195,6110,6069
6196,5999,1800
6197,5438,2052
6198,6164,2946
6199,6189,6169
6200,1307,667
6201,5979,3607
6202,5771,1719
6203,5283,3139
6204,5932,2358
6205,3605,3552
6206,5651,5629
6207,6170,5919
6208,6198,660
6209,301,288
6210,2115,724
6211,6029,801
6212,5785,2117
6213,6089,6063
6214,6012,2968
6215,5584,140
6216,5804,3556
6217,6191,1227
6218,5721,1077
6219,5824,2972
6220,6078,1805
6221,6179,6018
6222,5848,2740
6223,5756,3685
6224,5604,2983
6225,3267,2585
6226,5854,3912
6227,5985,896
6228,6208,842
6229,6217,752
6230,6192,3519
6231,5652,1074
6232,5913,5897
6233,6007,830
6234,6146,1633
6235,2421,276
6236,6123,731
6237,5928,1100
6238,6229,3973
6239,5828,5772
6240,2428,1702
6241,5795,1005
6242,5593,1231
6243,5547,445
6244,6199,5933
6245,6128,3647
6246,6130,5977
6247,6207,2322
6248,6079,330
6249,5709,1387
6250,5847,1895
6251,6230,6228
6252,2850,2024
6253,3879,1355
6254,6238,5814
6255,5490,1012
6256,5347,1197
6257,6231,820
6258,6245,6066
6259,6003,2201
6260,6152,918
6261,2290,607
6262,5918,1541
6263,1289,414
6264,2239,1148
6265,6254,6074
6266,6097,3272
6267,1130,841
6268,6136,5955
6269,2736,2663
6270,5890,5457
6271,5708,5414
6272,6049,2588
6273,5883,1663
6274,6244,6213
6275,3637,2915
6276,2744,709
6277,6025,5926
6278,6124,1080
6279,6278,2912
6280,2216,537
6281,2728,1378
6282,6251,1411
6283,6087,5951
6284,5444,1106
6285,6265,631
6286,6221,6112
6287,3844,2
6288,5727,1880
6289,6019,5767
6290,1703,818
6291,6274,683
6292,6076,711
6293,2755,811
6294,6186,6143
6295,3240,3181
6296,932,183
6297,1336,1190
6298,282,127
6299,6158,3676
6300,6247,1278
6301,6285,3592
6302,6282,2649
6303,6302,804
6304,6256,3249
6305,5972,564
6306,6300,6248
6307,6303,6154
6308,5816,2772
6309,6301,2859
6310,5894,1695
6311,6080,1595
6312,3684,819
6313,2820,744
6314,6082,6064
6315,6309,1653
6316,5590,1063
6317,5944,226
6318,2172,315
6319,2589,627
6320,6155,3888
6321,2101,1000
6322,5889,1373
6323,3808,2479
6324,6307,1920
6325,5679,5667
6326,2931,2538
6327,6324,6279
6328,6260,5701
6329,6159,2236
6330,295,69
6331,6246,1644
6332,1981,1718
6333,2658,2578
6334,5350,271
6335,2076,1277
6336,6291,6031
6337,2065,1847
6338,2355,1447
6339,1482,970
6340,6102,561
6341,5922,1801
6342,3355,3059
6343,3026,2660
6344,3883,1799
6345,6315,5637
6346,6227,749
6347,6286,6032
6348,6203,6094
6349,5838,3096
6350,5917,1985
6351,3749,2708
6352,6226,5892
6353,6196,5975
6354,6002,526
6355,3853,3012
6356,6328,2268
6357,159,36
6358,6336,6046
6359,5788,5572
6360,6345,3576
6361,6262,6240
6362,1554,768
6363,6327,5831
6364,5880,2373
6365,6160,2609
6366,6358,5903
6367,3330,2227
6368,6329,1612
6369,3008,2123
6370,6058,6004
6371,6363,2927
6372,6067,3748
6373,5826,85
6374,6366,2433
6375,6371,6340
6376,1500,381
6377,6365,3105
6378,6255,6234
6379,6374,6319
6380,1526,925
6381,6379,5945
6382,1344,845
6383,5983,5980
6384,5853,3551
6385,6306,5953
6386,3325,2831
6387,6385,688
6388,6375,6267
6389,6346,1538
6390,6381,1203
6391,1724,795
6392,5966,1597
6393,6171,5927
6394,6310,3570
6395,3587,3534
6396,6184,5668
6397,6387,6259
6398,6390,6142
6399,5994,2424
6400,5905,128
6401,1142,1055
6402,6212,6060
6403,6211,6011
6404,5940,3145
6405,6398,899
6406,3358,2028
6407,6299,6204
6408,6405,792
6409,6202,6188
6410,6059,2219
6411,6135,5877
6412,6388,6050
6413,6090,1514
6414,6173,5904
6415,2770,1958
6416,6140,1341
6417,5931,5605
6418,6397,775
6419,6360,5739
6420,6132,2773
6421,6197,1092
6422,6222,2612
6423,6331,5925
6424,6412,2579
6425,6408,1364
6426,3157,1760
6427,6424,1822
6428,6122,5734
6429,355,173
6430,6427,2013
6431,6418,851
6432,2304,664
6433,6206,6108
6434,3934,1475
6435,6223,1931
6436,5796,2809
6437,6430,6347
6438,6266,673
6439,6425,730
6440,6419,6393
6441,6378,6311
6442,6277,324
6443,6439,511
6444,6190,3116
6445,6423,828
6446,6377,1853
6447,6200,619
6448,6215,5684
6449,6414,5557
6450,6268,2904
6451,2055,1169
6452,6356,6313
6453,6275,6052
6454,3891,1962
6455,1038,760
6456,6437,1884
6457,6194,3315
6458,5843,2693
6459,6343,3363
6460,2618,2037
6461,6452,1871
6462,6096,3988
6463,6443,5714
6464,6091,378
6465,6088,3156
6466,2524,372
6467,5787,881
6468,6232,2951
6469,6384,2381
6470,2484,26
6471,6456,857
6472,2893,2655
6473,6294,620
6474,6463,759
6475,6474,6422
6476,1662,482
6477,6195,6172
6478,6320,6137
6479,6350,6044
6480,6258,6175
6481,6219,2016
6482,3482,3349
6483,6284,6138
6484,2689,2153
6485,6471,6187
6486,6389,1200
6487,5776,2779
6488,3845,747
6489,1031,937
6490,6317,1627
6491,6153,2200
6492,2277,1110
6493,6236,767
6494,5990,3861
6495,6361,1723
6496,6081,5241
6497,6201,1680
6498,5686,1664
6499,6334,2734
6500,6475,2235
6501,6403,6147
6502,2003,262
6503,6391,1726
6504,6047,3823
6505,6105,6015
6506,3072,721
6507,6485,1547
6508,6446,6288
6509,6205,5930
6510,5808,5259
6511,6182,6020
6512,6431,969
6513,6500,520
6514,6461,1918
6515,6043,2398
6516,1405,813
6517,1935,1485
6518,5911,250
6519,6507,3513
6520,6513,6150
6521,6368,3317
6522,2271,1121
6523,6314,882
6524,6445,1245
6525,6095,3138
6526,5886,1205
6527,6480,2763
6528,6440,6438
6529,6520,1899
6530,6283,1738
6531,6457,1196
6532,5982,615
6533,6441,6364
6534,1448,1235
6535,6241,2804
6536,6529,6416
6537,2730,773
6538,6512,6450
6539,6220,2924
6540,6162,1555
6541,1261,630
6542,6519,6486
6543,6542,6322
6544,5106,3857
6545,3422,678
6546,912,595
6547,6410,3414
6548,6269,1440
6549,6270,1178
6550,3980,533
6551,3430,1717
6552,2475,105
6553,6523,6421
6554,6524,1490
6555,6264,3507
6556,6536,3609
6557,6249,603
6558,6253,927
6559,6543,6323
6560,2674,2604
6561,6559,6514
6562,6372,1356
6563,6477,6473
6564,6556,905
6565,6382,6126
6566,6442,3979
6567,6538,1975
6568,6564,6530
6569,6321,6166
6570,2292,699
6571,6325,3344
6572,6528,2100
6573,6218,3420
6574,5801,3867
6575,3320,997
6576,6287,1955
6577,5822,2272
6578,2400,2194
6579,6395,6037
6580,6572,3893
6581,5519,1509
6582,2784,1343
6583,6521,2834
6584,6563,6502
6585,6176,3242
6586,6568,6181
6587,6531,2875
6588,6305,2892
6589,1621,707
6590,6508,6055
6591,6561,1053
6592,6433,6308
6593,6586,670
6594,3040,486
6595,6567,2333
6596,3280,2049
6597,6297,1240
6598,6214,6045
6599,6591,893
6600,6540,926
6601,6341,6289
6602,6113,2830
6603,5778,3253
6604,3451,356
6605,6599,6462
6606,6593,1727
6607,6224,244
6608,6116,1978
6609,6383,3870
6610,6086,1909
6611,6478,6339
6612,5487,3577
6613,6527,6183
6614,2038,560
6615,6373,5609
6616,6496,5631
6617,6353,4790
6618,6606,6595
6619,6605,3302
6620,6053,3176
6621,3106,362
6622,6326,2949
6623,6458,6420
6624,6444,1956
6625,6432,2154
6626,6580,6210
6627,6626,3677
6628,6619,3564
6629,6237,1271
6630,2288,645
6631,3603,340
6632,6273,3758
6633,6628,6332
6634,2764,574
6635,6547,5909
6636,6261,6129
6637,2704,867
6638,6292,2293
6639,2113,1699
6640,6597,6407
6641,6068,5253
6642,2053,1954
6643,6401,2956
6644,3381,1248
6645,6627,1300
6646,2173,1089
6647,6272,1047
6648,6276,3142
6649,6618,6174
6650,1001,514
6651,3245,3028
6652,5370,3713
6653,6479,6351
6654,6633,6590
6655,2334,671
6656,6645,637
6657,6352,6252
6658,6613,6337
6659,6271,3486
6660,6468,2813
6661,6392,2715
6662,6257,648
6663,405,338
6664,3939,3583
6665,2855,608
6666,6656,6380
6667,6099,45
6668,6526,90
6669,6460,6009
6670,6504,6436
6671,5902,1255
6672,5544,417
6673,6394,6348
6674,6583,6554
6675,6511,2442
6676,6533,2614
6677,6451,2435
6678,6367,6316
6679,6615,6509
6680,6649,2198
6681,6333,2684
6682,6290,1512
6683,6654,6570
6684,6014,5064
6685,6666,914
6686,6354,2984
6687,2427,2001
6688,6549,6216
6689,6658,6157
6690,6092,3
6691,6193,2987
6692,6539,2447
6693,6467,2208
6694,6685,6501
6695,1339,40
6696,5830,3188
6697,2261,1882
6698,3916,100
6699,6396,6107
6700,6359,3528
6701,6683,3933
6702,6636,1915
6703,2012,1462
6704,6701,634
6705,6490,6243
6706,6525,3512
6707,6704,2630
6708,6680,6493
6709,6609,6499
6710,3498,2347
6711,6464,844
6712,3352,684
6713,6495,2491
6714,3463,1688
6715,6707,1469
6716,4999,265
6717,6715,965
6718,6676,2540
6719,6694,3503
6720,6708,6447
6721,6717,6492
6722,1260,618
6723,6318,2014
6724,6404,3693
6725,6426,264
6726,2653,1465
6727,6647,1732
6728,6721,6415
6729,6611,384
6730,6665,6402
6731,960,887
6732,2696,1807
6733,6722,6553
6734,1879,374
6735,6510,5445
6736,6728,6503
6737,6720,6399
6738,6736,6235
6739,3388,2283
6740,3371,823
6741,5648,485
6742,6587,5976
6743,6742,2212
6744,1999,946
6745,6655,6640
6746,6737,1015
6747,6738,2791
6748,1036,375
6749,6601,6571
6750,3207,3144
6751,6465,2801
6752,2397,2002
6753,6747,1770
6754,6674,2553
6755,6653,6448
6756,5936,1043
6757,6691,2814
6758,6335,2402
6759,6497,6488
6760,6104,1071
6761,6719,6644
6762,6753,769
6763,5537,3477
6764,6754,2545
6765,1902,5
6766,6161,723
6767,6623,6376
6768,6610,1629
6769,6518,484
6770,2325,2225
6771,6745,6537
6772,6762,551
6773,6729,6603
6774,6761,2179
6775,6772,6624
6776,2873,2128
6777,6505,1139
6778,6349,2703
6779,6775,974
6780,5314,934
6781,6233,6114
6782,6532,2762
6783,6662,666
6784,2959,2940
6785,6565,1593
6786,2257,1640
6787,6677,431
6788,5392,27
6789,6779,6650
6790,6638,617
6791,6790,6535
6792,472,206
6793,2591,394
6794,3092,727
6795,6670,6151
6796,6689,6411
6797,6718,6338
6798,6581,6562
6799,6789,6629
6800,3690,2808
6801,6592,6584
6802,6774,703
6803,6517,6344
6804,5988,1550
6805,6177,1284
6806,6799,6600
6807,6802,1765
6808,6093,649
6809,6598,2624
6810,6617,3627
6811,3065,2359
6812,6806,2119
6813,6625,1996
6814,2790,827
6815,2617,1143
6816,6807,1273
6817,2870,1751
6818,2451,1773
6819,2448,999
6820,2161,829
6821,6812,2981
6822,2159,855
6823,6733,6481
6824,6816,6657
6825,6821,580
6826,6764,6585
6827,6735,3060
6828,5790,5764
6829,6515,1495
6830,6484,1112
6831,2196,1687
6832,6797,536
6833,3425,3250
6834,6573,2948
6835,6713,6466
6836,6824,2735
6837,6759,6746
6838,6209,19
6839,6369,3411
6840,6455,679
6841,6692,2627
6842,6304,1506
6843,3569,2077
6844,3968,1081
6845,6498,6469
6846,2586,2498
6847,6823,1270
6848,6280,2571
6849,6756,6635
6850,863,675
6851,6836,2999
6852,6560,6417
6853,1491,1486
6854,2865,2562
6855,6825,6813
6856,6832,6771
6857,6855,6483
6858,3089,737
6859,6688,1056
6860,6250,1849
6861,6163,1366
6862,2838,2132
6863,3281,3237
6864,6857,1960
6865,6864,3793
6866,2884,738
6867,6641,1929
6868,2939,1246
6869,3362,1725
6870,6865,6803
6871,6755,6141
6872,6837,6661
6873,6810,6700
6874,6870,3565
6875,6826,1458
6876,6435,5645
6877,6851,653
6878,6622,3737
6879,6608,1153
6880,6874,6550
6881,6675,6669
6882,2840,2305
6883,6880,810
6884,6682,6632
6885,6872,6296
6886,6667,6100
6887,6409,2697
6888,3807,1683
6889,2817,1483
6890,2067,1524
6891,3326,2399
6892,6103,2765
6893,6877,6709
6894,2048,958
6895,2229,1988
6896,2824,2769
6897,6506,981
6898,6798,6491
6899,6743,6239
6900,6885,6449
6901,6796,6783
6902,6476,1874
6903,6883,1124
6904,6787,2267
6905,1970,1618
6906,2622,35
6907,907,884
6908,3343,1617
6909,6693,2242
6910,6875,552
6911,6840,1887
6912,6903,3757
6913,6406,2205
6914,6900,557
6915,3997,1553
6916,6912,713
6917,6856,6428
6918,6749,1843
6919,894,531
6920,391,323
6921,6589,6557
6922,6916,1057
6923,6569,3333
6924,2262,2209
6925,6922,931
6926,6849,188
6927,2741,573
6928,6914,1135
6929,6739,919
6930,6165,806
6931,6928,809
6932,3553,3124
6933,6400,2754
6934,6925,1861
6935,6800,6687
6936,6931,509
6937,6884,2966
6938,771,284
6939,6242,1171
6940,6809,6489
6941,6936,6714
6942,6699,6588
6943,6934,2548
6944,6941,2839
6945,6678,1583
6946,6893,2862
6947,1896,1713
6948,6943,1138
6949,6917,6522
6950,6944,6648
6951,2963,1335
6952,6948,6637
6953,6859,6370
6954,6646,3491
6955,6620,2869
6956,6118,2650
6957,6952,6882
6958,2122,1228
6959,6950,478
6960,6876,3175
6961,6901,6582
6962,3301,1846
6963,6957,1650
6964,6773,5954
6965,6706,2575
6966,5471,3453
6967,6963,6820
6968,6910,6555
6969,6487,6017
6970,6828,6544
6971,6967,6946
6972,6607,6434
6973,6792,230
6974,6767,6686
6975,6548,2506
6976,2396,971
6977,6795,3545
6978,6546,6185
6979,5728,3688
6980,6690,366
6981,6852,2977
6982,6805,5844
6983,6758,6660
6984,6959,521
6985,6984,786
6986,6835,6752
6987,1977,1392
6988,6939,6712
6989,6985,875
6990,6839,6834
6991,6989,6919
6992,6873,6730
6993,6949,6639
6994,6991,2971
6995,6357,6048
6996,6858,6791
6997,6726,2377
6998,6961,6724
6999,3166,3005
7000,6899,6577
7001,3200,2631
7002,6566,2725
7003,6768,1632
7004,6904,6830
7005,1010,638
7006,6006,1992
7007,6643,6263
7008,6786,6482
7009,6968,6935
7010,6801,1873
7011,689,131
7012,6842,757
7013,3714,3390
7014,6994,951
7015,6971,6732
7016,6144,488
7017,6579,1910
7018,6616,6594
7019,7009,6847
7020,2748,2603
7021,6998,2195
7022,7010,3938
7023,2766,1836
7024,6776,1775
7025,6551,2437
7026,6760,2482
7027,7014,6921
7028,6940,2316
7029,3804,3608
7030,2330,2217
7031,7027,2556
7032,6785,6668
7033,6612,834
7034,7021,6731
7035,6281,2930
7036,6965,6312
7037,6838,163
7038,7022,939
7039,3199,3000
7040,6909,2914
7041,6664,1254
7042,6545,1767
7043,6784,6098
7044,2982,1937
7045,6942,6898
7046,1987,853
7047,6918,6881
7048,3840,404
7049,6930,3766
7050,6868,2648
7051,6879,2913
7052,6907,5342
7053,2887,1753
7054,7038,6993
7055,483,98
7056,6651,5536
7057,7015,6986
7058,7045,7031
7059,6887,5869
7060,6757,6541
7061,6953,6552
7062,6472,385
7063,6574,826
7064,6766,2975
7065,6494,1330
7066,359,235
7067,2336,2121
7068,6723,2783
7069,6863,6342
7070,6981,6871
7071,6117,2407
7072,6634,1162
7073,7057,964
7074,7058,642
7075,6659,6516
7076,6841,6362
7077,7074,6867
7078,3490,2004
7079,7019,1397
7080,903,891
7081,6866,2066
7082,1049,693
7083,7052,487
7084,6673,5881
7085,2598,945
7086,7034,1812
7087,3732,575
7088,6974,6734
7089,6697,2043
7090,6923,696
7091,2659,1534
7092,6996,2777
7093,6702,6225
7094,6057,5815
7095,6413,2916
7096,1157,976
7097,7076,6924
7098,6982,3053
7099,6822,720
7100,7028,7003
7101,2307,2275
7102,7077,652
7103,7013,6156
7104,7012,6041
7105,6558,3864
7106,7002,2902
7107,885,597
7108,6386,2468
7109,959,956
7110,6778,1413
7111,7086,6727
7112,6769,1848
7113,2937,2519
7114,3473,349
7115,7079,1208
7116,6711,2797
7117,7102,6782
7118,6751,3957
7119,1332,967
7120,6964,3906
7121,6672,2718
7122,1733,616
7123,7117,535
7124,7073,1900
7125,6908,2919
7126,6705,5633
7127,6808,6777
7128,7115,681
7129,3097,1172
7130,7123,6831
7131,6956,463
7132,2531,1949
7133,7130,6975
7134,3284,2246
7135,6853,6744
7136,6992,6947
7137,7133,591
7138,1045,455
7139,3969,646
7140,221,82
7141,3370,3091
7142,7137,3001
7143,6945,6829
7144,6933,1406
7145,2558,2063
7146,6926,6811
7147,3518,2026
7148,6911,2521
7149,6846,661
7150,7111,7042
7151,2000,625
7152,7092,6958
7153,7054,7004
7154,2341,2151
7155,6698,6663
7156,6977,1712
7157,3573,1432
7158,7070,6878
7159,7142,2230
7160,7120,7055
7161,7159,6844
7162,2158,515
7163,7150,2005
7164,7000,6454
7165,7124,7008
7166,7165,7017
7167,7166,7037
7168,3461,2499
7169,6010,1276
7170,3120,2675
7171,816,174
7172,6978,3152
7173,7075,6671
7174,7097,2025
7175,6860,6065
7176,6972,6178
7177,6684,6036
7178,3623,3595
7179,7095,6954
7180,7163,7119
7181,6966,6827
7182,7167,6848
7183,7047,1517
7184,7109,6937
7185,6890,6470
7186,6741,14
7187,6995,222
7188,7180,7107
7189,7026,6453
7190,7128,7100
7191,6696,1659
7192,7182,2667
7193,7174,6780
7194,7106,3733
7195,6988,1673
7196,1501,242
7197,6621,922
7198,948,583
7199,7192,2795
7200,2471,998
7201,6631,181
7202,7090,6983
7203,7161,3798
7204,6962,3915
7205,7199,7188
7206,6896,1867
7207,7156,780
7208,7203,697
7209,7190,6906
7210,7208,7046
7211,7210,7082
7212,7059,6679
7213,7064,6602
7214,6652,1635
7215,7136,7033
7216,7164,7036
7217,7211,6459
7218,7217,6969
7219,7072,2320
7220,7098,5567
7221,6695,1444
7222,3816,2092
7223,6794,1608
7224,182,11
7225,7023,6889
7226,7088,1948
7227,7158,2794
7228,3789,2698
7229,7146,2382
7230,1418,921
7231,7104,329
7232,2639,2182
7233,6293,1851
7234,7205,633
7235,7218,3558
7236,7068,2029
7237,7116,7049
7238,7235,1792
7239,7194,3723
7240,7144,450
7241,6843,2568
7242,6913,6894
7243,7238,7209
7244,7234,7105
7245,7110,7094
7246,447,48
7247,7200,1905
7248,1865,1102
7249,6990,1105
7250,7244,530
7251,6614,628
7252,7250,7040
7253,7160,636
7254,7226,7131
7255,3241,1630
7256,6902,3589
7257,7252,519
7258,7207,7183
7259,2532,2526
7260,6888,3660
7261,7239,3535
7262,6788,158
7263,7202,1443
7264,6861,6781
7265,7084,7018
7266,7257,2452
7267,7266,854
7268,2291,911
7269,7135,1791
7270,6927,3406
7271,7001,6850
7272,3641,1399
7273,7121,2204
7274,7212,6716
7275,7060,1940
7276,7267,7253
7277,2611,2560
7278,7195,3990
7279,7243,807
7280,7229,3833
7281,7279,1947
7282,7176,311
7283,6819,6710
7284,7032,3541
7285,6748,654
7286,7281,7198
7287,7093,682
7288,7139,6578
7289,3034,2786
7290,6355,3537
7291,7276,6915
7292,6905,6845
7293,7258,7007
7294,7291,1259
7295,7080,6854
7296,7294,2610
7297,7286,663
7298,7296,1212
7299,7215,6817
7300,6929,3485
7301,2822,65
7302,7099,2793
7303,7297,7184
7304,7298,2114
7305,7193,6932
7306,7127,2694
7307,7304,817
7308,7220,7152
7309,6814,2692
7310,7307,7299
7311,7303,1604
7312,3680,3546
7313,1911,1290
7314,6960,6295
7315,7122,774
7316,6976,6804
7317,6604,2672
7318,6576,2520
7319,2775,1755
7320,7311,2803
7321,6765,1893
7322,7020,1930
7323,7310,7287
7324,7320,3830
7325,7216,7041
7326,7213,755
7327,7056,869
7328,6167,3673
7329,7113,1252
7330,7324,7269
7331,7241,996
7332,7330,961
7333,3644,1383
7334,7284,3784
7335,7153,7143
7336,1419,568
7337,6833,2350
7338,6681,2722
7339,7323,1416
7340,7011,6886
7341,1573,1533
7342,725,641
7343,7170,2894
7344,2647,2527
7345,7191,3786
7346,7339,3027
7347,7332,3525
7348,7347,570
7349,7162,7108
7350,7346,7280
7351,7222,7065
7352,7053,2469
7353,7270,7263
7354,7325,7181
7355,7348,2554
7356,7350,2419
7357,7245,1990
7358,2918,1025
7359,7356,7186
7360,7359,2574
7361,7103,556
7362,7355,2474
7363,7362,3815
7364,7071,1262
7365,7173,6793
7366,7353,7295
7367,7360,1202
7368,7265,6763
7369,7096,7024
7370,7274,7175
7371,7134,3304
7372,7151,6770
7373,1730,245
7374,7367,7179
7375,7374,7204
7376,7363,369
7377,7172,1401
7378,7376,968
7379,7378,7126
7380,7260,890
7381,7313,7148
7382,7051,785
7383,6955,421
7384,7201,7197
7385,7187,6642
7386,7314,7141
7387,7375,883
7388,7048,458
7389,7379,7366
7390,7016,116
7391,7387,7050
7392,7043,726
7393,7177,1213
7394,3401,2274
7395,6987,6897
7396,7240,1828
7397,7283,7237
7398,7391,7293
7399,7083,794
7400,7282,2934
7401,7129,2903
7402,7230,376
7403,7389,7277
7404,7335,7085
7405,3965,3219
7406,3045,2528
7407,6892,3112
7408,7254,7114
7409,7403,3946
7410,7398,1837
7411,7256,6979
7412,7326,294
7413,6862,1720
7414,7118,6895
7415,2089,1103
7416,7006,2846
7417,2549,2178
7418,7318,3455
7419,7409,7225
7420,7069,3214
7421,3113,1944
7422,7419,2747
7423,7340,6725
7424,6740,3866
7425,7422,2425
7426,7305,6534
7427,7425,7342
7428,7132,3516
7429,7264,2031
7430,7408,2581
7431,7247,7157
7432,7302,7147
7433,7404,2315
7434,7433,7395
7435,7352,7236
7436,7427,674
7437,7185,582
7438,7396,7309
7439,7189,2392
7440,7410,835
7441,7440,1467
7442,7441,7242
7443,7334,7271
7444,7442,832
7445,7062,6869
7446,7444,1090
7447,7081,2356
7448,7377,7288
7449,2774,2180
7450,7145,2281
7451,7446,7322
7452,7259,600
7453,7436,910
7454,7453,7268
7455,7412,861
7456,7354,3790
7457,7451,7331
7458,7397,6997
7459,7149,6630
7460,7457,7290
7461,7392,7370
7462,7454,2401
7463,7452,7315
7464,7460,7357
7465,7382,7035
7466,7383,1858
7467,7462,7399
7468,7251,676
7469,7464,2502
7470,3167,1771
7471,3739,2365
7472,7112,18
7473,7061,6951
7474,7469,1293
7475,7467,7400
7476,3760,3416
7477,3567,611
7478,7434,566
7479,7343,388
7480,7474,2238
7481,7475,7248
7482,1223,1165
7483,7138,1286
7484,7089,797
7485,7233,7206
7486,7481,7430
7487,7486,7327
7488,7480,6750
7489,2054,239
7490,7455,756
7491,437,50
7492,3800,2974
7493,7308,2592
7494,7278,7232
7495,3159,2135
7496,7214,1869
7497,7316,3901
7498,7497,7488
7499,7448,7361
7500,7498,569
7501,7487,2418
7502,7501,7231
7503,7171,753
7504,7381,1754
7505,7500,7275
7506,7505,7365
7507,2944,897
7508,7300,3772
7509,2444,516
7510,7502,695
7511,7426,1794
7512,7439,609
7513,2843,2666
7514,7478,7371
7515,7514,7345
7516,7223,2640
7517,7510,1140
7518,7447,2434
7519,7413,7368
7520,7025,2936
7521,7517,2619
7522,7490,7468
7523,6891,947
7524,6298,1480
7525,7506,7431
7526,7525,7463
7527,7384,2517
7528,7417,7306
7529,7393,1158
7530,7521,733
7531,7221,2731
7532,7526,7402
7533,7532,7437
7534,7473,3111
7535,7530,7349
7536,7385,7196
7537,7493,7087
7538,7494,687
7539,7533,732
7540,7227,1961
7541,7470,6818
7542,7420,3031
7543,7519,7495
7544,2415,101
7545,7535,1027
7546,7545,2756
7547,577,507
7548,7511,7465
7549,7456,7261
7550,7369,665
7551,7515,770
7552,7546,7504
7553,7543,7539
7554,7553,505
7555,7540,2670
7556,7552,2986
7557,2768,2214
7558,3759,1518
7559,7554,6815
7560,7272,2073
7561,2998,2607
7562,7556,7030
7563,7562,543
7564,7563,2362
7565,2518,489
7566,7429,7273
7567,7542,3066
7568,7492,2645
7569,7555,986
7570,7537,3497
7571,950,612
7572,7564,2058
7573,7559,798
7574,7527,7443
7575,7569,7445
7576,7573,0
7577,7576,2732
7578,7565,2815
7579,7577,3886
7580,7579,7479
7581,7572,1696
7582,7386,7125
7583,3125,120
7584,7581,7538
7585,7551,7390
7586,7585,1565
7587,7586,7435
7588,7580,7344
7589,7534,7512
7590,7550,7513
7591,7416,3724
7592,2888,57
7593,7168,3678
7594,7424,647
7595,7450,7317
7596,7584,7358
7597,7588,644
7598,3935,550
7599,7597,7336
7600,7599,7466
7601,7596,6920
7602,7499,7249
7603,7418,7078
7604,3321,2137
7605,7601,7338
7606,7524,2876
7607,7329,2699
7608,7548,2492
7609,3563,3559
7610,7600,3566
7611,7529,7005
7612,1888,525
7613,7605,7471
7614,3614,3523
7615,7613,7461
7616,7508,7432
7617,7587,2041
7618,7610,632
7619,7618,7574
7620,3586,2922
7621,512,154
7622,7602,3412
7623,7063,3741
7624,7520,840
7625,3468,1256
7626,7485,7458
7627,7617,6980
7628,7405,3119
7629,7570,1511
7630,7503,1377
7631,7449,2473
7632,3783,980
7633,7604,2719
7634,7611,2713
7635,7496,3597
7636,7589,7406
7637,2818,1652
7638,7615,7522
7639,2668,64
7640,7619,787
7641,7640,7518
7642,7641,3252
7643,7638,833
7644,7643,1070
7645,7438,2890
7646,1946,1487
7647,7472,7140
7648,3838,821
7649,7642,1179
7650,7649,3568
7651,7650,7627
7652,7044,2059
7653,7591,3013
7654,7651,7516
7655,7292,2351
7656,7594,788
7657,7626,7607
7658,7608,3598
7659,7285,941
7660,3779,1301
7661,7644,1574
7662,7661,1764
7663,7662,7482
7664,7255,3093
7665,2906,2710
7666,7476,2516
7667,7421,7169
7668,7484,7319
7669,7663,2758
7670,7328,6575
7671,3474,3025
7672,7528,962
7673,7669,7091
7674,7673,7629
7675,7654,2284
7676,7658,7489
7677,7603,7039
7678,6938,3828
7679,7675,7590
7680,7224,6973
7681,7575,44
7682,7388,7155
7683,7674,321
7684,7029,3562
7685,7679,7659
7686,7547,7401
7687,7624,7523
7688,7411,2879
7689,7606,7536
7690,7685,555
7691,7683,2628
7692,7668,2898
7693,7690,2845
7694,4910,60
7695,7693,1288
7696,7695,3357
7697,7652,502
7698,7219,858
7699,7636,7321
7700,7696,621
7701,7700,7341
7702,7509,7301
7703,7582,2613
7704,7676,7655
7705,7593,7407
7706,7672,7337
7707,1866,1813
7708,7701,7423
7709,7609,7289
7710,7645,668
7711,7507,1229
7712,7351,7178
7713,7702,7578
7714,7708,1222
7715,7620,7616
7716,7228,2991
7717,7372,978
7718,7714,1115
7719,7598,1198
7720,7718,7483
7721,7691,690
7722,7721,677
7723,7722,1698
7724,7688,3099
7725,852,589
7726,6429,2752
7727,7681,156
7728,7567,3070
7729,7723,584
7730,7729,1060
7731,7720,7698
7732,7730,7531
7733,7623,1845
7734,7657,7066
7735,7632,308
7736,7732,121
7737,7731,7333
7738,7737,7704
7739,2191,1898
7740,7710,7666
7741,7699,7246
7742,7736,7633
7743,7742,7571
7744,7703,7558
7745,991,592
7746,7560,7380
7747,7067,2163
7748,7687,2780
7749,7738,7715
7750,7749,2321
7751,7743,2923
7752,7727,1607
7753,7751,7541
7754,7744,7622
7755,7752,7682
7756,7595,7557
7757,7750,2488
7758,7757,2126
7759,6970,3720
7760,7753,7689
7761,7758,3718
7762,7101,578
7763,7761,7637
7764,7724,7677
7765,7741,7711
7766,7760,7713
7767,7763,1735
7768,7766,3179
7769,7768,953
7770,7769,782
7771,7770,2709
7772,7670,3196
7773,7394,2596
7774,7734,290
7775,7566,954
7776,2606,938
7777,7771,1086
7778,7767,7568
7779,7778,7428
7780,2806,2504
7781,7779,2144
7782,7781,2044
7783,7740,7459
7784,7782,871
7785,7716,3659
7786,2142,132
7787,7777,7621
7788,7784,7748
7789,847,596
7790,7787,7726
7791,6596,3731
7792,7765,3655
7793,7709,1830
7794,7775,1123
7795,7660,2789
7796,7788,7625
7797,7796,7612
7798,7790,7697
7799,7686,7414
7800,2702,2231
7801,7774,1438
7802,7798,2140
7803,7797,7717
7804,7802,7631
7805,7754,7725
7806,7667,7665
7807,7803,3780
7808,7807,3963
7809,7808,7801
7810,7739,7706
7811,7804,386
7812,7794,22
7813,7583,1809
7814,7653,7415
7815,7755,7719
7816,7811,7648
7817,7815,7809
7818,7549,3955
7819,7818,3809
7820,7812,7628
7821,7634,1302
7822,3796,973
7823,7783,7756
7824,7817,3652
7825,7792,7747
7826,7647,3942
7827,7816,2681
7828,7824,7746
7829,7819,7544
7830,6703,3777
7831,7828,7630
7832,7831,7827
7833,379,277
7834,2942,2737
7835,3936,2032
7836,1769,1389
7837,7805,3268
7838,7829,7772
7839,7837,3217
7840,7825,7733
7841,7810,2017
7842,3794,3067
7843,2852,2749
7844,7764,7635
7845,7844,7838
7846,7154,1969
7847,7728,7614
7848,7773,7705
7849,7821,2905
7850,7692,3862
7851,7832,3994
7852,7851,3810
7853,7799,7656
7854,7840,864
7855,7823,7785
7856,7848,7820
7857,7822,7786
7858,3654,2823
7859,7852,7780
7860,7859,7855
7861,3999,2363
7862,7839,7814
7863,7860,7789
7864,7863,7491
7865,3872,1519
7866,7864,7795
7867,7866,3542
7868,7867,7776
7869,3937,267
7870,7868,7847
7871,7762,2985
7872,7870,7850
7873,6999,2061
7874,6330,1705
7875,3353,247
7876,1296,1023
7877,7845,2733
7878,7841,7800
7879,7878,7646
7880,7854,7793
7881,7880,7712
7882,7875,7791
7883,1522,718
7884,1678,1436
7885,2566,462
7886,2909,754
7887,7872,1455
7888,7887,3548
7889,7694,7639
7890,3692,2706
7891,7862,7853
7892,7888,7876
7893,7892,2800
7894,7893,563
7895,7856,7813
7896,3030,1842
7897,7894,7890
7898,7759,380
7899,7897,402
7900,7826,7684
7901,7842,3765
7902,7895,7671
7903,7899,7849
7904,7903,7879
7905,7830,3180
7906,3511,2841
7907,7835,2989
7908,7664,1464
7909,7904,7869
7910,7877,7745
7911,7881,7833
7912,7874,7592
7913,7909,1236
7914,7913,1542
7915,7865,7735
7916,7843,393
7917,7902,2541
7918,7914,513
7919,7836,870
7920,7910,3628
7921,3323,2512
7922,7871,7678
7923,2826,2819
7924,7918,7680
7925,7924,7477
7926,7925,7919
7927,7926,7884
7928,7901,728
7929,3782,3746
7930,7886,930
7931,7927,7858
7932,7911,7891
7933,7931,7906
7934,7898,7364
7935,7933,7912
7936,7861,7561
7937,7935,3926
7938,7917,7908
7939,7932,7806
7940,7937,7915
7941,7940,7916
7942,7941,7857
7943,7942,7834
7944,7920,7373
7945,7944,34
7946,3141,160
7947,7943,7923
7948,7921,3719
7949,7900,7889
7950,7947,1906
7951,7950,1953
7952,7951,7905
7953,7952,7948
7954,7953,7938
7955,7954,7939
7956,7955,2147
7957,7956,7922
7958,7934,7707
7959,7907,7882
7960,7945,3538
7961,7960,7928
7962,7961,917
7963,7957,7930
7964,7963,3897
7965,7964,2821
7966,7312,7262
7967,7846,2587
7968,7883,3927
7969,7965,7936
7970,7962,3745
7971,7969,7967
7972,7971,2573
7973,7972,1046
7974,7959,3361
7975,7958,3174
7976,7970,7885
7977,7976,3715
7978,7977,7968
7979,7975,3502
7980,7973,2626
7981,7980,7979
7982,7981,7949
7983,7982,2683
7984,7978,2111
7985,7984,7966
7986,7983,7946
7987,7986,7974
7988,7987,534
7989,7985,651
7990,7988,3599
7991,7929,7873
7992,7990,3191
7993,7992,7989
7994,7993,7991
7995,7994,71
7996,7995,3894
7997,7996,3010
7998,7997,7896
