10000,7843,1113
10001,7471,5543
10002,7080,5858
10003,9742,6194
10004,9525,9111
10005,9223,6799
10006,6344,5867
10007,8073,7963
10008,2960,274
10009,2338,1598
10010,4103,2145
10011,10009,5098
10012,4488,2309
10013,3643,3438
10014,5134,5128
10015,10011,4167
10016,2383,2030
10017,5141,2403
10018,10012,3069
10019,4073,1034
10020,2746,2729
10021,5418,5361
10022,5439,2395
10023,4264,3977
10024,5156,5070
10025,5827,1219
10026,10015,3261
10027,5243,3885
10028,10010,2497
10029,4266,3047
10030,10016,2279
10031,4080,3755
10032,2133,1281
10033,4479,4297
10034,5474,3208
10035,10013,5343
10036,4489,4426
10037,10022,10019
10038,2340,2138
10039,10026,5342
10040,10014,5115
10041,10018,4291
10042,10028,10023
10043,4797,3526
10044,3292,2118
10045,7281,4422
10046,6653,3539
10047,5695,5625
10048,10037,1315
10049,5241,4183
10050,10041,4154
10051,10030,5136
10052,10039,10034
10053,5411,3234
10054,10031,10020
10055,10036,4369
10056,9716,742
10057,8282,3686
10058,5806,2222
10059,4387,4204
10060,3650,2070
10061,10042,10035
10062,5834,5480
10063,10048,5907
10064,5331,1201
10065,5290,3920
10066,4429,3928
10067,10049,10032
10068,10051,4361
10069,5878,2387
10070,7331,1676
10071,10044,2464
10072,10052,7459
10073,4364,4355
10074,10021,3108
10075,2306,2243
10076,10038,8062
10077,10063,5011
10078,6932,4035
10079,10050,5364
10080,5425,4450
10081,10067,2074
10082,5325,2661
10083,2232,2051
10084,10040,10024
10085,10054,5153
10086,5298,3908
10087,10017,8233
10088,4033,2339
10089,5226,4185
10090,10043,6541
10091,4116,2559
10092,8128,901
10093,10057,2860
10094,5322,2443
10095,6979,6533
10096,10056,3110
10097,10079,2374
10098,10072,6621
10099,4382,4091
10100,10027,5421
10101,10068,1242
10102,1692,1013
10103,10045,4696
10104,4157,4120
10105,2662,1093
10106,10091,10081
10107,5508,3681
10108,4470,4317
10109,5199,3950
10110,4362,4327
10111,9823,5278
10112,10055,4818
10113,10078,10070
10114,5722,1073
10115,4036,3427
10116,6782,6718
10117,10029,541
10118,10098,10077
10119,6892,5580
10120,5374,3666
10121,10053,5919
10122,10061,4960
10123,4339,2378
10124,4197,3033
10125,10047,4752
10126,8068,7403
10127,10074,3530
10128,10065,3088
10129,10100,10093
10130,6453,3827
10131,7129,3095
10132,4964,3346
10133,10122,8188
10134,4473,4165
10135,5697,4087
10136,7026,477
10137,5024,3734
10138,10106,4584
10139,8308,4134
10140,10071,5767
10141,7702,4125
10142,4159,3192
10143,10092,10088
10144,10069,9646
10145,9858,4189
10146,10101,4233
10147,10133,10058
10148,10064,3689
10149,1096,390
10150,10118,3300
10151,10025,5652
10152,10062,714
10153,10111,10076
10154,10090,10046
10155,1131,815
10156,9618,2008
10157,8905,8831
10158,4492,4210
10159,10112,4088
10160,4436,4013
10161,4539,606
10162,10150,10103
10163,5461,3019
10164,5222,5062
10165,9672,4897
10166,10107,4280
10167,10120,5100
10168,10113,2487
10169,5369,2103
10170,4270,1951
10171,3068,3036
10172,3377,2466
10173,5936,5388
10174,10087,1544
10175,6955,6589
10176,10147,5473
10177,10143,10138
10178,8170,3203
10179,3319,3259
10180,7047,5149
10181,10082,8353
10182,4599,658
10183,3205,1968
10184,10137,8399
10185,10136,6639
10186,10097,4378
10187,10102,1537
10188,5545,1742
10189,1661,722
10190,7323,5918
10191,2781,1188
10192,10080,1857
10193,10176,4181
10194,10126,10059
10195,7206,5715
10196,7829,6994
10197,10141,10094
10198,6320,2328
10199,10156,10096
10200,5657,3860
10201,10060,2978
10202,3698,3555
10203,6912,5148
10204,5631,5043
10205,10117,10066
10206,10185,10075
10207,5333,5203
10208,10146,433
10209,10166,2564
10210,3448,1144
10211,5281,3763
10212,5884,2420
10213,10188,10158
10214,3496,3290
10215,10193,8348
10216,9889,4272
10217,5197,3606
10218,10130,3712
10219,1892,1154
10220,10177,6294
10221,10131,2895
10222,7238,2430
10223,3153,1177
10224,10167,3212
10225,4192,1357
10226,10085,3260
10227,10205,8162
10228,10201,10144
10229,10159,3998
10230,4608,4262
10231,3183,3004
10232,4170,4047
10233,7601,4007
10234,10194,2816
10235,2760,579
10236,10180,10153
10237,6965,6748
10238,5540,96
10239,5292,2847
10240,10084,4142
10241,10110,4435
10242,10163,4353
10243,6949,220
10244,10128,5686
10245,5876,5565
10246,10151,10114
10247,10127,10099
10248,9891,3348
10249,10108,3459
10250,3332,2176
10251,8968,4393
10252,5285,2680
10253,2685,1890
10254,6665,6645
10255,4890,4525
10256,10192,10033
10257,10220,10145
10258,10168,1037
10259,10208,6493
10260,10233,4083
10261,6900,5787
10262,10135,4175
10263,8120,3074
10264,10134,4151
10265,4147,1523
10266,10172,10140
10267,10203,3914
10268,4461,3610
10269,1098,540
10270,9800,9675
10271,8207,4354
10272,8451,5466
10273,9928,9900
10274,10148,3954
10275,10121,7151
10276,10125,5820
10277,10154,10139
10278,10225,1087
10279,10229,3645
10280,10170,94
10281,7723,7715
10282,10209,10124
10283,10105,5856
10284,10226,5133
10285,10174,8461
10286,1150,1062
10287,10073,8909
10288,4122,3098
10289,10246,10215
10290,10173,10104
10291,10206,10182
10292,10186,33
10293,10240,4228
10294,10187,2149
10295,3279,3015
10296,10224,5345
10297,9772,2273
10298,3244,2286
10299,6925,6805
10300,3624,3469
10301,5491,3529
10302,10236,10162
10303,3856,3285
10304,10214,10157
10305,10267,10257
10306,1757,1649
10307,4784,4628
10308,9965,2368
10309,7560,3691
10310,10259,10152
10311,5723,3298
10312,4679,4012
10313,10109,872
10314,10178,3023
10315,7863,3986
10316,6970,6565
10317,10189,501
10318,10283,8174
10319,9745,3269
10320,5205,3943
10321,8080,4612
10322,10213,3622
10323,3365,3310
10324,10086,3057
10325,4070,3051
10326,2259,1657
10327,5401,3805
10328,10212,2317
10329,10228,10123
10330,5576,150
10331,8546,7300
10332,10129,6684
10333,7489,6764
10334,10191,8082
10335,10119,3846
10336,7561,876
10337,5386,2011
10338,8052,4974
10339,10285,10274
10340,10227,5267
10341,10244,3146
10342,7037,3136
10343,3561,2727
10344,10132,3768
10345,5453,4113
10346,4410,4230
10347,10258,762
10348,10292,10248
10349,4326,3970
10350,4314,1557
10351,5262,4344
10352,4315,3711
10353,10095,6747
10354,4200,2071
10355,2218,1022
10356,10278,10115
10357,5360,2056
10358,3966,3922
10359,10161,9564
10360,6807,6605
10361,10171,8954
10362,5042,1325
10363,10149,1423
10364,4392,4368
10365,8842,1039
10366,10305,4751
10367,10279,4056
10368,4260,740
10369,10291,10199
10370,7356,3202
10371,3229,2542
10372,9387,7224
10373,10260,2439
10374,7542,5762
10375,10211,4308
10376,10155,9778
10377,8776,4866
10378,3354,3122
10379,10221,5449
10380,1647,712
10381,10284,10262
10382,5584,1342
10383,10242,47
10384,10289,10197
10385,10269,1497
10386,10359,10310
10387,10184,8027
10388,9623,4630
10389,4476,3403
10390,6701,6678
10391,5874,5253
10392,10249,8304
10393,10347,2314
10394,10234,4979
10395,8192,5097
10396,7497,7309
10397,6713,6552
10398,10294,8494
10399,8263,4302
10400,5525,2099
10401,4636,4051
10402,10356,10302
10403,7615,3049
10404,10280,9555
10405,10340,796
10406,2255,2174
10407,6717,2047
10408,10369,10165
10409,10366,1504
10410,10314,4180
10411,8343,4613
10412,8196,4037
10413,10277,8681
10414,3814,2097
10415,10364,4360
10416,9722,1439
10417,4945,4400
10418,10346,10160
10419,8581,6901
10420,10195,3707
10421,10247,5740
10422,2331,2302
10423,10222,2287
10424,10287,7054
10425,8019,7604
10426,5274,4375
10427,7088,2192
10428,10329,3971
10429,9918,8426
10430,10322,1107
10431,8491,4986
10432,10342,508
10433,10361,4462
10434,3100,2094
10435,10409,10300
10436,8245,983
10437,10299,10261
10438,1275,1082
10439,10354,7292
10440,3648,734
10441,1870,1562
10442,10330,10282
10443,10239,1283
10444,8380,1297
10445,8571,4011
10446,10286,4766
10447,10424,10297
10448,10402,10339
10449,4373,2108
10450,6846,6797
10451,10404,10190
10452,10179,4241
10453,10386,9970
10454,10384,10367
10455,10223,8262
10456,10398,808
10457,805,635
10458,5450,3513
10459,5927,5799
10460,6549,449
10461,1417,1141
10462,5981,5948
10463,10315,5317
10464,10268,3601
10465,5270,4118
10466,10293,3899
10467,10142,2352
10468,8012,3506
10469,10198,8202
10470,10352,4269
10471,10341,2256
10472,10318,1164
10473,10271,3257
10474,10410,10296
10475,10350,1425
10476,10266,10231
10477,10383,3717
10478,5235,2711
10479,10313,3276
10480,10370,5844
10481,10393,1337
10482,9818,743
10483,6954,6759
10484,6524,6518
10485,10200,10183
10486,10433,10290
10487,10373,1704
10488,3884,2877
10489,8158,5175
10490,10430,10334
10491,5930,2438
10492,10389,3961
10493,9807,9557
10494,3900,2007
10495,10375,10338
10496,8280,5261
10497,10304,1894
10498,10363,8821
10499,10421,10311
10500,5572,5096
10501,7136,7013
10502,9721,7137
10503,4077,2193
10504,10335,7056
10505,10454,10387
10506,9741,7334
10507,7544,7505
10508,10448,10392
10509,5180,5006
10510,10210,3193
10511,5202,3919
10512,10321,3064
10513,10219,2849
10514,4408,1784
10515,8084,3629
10516,4914,3254
10517,10435,9991
10518,5288,1367
10519,10256,1926
10520,10217,5469
10521,10442,1434
10522,10332,10216
10523,10382,963
10524,4754,53
10525,6660,2181
10526,8502,1251
10527,10517,3164
10528,8349,4481
10529,7426,135
10530,10418,10348
10531,10379,2371
10532,10487,10301
10533,10428,10232
10534,10351,4111
10535,6924,1084
10536,8743,8697
10537,5913,2477
10538,10345,2015
10539,7305,660
10540,9777,5073
10541,10394,8807
10542,10265,10253
10543,2057,511
10544,10349,5764
10545,10181,987
10546,10308,975
10547,10456,856
10548,10298,2379
10549,1368,1311
10550,10405,8687
10551,10327,3022
10552,5404,5209
10553,9508,4992
10554,7622,1529
10555,10307,4529
10556,9812,1815
10557,10527,10494
10558,5182,3457
10559,9969,5118
10560,10467,5488
10561,10427,7370
10562,10488,5407
10563,4588,4553
10564,10238,2107
10565,4891,4441
10566,10453,8480
10567,10422,8895
10568,3820,2391
10569,3982,2264
10570,10481,10455
10571,10420,3799
10572,8091,3695
10573,10476,10471
10574,4917,1291
10575,1329,874
10576,10557,10083
10577,5376,3185
10578,8189,4131
10579,2712,1137
10580,10411,5166
10581,8627,1546
10582,4535,3094
10583,7563,2082
10584,10312,4380
10585,10401,1838
10586,1965,906
10587,10495,4881
10588,10541,10431
10589,10508,10440
10590,3972,3600
10591,10521,3785
10592,10446,9373
10593,10276,5747
10594,7568,1675
10595,2060,1591
10596,10399,5286
10597,10550,8990
10598,10328,2136
10599,7298,7179
10600,6836,6785
10601,10490,1914
10602,979,626
10603,10317,8798
10604,10381,2572
10605,10400,8381
10606,10429,4950
10607,10275,1747
10608,3625,74
10609,10462,7218
10610,10388,10343
10611,10207,5077
10612,10512,10505
10613,5478,5375
10614,8265,3029
10615,10251,9700
10616,10472,553
10617,5414,5391
10618,4100,1772
10619,10365,3854
10620,3189,2294
10621,10169,6780
10622,10413,6801
10623,10597,10368
10624,9789,1489
10625,8466,5240
10626,10497,8565
10627,10416,2679
10628,1125,510
10629,10374,7759
10630,10547,7607
10631,10089,3959
10632,10443,3297
10633,4039,2327
10634,7254,2085
10635,2282,2091
10636,10306,7749
10637,10403,1881
10638,10607,10303
10639,10592,10493
10640,10241,5090
10641,10573,10491
10642,10385,10376
10643,10566,5170
10644,9947,8969
10645,3770,3674
10646,3187,1101
10647,10407,6765
10648,5214,5050
10649,10587,10583
10650,6703,6686
10651,10218,5872
10652,8095,497
10653,10530,10434
10654,10331,8664
10655,10593,10504
10656,10477,5020
10657,5373,4010
10658,10461,10355
10659,8157,7286
10660,10436,10288
10661,10649,5779
10662,6677,5553
10663,7264,7048
10664,10463,3991
10665,10325,7125
10666,5059,3670
10667,4250,4060
10668,10482,9579
10669,5495,4123
10670,5427,1708
10671,9827,4138
10672,10605,2035
10673,7717,2404
10674,10598,10533
10675,10320,9984
10676,10539,2199
10677,10447,2280
10678,10362,1619
10679,10408,9641
10680,3246,1908
10681,9872,9636
10682,10426,124
10683,10563,4199
10684,9797,8221
10685,10519,10474
10686,1536,363
10687,10526,204
10688,9779,4009
10689,7338,5171
10690,3184,1868
10691,10631,9630
10692,8324,4093
10693,10372,7431
10694,8415,1079
10695,10591,1666
10696,10204,4433
10697,10581,7822
10698,10589,814
10699,7143,5651
10700,10604,8919
10701,10469,6711
10702,10470,1626
10703,5512,3255
10704,5559,1020
10705,10623,10458
10706,2753,1825
10707,10466,4420
10708,10264,4191
10709,10489,913
10710,10643,9616
10711,7361,2375
10712,10626,10432
10713,10196,4676
10714,4050,3708
10715,10523,10451
10716,1566,1265
10717,10531,3311
10718,10380,605
10719,10612,10552
10720,1220,79
10721,923,41
10722,10656,10324
10723,7844,2480
10724,10344,3819
10725,10679,10513
10726,10630,662
10727,10532,4671
10728,10653,10565
10729,7821,5076
10730,10574,7455
10731,7357,2580
10732,8310,4285
10733,10622,10254
10734,5217,2467
10735,10558,1029
10736,10498,8344
10737,6858,2360
10738,10719,10641
10739,4604,3429
10740,10419,3762
10741,4105,3984
10742,5422,4231
10743,10423,5272
10744,10164,8140
10745,10588,2164
10746,10700,8077
10747,10542,2550
10748,10514,1433
10749,10544,7626
10750,6758,2582
10751,10576,9359
10752,5245,2332
10753,10272,5957
10754,10674,2308
10755,10702,10255
10756,10726,735
10757,10698,10682
10758,3374,3073
10759,10516,3431
10760,10695,904
10761,10336,8247
10762,10441,1645
10763,4066,1224
10764,10485,3837
10765,8190,4092
10766,10473,7790
10767,9735,5398
10768,5811,5489
10769,6338,739
10770,4063,4054
10771,10439,10319
10772,6664,6526
10773,859,746
10774,10710,10642
10775,10415,2301
10776,10678,2380
10777,9853,5601
10778,10619,10529
10779,7452,7289
10780,8316,5780
10781,10632,10603
10782,6966,6896
10783,2244,2233
10784,10727,10705
10785,10230,4632
10786,9865,548
10787,10722,10357
10788,3222,3084
10789,10202,4043
10790,7190,199
10791,10543,1338
10792,10624,10414
10793,1786,1606
10794,10492,4720
10795,4877,2917
10796,5675,5624
10797,10760,1861
10798,10571,1033
10799,1596,521
10800,4119,3173
10801,10522,5230
10802,6714,5793
10803,10616,10602
10804,10683,10486
10805,8856,3565
10806,6945,6817
10807,5683,4089
10808,10761,10746
10809,10377,4173
10810,10708,4416
10811,2366,2084
10812,8018,5629
10813,10757,6046
10814,10738,10601
10815,10499,1984
10816,10273,2361
10817,3547,2335
10818,1334,1272
10819,9971,9726
10820,7815,3480
10821,10797,10717
10822,10638,10445
10823,5943,5771
10824,10570,9652
10825,9749,5211
10826,10502,9684
10827,9950,1766
10828,8376,4727
10829,10560,7046
10830,10813,10590
10831,9613,1052
10832,3709,1991
10833,7483,7376
10834,7732,4706
10835,10677,10518
10836,10444,4954
10837,10475,1513
10838,10733,117
10839,10754,5564
10840,5468,3221
10841,7857,7814
10842,10281,7124
10843,6661,1347
10844,10774,10745
10845,4865,4058
10846,10747,10572
10847,8844,3312
10848,10609,5883
10849,10830,8156
10850,8610,5357
10851,10634,2912
10852,10713,10569
10853,4216,1734
10854,8713,4015
10855,10554,8436
10856,7892,7171
10857,10685,1928
10858,9848,3009
10859,10309,8043
10860,10764,3657
10861,6256,2234
10862,3793,562
10863,10849,10647
10864,10567,2408
10865,4190,777
10866,10644,4168
10867,10725,10545
10868,10235,3165
10869,10753,10520
10870,5677,2189
10871,3307,1083
10872,10621,10585
10873,10839,10728
10874,3440,3243
10875,1180,748
10876,5256,3504
10877,10829,10618
10878,5340,5151
10879,10794,5886
10880,10715,2436
10881,10007,8534
10882,7789,3488
10883,3447,3391
10884,7970,4137
10885,9843,4383
10886,8516,3664
10887,10116,6933
10888,10824,2010
10889,4044,3495
10890,2260,2104
10891,5661,1793
10892,10833,7316
10893,7907,7906
10894,5821,2266
10895,8911,3821
10896,10637,10562
10897,8072,1305
10898,10676,10371
10899,5838,1589
10900,9768,8016
10901,1496,1016
10902,4014,1308
10903,10801,10660
10904,10465,10452
10905,10888,10778
10906,10744,3509
10907,5014,3273
10908,7570,1592
10909,10861,10701
10910,1481,353
10911,7408,4020
10912,5785,1295
10913,2393,2337
10914,865,781
10915,10743,877
10916,8714,4474
10917,5165,5109
10918,5354,167
10919,1446,1018
10920,9079,7146
10921,6619,6511
10922,5589,610
10923,6038,3043
10924,10815,10546
10925,10821,10580
10926,2637,2088
10927,6564,3902
10928,10804,1503
10929,10835,5242
10930,10608,10250
10931,10711,4316
10932,3283,2570
10933,8825,8770
10934,10784,10670
10935,10844,10606
10936,10479,3464
10937,10863,7344
10938,4072,3947
10939,4654,4106
10940,10496,5492
10941,10540,9987
10942,3441,246
10943,5125,3198
10944,7911,2276
10945,8867,4764
10946,10245,5727
10947,7362,7102
10948,10640,3744
10949,2507,2202
10950,10751,10615
10951,10657,799
10952,8372,500
10953,9916,1422
10954,10691,7903
10955,10534,1567
10956,10703,10568
10957,10816,1415
10958,10425,7979
10959,8382,4074
10960,5794,3178
10961,10937,10596
10962,8387,5368
10963,10823,10468
10964,9464,5248
10965,4318,2988
10966,10664,7805
10967,10825,3286
10968,7474,4836
10969,10478,988
10970,3909,3510
10971,3415,3402
10972,5027,4370
10973,10803,10628
10974,10575,12
10975,5066,4108
10976,10770,4449
10977,4146,3101
10978,9126,2170
10979,10525,5995
10980,10578,9979
10981,5934,1840
10982,10929,527
10983,10948,10510
10984,10867,10668
10985,10785,627
10986,10862,3642
10987,10326,8155
10988,4454,1411
10989,4329,2081
10990,7446,7096
10991,10721,5455
10992,7967,880
10993,10755,803
10994,4256,4236
10995,10950,8752
10996,4279,2530
10997,7368,7250
10998,10814,10661
10999,10808,3592
11000,10915,2844
11001,10961,10756
11002,4796,3236
11003,4464,1126
11004,10690,8173
11005,10651,2112
11006,7724,4482
11007,389,20
11008,10724,4736
11009,10687,2472
11010,4480,3356
11011,10627,9862
11012,10960,10680
11013,10686,2868
11014,5052,4143
11015,4969,542
11016,10515,5120
11017,10772,6506
11018,10855,7985
11019,10781,10549
11020,10645,4718
11021,3366,2476
11022,9188,9128
11023,9776,4941
11024,5181,4158
11025,4076,3769
11026,7575,3128
11027,10822,3492
11028,9617,4188
11029,10857,10709
11030,10564,6137
11031,5254,565
11032,5441,914
11033,5470,5004
11034,10935,940
11035,5949,1187
11036,5220,5012
11037,6041,909
11038,10500,2039
11039,10923,10696
11040,10646,3213
11041,10650,6907
11042,4857,4763
11043,5162,759
11044,10665,4922
11045,5445,3550
11046,10988,4117
11047,5685,5606
11048,2129,151
11049,10633,4115
11050,8470,5500
11051,10903,10771
11052,10484,7417
11053,6903,6847
11054,10735,3590
11055,7169,6706
11056,5994,1707
11057,7923,4224
11058,10810,10707
11059,10983,4440
11060,10791,1782
11061,10877,10780
11062,10777,10684
11063,10964,4438
11064,7001,1382
11065,409,207
11066,3540,1602
11067,7424,3103
11068,10836,1333
11069,9088,2297
11070,4298,3742
11071,1829,776
11072,10662,10629
11073,2534,1631
11074,10675,2511
11075,10437,7410
11076,8241,5083
11077,1560,286
11078,10925,659
11079,10270,9624
11080,11008,4040
11081,3596,2886
11082,10648,4430
11083,10998,5778
11084,8209,1132
11085,9518,2911
11086,5991,2162
11087,4246,1195
11088,2945,2536
11089,10759,10548
11090,10737,10509
11091,7284,3462
11092,10464,4082
11093,10736,215
11094,10853,5147
11095,9963,4697
11096,10712,1111
11097,5448,5438
11098,3967,2457
11099,10610,1658
11100,10720,7478
11101,10671,620
11102,10898,3743
11103,10995,7450
11104,10832,10535
11105,4485,3413
11106,5007,750
11107,6837,6633
11108,10999,10860
11109,1426,761
11110,10928,5552
11111,10843,3382
11112,10663,6744
11113,10639,1904
11114,10873,5099
11115,11078,10896
11116,4455,1646
11117,9516,5056
11118,10697,2160
11119,9830,7092
11120,5818,5803
11121,10584,3753
11122,10395,4444
11123,993,765
11124,10894,10252
11125,7929,4301
11126,8432,2743
11127,8758,7310
11128,3373,2584
11129,936,219
11130,4893,2555
11131,11020,10800
11132,10807,10483
11133,10787,5679
11134,5346,3052
11135,10741,683
11136,11103,10681
11137,10625,2621
11138,5143,4095
11139,10775,10672
11140,11001,10956
11141,10480,594
11142,10798,10503
11143,9874,6672
11144,10586,9813
11145,10931,2432
11146,10752,10688
11147,11083,10337
11148,10766,804
11149,4141,2155
11150,10856,10654
11151,4972,4577
11152,1091,902
11153,4681,1400
11154,9810,3690
11155,4561,1924
11156,5554,2105
11157,5289,4102
11158,10955,4286
11159,11027,1821
11160,10880,5911
11161,10773,935
11162,10845,5591
11163,1778,1349
11164,10599,5504
11165,10792,1114
11166,7062,97
11167,9578,5746
11168,11061,10899
11169,10699,8116
11170,888,868
11171,10582,3087
11172,10848,2326
11173,6560,6504
11174,10941,7915
11175,10817,4187
11176,10551,2583
11177,3904,3079
11178,10767,4835
11179,10714,3578
11180,9603,2842
11181,10731,4675
11182,10809,3340
11183,10990,10333
11184,10652,5302
11185,10802,10693
11186,5304,5172
11187,5929,1885
11188,7479,2602
11189,11018,10953
11190,10658,10438
11191,10692,8293
11192,10655,1353
11193,10949,9648
11194,9705,9541
11195,10611,2454
11196,3384,287
11197,5121,3835
11198,1603,524
11199,10417,4026
11200,10973,10905
11201,7775,2643
11202,6658,2034
11203,10397,6931
11204,10945,6891
11205,5279,1856
11206,8851,8602
11207,10982,10875
11208,5452,5001
11209,11068,4695
11210,7383,7253
11211,11039,8264
11212,5456,736
11213,11110,4094
11214,10742,10734
11215,11136,10890
11216,3127,2686
11217,7204,7180
11218,8232,2006
11219,11034,10866
11220,8391,3077
11221,9861,7159
11222,11051,3400
11223,10906,10617
11224,10924,3470
11225,10537,5708
11226,9582,4101
11227,10718,5224
11228,10933,10749
11229,11093,5472
11230,10799,10706
11231,11066,7321
11232,1577,1035
11233,11147,10729
11234,2999,1328
11235,5106,3615
11236,11160,10723
11237,10852,3882
11238,10636,5966
11239,3653,3083
11240,8863,5327
11241,1599,873
11242,4767,4717
11243,11115,10805
11244,11044,825
11245,10579,4537
11246,10748,9982
11247,7613,2343
11248,9635,4457
11249,2523,2510
11250,11213,10837
11251,8420,1774
11252,11150,8795
11253,8754,5699
11254,4112,1239
11255,4177,3751
11256,9932,2068
11257,11072,9135
11258,7234,3633
11259,4413,2353
11260,11058,10511
11261,7704,5731
11262,10323,4699
11263,7499,7127
11264,10895,3824
11265,11030,5894
11266,10911,10842
11267,11233,11222
11268,10904,4715
11269,11140,11090
11270,6292,749
11271,8837,4391
11272,11168,3931
11273,11080,4163
11274,789,517
11275,10768,4182
11276,10536,1579
11277,5349,3210
11278,11215,10858
11279,4399,4126
11280,5852,4372
11281,3554,1777
11282,10865,10776
11283,6680,1737
11284,11047,10946
11285,10969,3299
11286,10936,10739
11287,11133,10874
11288,7746,7714
11289,10859,4284
11290,11089,1386
11291,11000,10885
11292,10243,490
11293,11054,5447
11294,5462,3472
11295,11121,3826
11296,10893,3671
11297,10556,1478
11298,10782,6724
11299,10659,7598
11300,4902,892
11301,11148,2548
11302,10919,1321
11303,10984,9917
11304,7003,6985
11305,1834,251
11306,4305,4282
11307,10934,10762
11308,11003,1693
11309,5518,2508
11310,5123,3868
11311,7439,5696
11312,1925,1810
11313,11113,9912
11314,10897,8976
11315,9967,9501
11316,10926,2300
11317,5194,3818
11318,9725,1552
11319,9775,1076
11320,11278,11152
11321,7277,6827
11322,11029,3898
11323,11224,5739
11324,11285,11019
11325,4919,875
11326,5383,1304
11327,10920,7686
11328,11108,10869
11329,11242,4738
11330,8086,1655
11331,4686,4666
11332,11212,972
11333,11200,1613
11334,11159,43
11335,10555,7913
11336,2310,1379
11337,11104,10838
11338,11307,11118
11339,1068,793
11340,11301,561
11341,9560,5440
11342,10980,4351
11343,11086,10864
11344,10978,8218
11345,7839,3761
11346,11129,1391
11347,4705,4536
11348,4004,401
11349,5983,2344
11350,8330,3910
11351,11269,9595
11352,11156,10594
11353,10793,915
11354,9038,3626
11355,10952,5534
11356,8177,8090
11357,10553,1739
11358,11145,8419
11359,10957,10704
11360,8450,2638
11361,9659,3345
11362,7492,7267
11363,10891,10669
11364,8529,4498
11365,10620,9614
11366,11192,2388
11367,10827,982
11368,11096,10812
11369,11245,11219
11370,11158,4263
11371,7578,1473
11372,10263,518
11373,11060,5102
11374,4484,1956
11375,4324,3018
11376,7900,7438
11377,10994,7994
11378,4734,3407
11379,6855,5769
11380,5566,2258
11381,11351,11250
11382,11328,11004
11383,11043,9590
11384,1398,1161
11385,9639,1510
11386,10986,1492
11387,10796,1502
11388,2825,2318
11389,4642,4578
11390,11165,10959
11391,10850,8590
11392,11369,9802
11393,6980,6592
11394,11303,9697
11395,7858,3806
11396,10901,5443
11397,10790,413
11398,10930,3845
11399,11244,10673
11400,4031,1233
11401,7386,77
11402,11176,9907
11403,8438,848
11404,9804,5359
11405,5849,5602
11406,11114,6216
11407,398,367
11408,11141,7396
11409,11309,2967
11410,6784,6727
11411,4283,3500
11412,3294,1615
11413,11161,10985
11414,7447,5689
11415,1247,790
11416,10879,1457
11417,4128,3574
11418,10966,10870
11419,11406,11135
11420,7271,3162
11421,10954,7269
11422,11257,11100
11423,10912,5502
11424,11323,11275
11425,8384,3137
11426,9704,9612
11427,11338,8275
11428,11142,9868
11429,7007,3050
11430,11174,6705
11431,11131,3456
11432,11067,10989
11433,11197,694
11434,10353,6959
11435,11035,10595
11436,11211,2676
11437,10917,4335
11438,11046,4005
11439,11313,5294
11440,5190,4226
11441,8708,2130
11442,4803,4611
11443,11372,1625
11444,4985,4583
11445,8630,5237
11446,11207,11102
11447,11220,10577
11448,2565,354
11449,11243,10846
11450,7168,4658
11451,10963,10819
11452,9930,4288
11453,9976,1654
11454,2357,2245
11455,3764,1209
11456,11094,10987
11457,11339,2632
11458,894,531
11459,9847,1388
11460,11427,641
11461,5592,1586
11462,11289,10993
11463,11149,4590
11464,11320,8937
11465,11322,7225
11466,11329,10524
11467,1605,974
11468,11262,10951
11469,11193,2522
11470,5135,3834
11471,11087,9798
11472,11172,1041
11473,253,112
11474,3831,3225
11475,11290,11235
11476,10750,6922
11477,10818,8830
11478,11394,10730
11479,10763,671
11480,11424,4099
11481,7466,7142
11482,3887,1609
11483,11336,10786
11484,11260,4150
11485,8065,5029
11486,10538,7265
11487,10396,4293
11488,11155,4693
11489,3735,2635
11490,8935,429
11491,11449,11012
11492,10788,10614
11493,2514,1746
11494,8108,3228
11495,10769,5718
11496,11446,11272
11497,10921,4237
11498,11254,8049
11499,10868,8035
11500,11337,11143
11501,11112,10501
11502,10600,10360
11503,11465,11276
11504,10909,8782
11505,8952,5233
11506,7444,5945
11507,3995,2169
11508,11028,8575
11509,11125,3536
11510,10975,1292
11511,11370,4098
11512,5618,3360
11513,10613,3996
11514,3544,2072
11515,11381,812
11516,2820,1976
11517,5035,1032
11518,10391,5701
11519,11111,4502
11520,7005,2143
11521,7038,6857
11522,10806,8993
11523,11163,1133
11524,4670,371
11525,10635,2023
11526,11005,8290
11527,11333,1816
11528,9027,8385
11529,2827,2206
11530,7642,4813
11531,7097,1463
11532,11049,2955
11533,11460,11359
11534,4830,4439
11535,11281,7981
11536,7239,4421
11537,10783,9254
11538,11216,629
11539,11442,4757
11540,11419,11385
11541,11391,9393
11542,11366,5931
11543,10732,3309
11544,6834,6674
11545,11392,791
11546,7652,4294
11547,10913,2096
11548,10932,7409
11549,8346,4909
11550,11368,5266
11551,4585,1441
11552,10689,8635
11553,11190,5877
11554,8551,7247
11555,6894,6756
11556,11217,763
11557,11179,4079
11558,11416,11084
11559,7258,3170
11560,11181,7639
11561,11515,7877
11562,5513,2667
11563,10872,933
11564,10974,1375
11565,5851,860
11566,8032,5869
11567,11153,5405
11568,11099,7089
11569,11527,11109
11570,11324,706
11571,11279,3836
11572,11373,1097
11573,7484,7295
11574,7869,6498
11575,11533,780
11576,11011,1471
11577,11088,879
11578,3080,1299
11579,3385,1994
11580,11267,7943
11581,5975,1718
11582,3329,2721
11583,7513,3877
11584,5648,2866
11585,10887,6760
11586,11237,10916
11587,11228,11038
11588,11050,1168
11589,11471,11130
11590,11540,11154
11591,4371,2372
11592,8787,1320
11593,7100,1710
11594,2018,1429
11595,11265,11236
11596,2880,1913
11597,11545,11464
11598,11071,10831
11599,8430,8427
11600,8880,3314
11601,11291,11037
11602,11229,10841
11603,5802,2120
11604,11561,10876
11605,6899,37
11606,6757,3514
11607,4733,4008
11608,11588,686
11609,11503,11325
11610,11522,11052
11611,5324,3694
11612,4581,73
11613,11421,10878
11614,4959,4310
11615,4184,3046
11616,8259,928
11617,11340,857
11618,11122,5195
11619,3395,3197
11620,7976,7351
11621,8511,344
11622,4640,1963
11623,11015,866
11624,5807,4549
11625,11175,2509
11626,11062,10834
11627,10907,2938
11628,2292,699
11629,11569,1264
11630,11551,5636
11631,11031,5284
11632,4300,4025
11633,11296,4593
11634,11418,11120
11635,11240,11170
11636,11580,5019
11637,5403,4793
11638,11024,10965
11639,8994,3306
11640,4442,3035
11641,7033,7028
11642,5212,5104
11643,2750,2742
11644,11305,1217
11645,5356,370
11646,8315,1681
11647,10918,862
11648,3024,1403
11649,3582,2665
11650,11326,598
11651,1979,1677
11652,5434,3896
11653,11016,5009
11654,9604,5016
11655,4034,3580
11656,10947,236
11657,11208,10828
11658,11382,5575
11659,7325,778
11660,11399,11248
11661,6689,5790
11662,5598,824
11663,5889,5810
11664,4252,3575
11665,11436,103
11666,11169,5777
11667,9708,2620
11668,11085,5467
11669,6376,6295
11670,11327,1903
11671,10758,7365
11672,3773,3740
11673,5617,1498
11674,9323,1886
11675,7082,580
11676,11040,5054
11677,11199,7694
11678,4641,2731
11679,11009,2200
11680,392,368
11681,11082,5511
11682,11636,11462
11683,11604,11246
11684,11430,11428
11685,8226,171
11686,2247,715
11687,8840,3675
11688,10871,3090
11689,6270,5684
11690,11570,1505
11691,11552,6177
11692,11185,7369
11693,11526,4245
11694,10892,1871
11695,11227,10992
11696,8433,3958
11697,6792,4475
11698,11435,1736
11699,3452,2646
11700,4160,3231
11701,6733,6624
11702,11252,8537
11703,4876,3964
11704,3859,530
11705,11273,942
11706,11472,5964
11707,11629,11384
11708,11256,1706
11709,11396,4710
11710,8431,1876
11711,10561,622
11712,7804,7692
11713,11590,10981
11714,11626,8618
11715,11595,7792
11716,8572,2494
11717,5751,5703
11718,10358,5830
11719,11479,5548
11720,11478,1390
11721,5960,5688
11722,11617,11575
11723,7345,3172
11724,4565,3479
11725,5384,2792
11726,10972,2687
11727,7202,6557
11728,11287,5479
11729,11609,8407
11730,11439,11310
11731,3227,3056
11732,11525,2669
11733,11286,637
11734,11144,698
11735,11124,5599
11736,4206,3775
11737,6916,5925
11738,3985,3072
11739,8874,1833
11740,11188,11091
11741,11574,2491
11742,11539,11151
11743,2450,1064
11744,8134,168
11745,10883,4021
11746,11698,1966
11747,5813,4349
11748,2303,918
11749,8646,4895
11750,11014,9605
11751,11209,10991
11752,11690,11344
11753,11297,237
11754,11247,10908
11755,11074,9656
11756,4041,3960
11757,11132,11002
11758,11266,9937
11759,11504,9908
11760,11447,2185
11761,11634,11387
11762,11602,11390
11763,11658,11653
11764,11563,4742
11765,8917,7155
11766,11283,3131
11767,11433,756
11768,2757,1108
11769,11167,11076
11770,7798,2069
11771,11707,846
11772,11146,2270
11773,4352,4065
11774,903,891
11775,5420,2485
11776,11487,3669
11777,11032,539
11778,10970,5126
11779,11205,8023
11780,5412,3912
11781,11223,3706
11782,11214,3148
11783,11026,9580
11784,11682,11352
11785,2943,2836
11786,5387,1952
11787,11601,11413
11788,8579,2370
11789,11364,11182
11790,11357,10971
11791,11274,984
11792,1230,1028
11793,11578,6409
11794,2634,2134
11795,11511,10528
11796,11048,2183
11797,11496,604
11798,11568,2840
11799,11334,8573
11800,11491,11117
11801,11057,8756
11802,11331,9345
11803,9856,9553
11804,11596,5586
11805,10854,8824
11806,3002,1384
11807,6693,6635
11808,11676,11475
11809,4882,1250
11810,11600,7966
11811,11683,11553
11812,6908,6881
11813,11587,11422
11814,11753,89
11815,11598,11230
11816,11268,10889
11817,9211,7623
11818,11513,576
11819,11388,8223
11820,11705,11137
11821,7614,460
11822,11720,11178
11823,4929,4878
11824,10943,1917
11825,11314,11123
11826,11042,5423
11827,11398,11101
11828,10779,7243
11829,11713,11572
11830,410,138
11831,11139,3802
11832,11375,4508
11833,711,571
11834,7485,4490
11835,9880,8359
11836,11660,11519
11837,5379,4055
11838,8347,7989
11839,849,710
11840,10295,7993
11841,11667,11665
11842,7354,6862
11843,11771,11458
11844,5664,3169
11845,9601,9460
11846,10927,6943
11847,4668,2240
11848,11550,5577
11849,7276,3258
11850,7405,6116
11851,11162,5187
11852,10884,3347
11853,8042,5753
11854,4023,3855
11855,7128,6978
11856,11383,4587
11857,11077,1186
11858,11055,7433
11859,4320,3316
11860,10840,5555
11861,8959,5057
11862,3409,2947
11863,11453,5831
11864,11311,6992
11865,11829,6358
11866,11234,2116
11867,11699,7121
11868,11650,5277
11869,9852,3357
11870,7066,7006
11871,11469,7649
11872,11757,10694
11873,11763,4778
11874,11119,281
11875,11728,11195
11876,10938,4531
11877,9944,1628
11878,10740,6682
11879,10977,4939
11880,8252,115
11881,3011,3003
11882,11730,11597
11883,11198,8465
11884,8617,8585
11885,7077,5385
11886,11070,4560
11887,10900,10795
11888,2146,1689
11889,11863,1835
11890,11639,929
11891,11651,1008
11892,11017,5078
11893,11128,1883
11894,11354,878
11895,11277,3869
11896,2594,705
11897,11253,4350
11898,10716,1218
11899,11599,10406
11900,11586,11196
11901,10940,5939
11902,5429,5339
11903,7401,7034
11904,11432,10507
11905,6830,2313
11906,1585,1078
11907,11811,1306
11908,11719,11363
11909,8577,4244
11910,7823,3322
11911,11865,11353
11912,6888,6608
11913,11316,601
11914,9668,7353
11915,7770,2412
11916,11752,5351
11917,10914,619
11918,11787,11346
11919,11537,11335
11920,11722,1945
11921,1322,719
11922,7737,7390
11923,8685,8508
11924,10962,8099
11925,9258,5486
11926,7999,905
11927,10459,4067
11928,11476,11292
11929,10882,4755
11930,3218,2688
11931,7952,5107
11932,9809,8718
11933,11625,1878
11934,8889,3797
11935,11415,8738
11936,11189,1445
11937,11510,3948
11938,2493,1923
11939,11258,642
11940,11499,2540
11941,4826,1345
11942,11594,11459
11943,11554,1346
11944,11843,669
11945,8152,916
11946,7456,3369
11947,7896,591
11948,7274,6738
11949,11451,5326
11950,11271,6897
11951,11666,11164
11952,11800,10967
11953,7939,3792
11954,11006,3483
11955,11808,3572
11956,11514,772
11957,5031,3435
11958,6832,6699
11959,11715,1095
11960,11911,11709
11961,11484,10460
11962,5888,5710
11963,11917,2933
11964,11532,1393
11965,2462,672
11966,6649,4425
11967,11822,11589
11968,11105,3405
11969,2161,520
11970,11920,11426
11971,11294,7571
11972,8194,62
11973,6489,1601
11974,11873,11630
11975,7656,4591
11976,11848,8327
11977,9849,5899
11978,5145,504
11979,9887,7782
11980,11694,11402
11981,11729,11295
11982,5204,3021
11983,11191,11092
11984,7131,2654
11985,11815,11483
11986,11907,11706
11987,11566,1691
11988,10851,8447
11989,7435,7242
11990,7895,1622
11991,10996,2385
11992,11486,5535
11993,11231,1092
11994,11944,11686
11995,8658,4497
11996,8724,8647
11997,11548,10789
11998,11073,4977
11999,5146,4367
12000,11547,9948
12001,2016,924
12002,5956,5596
12003,1193,1006
12004,6109,1370
12005,11466,11106
12006,11735,7837
12007,11799,1590
12008,11345,1758
12009,8623,8069
12010,3499,1831
12011,11166,7681
12012,7418,3439
12013,7170,6656
12014,11284,5906
12015,11204,11180
12016,11282,3372
12017,11784,11409
12018,11677,4107
12019,11126,6990
12020,11871,11367
12021,11542,1372
12022,5670,5567
12023,11255,11177
12024,11389,2304
12025,11937,11386
12026,11981,11013
12027,3041,1751
12028,11782,4823
12029,4749,3132
12030,6755,6546
12031,11098,4022
12032,5008,752
12033,11506,3839
12034,5350,4135
12035,11300,8225
12036,1109,586
12037,11737,11225
12038,11288,5700
12039,11079,7377
12040,11986,634
12041,11631,8365
12042,7462,1452
12043,11837,10902
12044,11512,11171
12045,9748,4198
12046,11116,10765
12047,4487,3956
12048,7496,7045
12049,11916,11621
12050,11675,5626
12051,11974,11431
12052,4078,3944
12053,11127,2414
12054,11856,11495
12055,6652,5026
12056,11612,11401
12057,10939,2405
12058,5750,2962
12059,11241,1709
12060,12017,10666
12061,4602,4273
12062,9152,4674
12063,11397,7375
12064,11764,11695
12065,11836,11456
12066,11921,11797
12067,8230,3630
12068,9187,3665
12069,11816,11613
12070,1135,792
12071,3849,3619
12072,11628,11343
12073,2954,2367
12074,12060,11480
12075,11134,11064
12076,11802,4737
12077,300,218
12078,6440,2223
12079,11960,1238
12080,10958,1002
12081,11748,11529
12082,11543,4331
12083,1884,1859
12084,11778,11187
12085,4703,2547
12086,8363,7867
12087,11779,11238
12088,11765,7177
12089,11536,4381
12090,11820,11781
12091,11347,5773
12092,11404,4330
12093,11758,11711
12094,11318,9960
12095,9911,2644
12096,11967,11762
12097,11097,4239
12098,11304,9607
12099,1768,1204
12100,11477,9762
12101,6074,1050
12102,6853,6751
12103,11754,11714
12104,11509,2114
12105,11608,11380
12106,5053,4268
12107,11063,11059
12108,11023,10811
12109,8478,3825
12110,3588,1819
12111,11638,11259
12112,9877,7283
12113,11790,3875
12114,7641,2435
12115,8849,2364
12116,11833,9506
12117,11936,11882
12118,11949,2859
12119,12051,11952
12120,7699,6911
12121,5442,2040
12122,7766,2333
12123,1051,465
12124,11809,11021
12125,11025,3683
12126,1595,599
12127,9634,7530
12128,11270,1354
12129,11489,2759
12130,11342,11010
12131,9915,9631
12132,11793,8686
12133,6773,6625
12134,8483,1697
12135,9671,2601
12136,11585,11434
12137,11485,5678
12138,6305,6095
12139,11761,8058
12140,7558,5075
12141,11643,1119
12142,9791,9770
12143,12079,11994
12144,12040,11893
12145,9754,7349
12146,8654,8342
12147,6010,2150
12148,6626,883
12149,11798,11760
12150,2756,2423
12151,10449,4910
12152,11684,9621
12153,11218,3913
12154,9867,8507
12155,6663,6650
12156,4709,2832
12157,12117,11457
12158,11687,3923
12159,5909,2019
12160,12028,11374
12161,11395,1394
12162,11966,1548
12163,11841,8093
12164,11755,11576
12165,3631,2953
12166,3220,243
12167,11501,2064
12168,7718,5186
12169,9642,3858
12170,9150,3126
12171,11830,122
12172,11467,8490
12173,11670,2609
12174,11618,11308
12175,5538,1362
12176,7488,7385
12177,11992,11376
12178,11970,5702
12179,7241,5933
12180,11408,5846
12181,11523,4843
12182,11644,1430
12183,12074,3027
12184,11879,1351
12185,3449,3334
12186,10922,1253
12187,11918,11734
12188,11679,11450
12189,11463,5465
12190,11201,9910
12191,12178,12066
12192,12144,7152
12193,3921,3895
12194,1855,1456
12195,12062,11876
12196,11500,170
12197,7232,7053
12198,11443,4894
12199,8933,8903
12200,7972,5691
12201,12085,11941
12202,8352,1508
12203,11850,11692
12204,12064,4214
12205,3364,3061
12206,8636,4292
12207,12026,11756
12208,8370,964
12209,11733,11623
12210,8251,3387
12211,11593,2348
12212,11299,11264
12213,9682,5435
12214,10506,2167
12215,11955,11655
12216,5318,5234
12217,11988,11959
12218,5910,1466
12219,1072,1067
12220,12196,11928
12221,11770,5524
12222,9117,4689
12223,2296,784
12224,11831,11360
12225,3182,2641
12226,8788,8021
12227,11804,11330
12228,11567,503
12229,11659,3428
12230,2277,1110
12231,12007,11535
12232,2465,2215
12233,10820,7794
12234,5358,547
12235,2837,1839
12236,3962,1312
12237,4849,3123
12238,11492,3375
12239,10847,3634
12240,11693,11332
12241,12157,11945
12242,822,192
12243,11640,11293
12244,11642,11157
12245,3085,2546
12246,1860,1643
12247,11584,4394
12248,11429,7302
12249,7122,4924
12250,8555,2346
12251,11964,11769
12252,11592,1877
12253,11932,11708
12254,8890,7840
12255,12192,4814
12256,11810,8813
12257,9658,6470
12258,6329,3874
12259,12139,6178
12260,11860,11423
12261,12000,8212
12262,11969,1363
12263,12163,12033
12264,11239,4397
12265,9788,1437
12266,285,75
12267,11075,6679
12268,11751,11470
12269,11556,2946
12270,5712,5523
12271,11350,1660
12272,12241,12189
12273,11688,630
12274,11564,11528
12275,11610,7493
12276,12049,4812
12277,12016,11732
12278,9379,4069
12279,231,107
12280,7363,3522
12281,8835,6420
12282,6723,6561
12283,11710,1714
12284,9021,6474
12285,3383,2148
12286,9437,5367
12287,2736,1257
12288,4600,2139
12289,9057,9007
12290,11718,2220
12291,11033,5808
12292,11557,11138
12293,9600,9235
12294,12255,12025
12295,11996,11702
12296,11759,1279
12297,11348,1507
12298,11971,4688
12299,11772,11232
12300,11425,2093
12301,8479,5980
12302,11878,8775
12303,2354,2025
12304,7467,7178
12305,3754,3336
12306,12160,11549
12307,11647,5711
12308,9559,5660
12309,9737,4965
12310,12127,536
12311,9517,2673
12312,11739,10450
12313,4365,2897
12314,12294,12191
12315,9988,1215
12316,7432,7400
12317,11400,6361
12318,4176,1824
12319,11933,716
12320,8206,4994
12321,7585,5032
12322,12215,12119
12323,11474,3527
12324,12276,12143
12325,9805,6835
12326,11818,8121
12327,2951,1226
12328,12268,11939
12329,10976,4389
12330,2557,2358
12331,4085,1912
12332,11997,9739
12333,11306,4802
12334,11870,440
12335,7889,1750
12336,2714,2098
12337,2629,2455
12338,11497,6930
12339,1741,129
12340,7475,7114
12341,3987,2597
12342,11321,6562
12343,12174,5389
12344,8138,7249
12345,7072,3289
12346,11727,7173
12347,11883,7780
12348,12324,951
12349,7675,3918
12350,8781,4166
12351,9664,2705
12352,7949,1852
12353,11908,11622
12354,11796,4509
12355,11558,5720
12356,5297,1919
12357,7690,5168
12358,11530,4677
12359,11186,11069
12360,12020,9507
12361,3781,280
12362,11861,11616
12363,12198,5161
12364,11993,1409
12365,11605,8580
12366,12011,11648
12367,11777,572
12368,6328,4295
12369,11786,896
12370,12067,4477
12371,7836,4472
12372,12063,11847
12373,5961,4839
12374,11899,7480
12375,9955,118
12376,6049,1282
12377,12259,12065
12378,12072,11673
12379,7262,6503
12380,11884,5185
12381,7891,142
12382,12081,7161
12383,11490,11448
12384,5863,5759
12385,8908,4798
12386,7350,7291
12387,12272,11565
12388,7314,7227
12389,11420,7347
12390,11980,11898
12391,11982,5112
12392,9793,5176
12393,1451,1075
12394,3905,3736
12395,11976,11775
12396,11700,11633
12397,3207,3144
12398,7616,1004
12399,12113,4933
12400,12183,3677
12401,11488,9606
12402,11697,11559
12403,12211,11261
12404,12096,11791
12405,11827,11493
12406,12328,12005
12407,11743,68
12408,3564,1920
12409,11620,8785
12410,11895,11740
12411,8395,2633
12412,11961,3929
12413,11990,1961
12414,8986,8871
12415,12207,11081
12416,9902,1804
12417,3618,1891
12418,11973,11541
12419,12100,1729
12420,8459,1668
12421,11619,9086
12422,7063,5864
12423,7226,3722
12424,7610,4906
12425,11776,9951
12426,8412,6463
12427,7095,6628
12428,11904,8786
12429,11857,1211
12430,12224,2036
12431,5958,1808
12432,8413,4597
12433,9660,3252
12434,11452,11007
12435,2254,2083
12436,6390,801
12437,11965,7791
12438,11202,10979
12439,11518,1225
12440,12158,8701
12441,8948,3721
12442,3621,2062
12443,11341,9669
12444,11795,11468
12445,8410,8087
12446,12122,8081
12447,6288,5321
12448,4533,4340
12449,4936,3873
12450,12269,12083
12451,10881,3702
12452,11977,3062
12453,9795,1017
12454,4875,1352
12455,9913,1872
12456,11951,5988
12457,2188,1324
12458,12045,5415
12459,4756,4110
12460,8847,1044
12461,12212,4499
12462,12152,1490
12463,12251,11498
12464,4471,1484
12465,11521,10237
12466,8886,697
12467,5130,889
12468,12132,11635
12469,5637,5247
12470,2798,985
12471,11852,11355
12472,12021,278
12473,7548,1795
12474,7701,6145
12475,11671,8875
12476,11657,3703
12477,2614,1120
12478,11940,2426
12479,2926,2829
12480,11538,8031
12481,11663,11581
12482,7671,5436
12483,5717,1740
12484,5155,2771
12485,12173,1521
12486,12387,12360
12487,6120,5515
12488,5796,4780
12489,11407,72
12490,12090,12041
12491,453,261
12492,11953,7537
12493,10412,8123
12494,12415,4345
12495,11403,10942
12496,12400,1653
12497,12424,11851
12498,3394,841
12499,8193,5533
12500,10390,6554
12501,7213,7211
12502,11302,7565
12503,12076,977
12504,12395,11867
12505,12146,4534
12506,5719,4496
12507,1206,757
12508,11913,11517
12509,12109,11627
12510,7850,6571
12511,12240,2735
12512,8147,1100
12513,12188,7995
12514,11441,4901
12515,12137,7909
12516,5735,2689
12517,12048,8270
12518,12149,2186
12519,11361,4874
12520,8662,8564
12521,313,200
12522,12496,8066
12523,12093,7000
12524,7557,1327
12525,1889,1468
12526,7957,5399
12527,11226,4511
12528,12087,7576
12529,11251,7164
12530,11560,7748
12531,11183,7463
12532,6036,3209
12533,12126,1564
12534,12187,15
12535,11950,11703
12536,7081,5093
12537,8437,8139
12538,11813,8773
12539,12209,11674
12540,12070,11746
12541,12181,11750
12542,11826,709
12543,11668,4275
12544,9781,5380
12545,12105,2971
12546,12217,1090
12547,11892,11173
12548,2376,2241
12549,7272,6895
12550,12172,1190
12551,11744,1900
12552,9981,314
12553,11356,1074
12554,5365,2078
12555,8135,7528
12556,12002,7182
12557,6861,6793
12558,12069,11611
12559,9149,912
12560,8060,5514
12561,11983,11875
12562,8453,2941
12563,12103,2433
12564,2788,2543
12565,2334,1122
12566,12229,11832
12567,12019,11885
12568,11924,11696
12569,11349,1159
12570,12075,11516
12571,12077,11378
12572,11411,9224
12573,5982,886
12574,7130,2861
12575,11741,6282
12576,3616,2424
12577,650,544
12578,5974,5569
12579,9953,9892
12580,12490,11767
12581,12039,10826
12582,7518,4728
12583,6796,4899
12584,9715,5117
12585,12348,11947
12586,12322,8103
12587,11801,11520
12588,12263,12118
12589,11680,119
12590,3397,3161
12591,1191,588
12592,11606,6839
12593,8920,2929
12594,8828,7132
12595,10886,1118
12596,12150,2022
12597,11942,1293
12598,12462,839
12599,12404,11825
12600,10910,6335
12601,12546,11562
12602,12056,8229
12603,12342,6612
12604,5306,5127
12605,7556,1214
12606,3487,2386
12607,11891,1210
12608,11991,11312
12609,11358,6058
12610,9998,7880
12611,12399,12184
12612,11922,802
12613,8208,3566
12614,8246,1263
12615,12248,12107
12616,12365,8927
12617,11365,9820
12618,9828,4130
12619,12136,11701
12620,12306,8254
12621,9146,4379
12622,12180,2263
12623,11931,1995
12624,12538,11689
12625,12231,551
12626,12353,12299
12627,5972,1450
12628,5977,1997
12629,12558,12332
12630,8945,5937
12631,12258,11839
12632,11935,9792
12633,12549,11221
12634,8278,4376
12635,5431,4225
12636,12295,2970
12637,5336,1350
12638,11482,7621
12639,11844,7384
12640,7824,3907
12641,11840,1474
12642,11954,7172
12643,12534,11968
12644,12362,7651
12645,11866,270
12646,7552,1539
12647,12245,2329
12648,12598,5531
12649,12284,11546
12650,9538,567
12651,7743,3767
12652,12104,5868
12653,12522,12043
12654,11814,9171
12655,11919,11872
12656,7020,7019
12657,12022,1227
12658,12527,12195
12659,12267,5520
12660,4667,3638
12661,12563,11649
12662,11280,7661
12663,7886,1166
12664,5210,680
12665,9677,1680
12666,6845,6763
12667,12463,12405
12668,8500,8257
12669,12486,838
12670,12485,8554
12671,7941,7685
12672,12355,6399
12673,11056,1030
12674,11571,3378
12675,12271,4884
12676,2055,1169
12677,5157,1376
12678,7308,1313
12679,2567,1396
12680,9562,2411
12681,2854,667
12682,11745,1980
12683,5201,1788
12684,12478,12054
12685,11780,4038
12686,11854,6156
12687,11880,1007
12688,7751,2867
12689,12018,4028
12690,12468,744
12691,11889,1085
12692,12167,6654
12693,8606,1572
12694,11975,11731
12695,12186,8220
12696,12643,5817
12697,11603,11184
12698,12128,3071
12699,5680,4716
12700,9681,2079
12701,12129,3649
12702,365,259
12703,3416,2848
12704,4898,416
12705,8028,5836
12706,6545,86
12707,12378,2166
12708,11900,9571
12709,12009,1942
12710,12151,11577
12711,11789,9563
12712,12182,3594
12713,12190,12108
12714,5105,203
12715,12632,11963
12716,12008,5809
12717,3892,3042
12718,12375,587
12719,9304,4412
12720,6887,6583
12721,12121,9901
12722,12204,9975
12723,5692,1358
12724,11298,6986
12725,12539,769
12726,12058,994
12727,257,59
12728,3973,3738
12729,12620,476
12730,5482,155
12731,12227,730
12732,12034,12003
12733,10944,17
12734,7761,5895
12735,11508,7657
12736,12130,9760
12737,11502,10316
12738,12601,7554
12739,12044,11749
12740,12672,12363
12741,12145,9884
12742,11377,4347
12743,11805,8735
12744,2342,1089
12745,1761,1216
12746,4419,1814
12747,12242,11716
12748,12366,11371
12749,1780,1563
12750,12622,12407
12751,12156,12015
12752,12508,11888
12753,12244,3672
12754,1310,1040
12755,12625,12504
12756,12262,8660
12757,4179,1378
12758,11915,1134
12759,9619,3065
12760,4261,1530
12761,12429,12164
12762,3609,1184
12763,12588,6393
12764,12099,7637
12765,1470,1424
12766,12177,11828
12767,7461,7330
12768,9730,9693
12769,4030,9
12770,12480,2269
12771,12412,189
12772,12513,12450
12773,9572,2003
12774,12597,8286
12775,12518,9766
12776,5848,4235
12777,12358,12057
12778,11785,3812
12779,12277,11985
12780,11438,624
12781,442,273
12782,5900,5797
12783,3392,3158
12784,12653,6212
12785,11838,5437
12786,12059,3890
12787,11507,5859
12788,12396,12333
12789,2881,837
12790,4059,3238
12791,12494,5362
12792,12626,7307
12793,12035,8171
12794,12038,11987
12795,8425,7921
12796,12585,12540
12797,11849,5590
12798,4406,2678
12799,12165,9439
12800,8024,7848
12801,12439,2221
12802,5985,944
12803,5319,666
12804,11845,3437
12805,4207,1551
12806,11531,2157
12807,12201,5188
12808,11846,6581
12809,7268,2207
12810,12712,1967
12811,7935,3558
12812,12574,8696
12813,12503,11902
12814,6454,817
12815,3458,2593
12816,7374,6708
12817,8051,7412
12818,6083,1160
12819,12533,12314
12820,11607,4251
12821,1790,291
12822,11835,4571
12823,12053,5561
12824,11481,9586
12825,12296,2691
12826,12669,4907
12827,7422,1009
12828,12575,2125
12829,12511,12270
12830,12203,1056
12831,12274,298
12832,688,28
12833,12382,6369
12834,12555,5259
12835,11210,7533
12836,12784,11868
12837,12147,5825
12838,9839,6458
12839,7638,965
12840,7133,5706
12841,11926,2470
12842,12430,12110
12843,2115,724
12844,1270,590
12845,12310,12141
12846,7012,1461
12847,11910,7727
12848,1648,1244
12849,12586,5236
12850,8159,4006
12851,12751,11819
12852,7064,4097
12853,11624,7894
12854,7134,6735
12855,12624,12206
12856,8613,5250
12857,12431,12023
12858,12372,11946
12859,11956,8075
12860,7501,4540
12861,6850,6777
12862,9587,1989
12863,7693,7198
12864,12042,2248
12865,11704,6055
12866,11742,4174
12867,12247,11637
12868,6946,6820
12869,5000,3647
12870,12791,1818
12871,12725,12148
12872,12775,8272
12873,7625,2355
12874,4504,4325
12875,5291,3940
12876,4411,557
12877,6208,6022
12878,11461,1146
12879,12738,2577
12880,7084,5924
12881,11788,3389
12882,8631,1274
12883,11943,5310
12884,12807,12599
12885,11890,1104
12886,3471,3177
12887,12323,25
12888,12428,4768
12889,9756,2249
12890,11591,11315
12891,7679,6432
12892,12111,4321
12893,12154,1787
12894,3725,3081
12895,3248,3141
12896,12770,1982
12897,4955,3517
12898,5283,5005
12899,12819,12792
12900,12530,4403
12901,8726,4139
12902,12052,11417
12903,11927,3581
12904,7587,3788
12905,8599,5996
12906,12826,12101
12907,12615,4943
12908,11972,11685
12909,12654,11766
12910,11724,4532
12911,9811,593
12912,12210,6285
12913,12870,12470
12914,12796,12696
12915,12290,7145
12916,4772,3776
12917,9115,4337
12918,12383,11065
12919,12208,4845
12920,12836,12652
12921,4825,4566
12922,12659,5905
12923,7640,6585
12924,2495,1822
12925,4743,2778
12926,6085,2312
12927,12410,12334
12928,12327,12124
12929,9048,3432
12930,12456,5623
12931,12855,12471
12932,12293,9816
12933,6740,5506
12934,10997,7187
12935,12500,11393
12936,4957,4217
12937,9679,1644
12938,6761,6586
12939,4735,2677
12940,12317,12050
12941,5583,2579
12942,12825,6114
12943,12828,11524
12944,7546,602
12945,4448,2459
12946,12639,2738
12947,12233,4467
12948,12239,8780
12949,5921,2298
12950,12731,8244
12951,4027,1732
12952,12729,12645
12953,5276,2227
12954,4771,4212
12955,3883,3549
12956,12690,12390
12957,11656,7332
12958,12402,5970
12959,11036,925
12960,4911,1624
12961,12551,12535
12962,12570,12364
12963,6737,6662
12964,12661,4730
12965,12326,8878
12966,12722,12343
12967,12550,2449
12968,3263,1011
12969,2878,581
12970,12631,12228
12971,12352,3778
12972,12416,12166
12973,7059,3160
12974,12472,4856
12975,12649,12623
12976,12899,12437
12977,11887,9093
12978,6412,1316
12979,12367,5045
12980,12193,9842
12981,12529,11691
12982,12013,5862
12983,6770,6715
12984,12501,7009
12985,260,255
12986,3871,1266
12987,12297,1364
12988,12648,12307
12989,11646,2235
12990,12771,12359
12991,12780,12080
12992,7015,3054
12993,11842,6938
12994,12606,4418
12995,12760,685
12996,5558,3342
12997,11853,5776
12998,9311,2904
12999,12830,12014
13000,12871,12849
13001,12116,617
13002,12695,12515
13003,8772,7011
13004,12320,11897
13005,9329,3226
13006,12596,681
13007,6833,2701
13008,4745,3519
13009,8643,4409
13010,9453,7549
13011,7664,2928
13012,12607,1493
13013,11905,6880
13014,12162,4572
13015,12347,5672
13016,5754,3946
13017,8816,1516
13018,12678,11909
13019,12831,12602
13020,12879,1559
13021,12169,8624
13022,12452,11652
13023,12495,11886
13024,12752,12708
13025,12609,12202
13026,12707,11454
13027,12238,8744
13028,12029,1841
13029,8979,8110
13030,12451,3532
13031,12523,357
13032,12715,12641
13033,4032,2131
13034,12920,12447
13035,11405,6766
13036,4000,3501
13037,7420,5013
13038,12545,12420
13039,7847,1467
13040,12453,12252
13041,12497,5828
13042,12406,663
13043,12737,6825
13044,12892,4930
13045,12906,9433
13046,12614,829
13047,5709,1005
13048,12514,4248
13049,12962,12543
13050,13000,12774
13051,3974,3063
13052,5499,1014
13053,11662,4002
13054,6775,2851
13055,12246,4724
13056,12912,867
13057,12329,8417
13058,12426,2154
13059,12479,8041
13060,12236,4220
13061,2228,146
13062,12243,12006
13063,8105,2605
13064,12766,12567
13065,12778,4133
13066,7210,4384
13067,12569,1027
13068,12336,11726
13069,12232,9870
13070,12403,11821
13071,12635,12629
13072,9747,2033
13073,12088,9504
13074,9924,2804
13075,12776,8476
13076,8227,3718
13077,5544,843
13078,8720,7606
13079,12859,12591
13080,9875,6950
13081,3757,992
13082,13020,11984
13083,12264,9755
13084,12976,12942
13085,12389,7185
13086,6426,2213
13087,11901,887
13088,3795,3587
13089,8698,895
13090,4271,996
13091,3676,2767
13092,11998,900
13093,12740,12369
13094,4958,4869
13095,12706,8706
13096,7665,4932
13097,12617,6064
13098,3359,675
13099,12698,12377
13100,12024,4343
13101,12642,10968
13102,12914,12756
13103,7728,7650
13104,6870,6707
13105,12763,12112
13106,11874,256
13107,12686,12260
13108,12765,12161
13109,12197,7360
13110,11930,5786
13111,12747,9957
13112,12300,2723
13113,12542,9958
13114,11206,8675
13115,751,332
13116,4377,2458
13117,3331,383
13118,11614,8312
13119,11582,4178
13120,5265,4915
13121,7808,7118
13122,5493,2608
13123,12474,5527
13124,12755,12440
13125,13045,4627
13126,3852,3728
13127,3284,1240
13128,12655,12422
13129,9089,350
13130,11803,9860
13131,7105,6613
13132,5124,1556
13133,13034,12829
13134,7577,655
13135,12302,12220
13136,11723,3865
13137,2649,1482
13138,12636,8219
13139,13042,1167
13140,12273,12027
13141,12940,12691
13142,9308,5417
13143,12432,12001
13144,12419,12235
13145,12401,12036
13146,1921,1053
13147,12289,4983
13148,12031,11914
13149,12987,12374
13150,8794,7726
13151,8026,5765
13152,12817,12275
13153,11768,2615
13154,12256,317
13155,12865,5860
13156,13105,12253
13157,5965,1756
13158,13139,13125
13159,12964,12888
13160,12449,3604
13161,4552,3521
13162,2152,1580
13163,13102,8373
13164,12974,12123
13165,5087,1853
13166,6325,3242
13167,13093,8338
13168,12520,3791
13169,12823,11906
13170,5547,4423
13171,12761,990
13172,2907,339
13173,11669,136
13174,12581,11263
13175,8109,2456
13176,995,786
13177,11773,3490
13178,12082,12047
13179,12226,2451
13180,6190,2257
13181,11824,8276
13182,12713,12319
13183,5647,3520
13184,9469,6831
13185,7643,5517
13186,12918,4850
13187,12841,1427
13188,12930,11864
13189,12580,4807
13190,12528,7964
13191,12004,11979
13192,11203,6601
13193,12682,3537
13194,8117,4795
13195,12947,11455
13196,11534,2931
13197,12927,1245
13198,4606,4219
13199,12482,1152
13200,12872,8861
13201,9923,8130
13202,12421,400
13203,12461,8801
13204,5485,5419
13205,12988,343
13206,13084,12488
13207,334,179
13208,13094,13031
13209,12427,1129
13210,12866,3568
13211,12092,7745
13212,12351,7149
13213,9424,9084
13214,12512,5025
13215,7779,7507
13216,12735,11194
13217,12393,2442
13218,12806,12502
13219,12768,1764
13220,12469,12441
13221,11053,6696
13222,3339,623
13223,13099,12943
13224,6469,1543
13225,12483,2521
13226,13128,4437
13227,12813,12710
13228,12926,12561
13229,12621,12572
13230,12897,12298
13231,13206,3997
13232,12475,12380
13233,12084,11894
13234,2042,2024
13235,4997,4570
13236,5065,4253
13237,6659,5805
13238,12171,412
13239,13038,12684
13240,13231,842
13241,2409,2319
13242,12445,6258
13243,12739,12476
13244,5252,1738
13245,13148,1477
13246,12970,3658
13247,12315,1665
13248,12750,12091
13249,12913,12799
13250,12499,1932
13251,12788,4458
13252,12308,8339
13253,13163,1140
13254,13050,5378
13255,5111,424
13256,11792,1435
13257,12950,1584
13258,11896,5475
13259,12922,5594
13260,2889,331
13261,6028,4617
13262,12958,7144
13263,8354,5915
13264,12801,11817
13265,8228,3038
13266,12857,4258
13267,13133,13025
13268,13228,8267
13269,12668,11925
13270,3481,2910
13271,12493,830
13272,11579,11412
13273,2537,1348
13274,9647,8862
13275,13240,9744
13276,12640,4259
13277,12689,8464
13278,12392,1896
13279,13253,12975
13280,12726,1127
13281,12858,12717
13282,1934,318
13283,8544,8341
13284,6226,5775
13285,9946,8102
13286,12965,12839
13287,12994,1873
13288,13189,12408
13289,3687,2156
13290,9685,7566
13291,13124,12660
13292,13107,12089
13293,9502,3288
13294,8131,1611
13295,12681,1307
13296,7955,6259
13297,12711,11678
13298,11494,403
13299,13254,12391
13300,6379,2065
13301,9783,2211
13302,13158,12446
13303,12762,3953
13304,12340,2885
13305,9550,5471
13306,12884,11445
13307,12460,12073
13308,9690,6304
13309,12562,12434
13310,9694,446
13311,13082,1192
13312,7871,6204
13313,8199,1156
13314,12785,3251
13315,12435,12114
13316,5432,5348
13317,2858,1147
13318,13275,12896
13319,2356,692
13320,12176,11989
13321,11725,5521
13322,3525,2440
13323,5352,3230
13324,13041,12560
13325,12218,6442
13326,12454,6452
13327,8037,2095
13328,5843,3232
13329,7788,5903
13330,7787,3585
13331,9521,2551
13332,11249,8702
13333,13233,4432
13334,8759,5550
13335,6005,4726
13336,12537,5741
13337,2252,899
13338,12667,12261
13339,12692,7116
13340,13279,12687
13341,13318,2044
13342,12531,7397
13343,12032,11440
13344,12915,12835
13345,11783,1531
13346,12658,11823
13347,6927,6818
13348,9973,8692
13349,12921,3048
13350,12833,12611
13351,12418,12285
13352,9961,737
13353,7655,473
13354,12339,12301
13355,13311,13188
13356,7071,4576
13357,12885,6127
13358,7893,1494
13359,12525,12467
13360,13227,8054
13361,7141,2600
13362,13267,5507
13363,3376,3016
13364,13056,4592
13365,3380,2210
13366,13249,13115
13367,13012,1319
13368,12663,12457
13369,2807,1641
13370,8204,5316
13371,12578,519
13372,1899,733
13373,2812,758
13374,12832,3801
13375,7849,1267
13376,13138,12587
13377,7512,6926
13378,7266,7109
13379,13259,11414
13380,12702,9282
13381,7339,7147
13382,12961,1959
13383,4395,248
13384,12283,546
13385,8071,5160
13386,12481,9717
13387,5755,2410
13388,7379,1395
13389,7755,5257
13390,13341,12772
13391,5973,1401
13392,8485,8078
13393,13013,12411
13394,13280,13205
13395,12608,12230
13396,4787,745
13397,7820,2236
13398,7326,7214
13399,13181,5568
13400,13087,13015
13401,12517,7795
13402,13022,2751
13403,11747,6045
13404,12125,11437
13405,5074,1402
13406,7912,948
13407,9220,8822
13408,13340,8092
13409,12931,12748
13410,12638,11615
13411,13167,12956
13412,12388,7387
13413,12313,2924
13414,12548,5875
13415,12288,1408
13416,12967,12168
13417,13299,12979
13418,8616,2483
13419,5426,960
13420,9939,7997
13421,12730,9914
13422,11317,3417
13423,12709,12398
13424,1614,1269
13425,11410,11362
13426,3120,2707
13427,13344,7087
13428,13014,11929
13429,12867,773
13430,13306,13171
13431,13288,5264
13432,13159,12265
13433,13112,12845
13434,12869,12573
13435,4769,3817
13436,8609,7543
13437,13190,543
13438,7359,7336
13439,12473,8401
13440,13208,7329
13441,3729,1752
13442,13408,13257
13443,9522,3155
13444,12718,747
13445,12133,6559
13446,12676,2267
13447,12564,8657
13448,5061,2216
13449,12216,1196
13450,9540,6253
13451,12287,2671
13452,8063,766
13453,12516,8180
13454,12547,9632
13455,11948,6822
13456,12948,6155
13457,3911,3082
13458,12361,307
13459,13221,12338
13460,12742,4221
13461,12666,6637
13462,5295,2763
13463,12223,1724
13464,12802,800
13465,5861,5263
13466,13079,12222
13467,5501,1667
13468,7244,2168
13469,13365,4968
13470,8975,5600
13471,11881,5067
13472,13248,12881
13473,13135,12312
13474,13247,13026
13475,7767,3256
13476,12981,7965
13477,13211,7301
13478,13362,13183
13479,8444,7697
13480,9067,5416
13481,13156,11661
13482,12250,2141
13483,5280,5058
13484,7378,6290
13485,12900,12536
13486,13057,12097
13487,8374,7954
13488,1722,552
13489,11962,3989
13490,5382,491
13491,9673,4550
13492,12843,2119
13493,9569,9346
13494,2503,1581
13495,12010,3313
13496,1999,1998
13497,12907,4127
13498,12837,12779
13499,12142,9676
13500,12443,9645
13501,7498,1183
13502,12673,8665
13503,13217,1460
13504,13366,8987
13505,8393,8328
13506,13463,13431
13507,7460,1170
13508,13263,12566
13509,13113,12455
13510,13302,13019
13511,8115,3296
13512,13269,12966
13513,5815,4213
13514,13478,7085
13515,13083,5320
13516,13024,4700
13517,13097,12477
13518,12526,7707
13519,13417,9552
13520,13230,7801
13521,7324,5392
13522,12466,12309
13523,2642,1880
13524,13351,12683
13525,11774,657
13526,12484,3270
13527,12937,2590
13528,12200,1827
13529,13394,12794
13530,13514,7436
13531,12219,7722
13532,13498,13338
13533,9890,9627
13534,12952,8261
13535,2171,535
13536,7667,418
13537,13390,13018
13538,3750,2855
13539,13178,3879
13540,12842,12787
13541,12349,3556
13542,13021,1026
13543,12595,1811
13544,13442,13303
13545,5047,3696
13546,12793,2636
13547,12234,5395
13548,13200,5139
13549,9929,4453
13550,6776,6726
13551,13052,8601
13552,11721,2165
13553,920,700
13554,12286,9043
13555,13164,11855
13556,12716,12568
13557,13150,8367
13558,12675,6485
13559,6815,346
13560,11923,4512
13561,12901,6482
13562,10667,8333
13563,12519,4923
13564,4332,836
13565,12910,1716
13566,13092,12094
13567,11978,4346
13568,12134,9554
13569,5227,4739
13570,8854,8598
13571,13258,9815
13572,13544,13144
13573,12989,12600
13574,13286,3611
13575,5757,3424
13576,2935,1688
13577,13382,12670
13578,13210,12318
13579,7049,2422
13580,13361,13068
13581,8010,6956
13582,12356,4801
13583,6377,326
13584,12724,6948
13585,13040,11877
13586,9864,549
13587,1986,779
13588,13008,3933
13589,11957,5971
13590,8803,2984
13591,13474,13239
13592,13023,12674
13593,1323,1042
13594,2925,1671
13595,13530,12736
13596,13333,12919
13597,2604,1571
13598,13388,13291
13599,12237,8715
13600,9577,6147
13601,13256,12553
13602,12677,1021
13603,2795,2479
13604,12331,4140
13605,7545,2659
13606,12767,12594
13607,12810,12786
13608,7051,2406
13609,7846,5537
13610,13123,5997
13611,4815,2871
13612,13473,12155
13613,12061,7582
13614,13064,12556
13615,12714,4744
13616,13268,12292
13617,2427,1185
13618,1532,764
13619,12417,3639
13620,12055,3505
13621,12753,5390
13622,12414,7647
13623,12078,4984
13624,4603,1431
13625,12459,9176
13626,9609,529
13627,7043,2311
13628,12584,1237
13629,12604,3204
13630,8493,5814
13631,12409,5792
13632,8422,7910
13633,7879,5215
13634,13519,12644
13635,12037,4468
13636,12341,2481
13637,13508,13155
13638,12883,1116
13639,13032,809
13640,13298,13030
13641,13355,12840
13642,13229,639
13643,8129,7856
13644,7763,2239
13645,13136,949
13646,13191,9023
13647,13354,11681
13648,3399,209
13649,7235,1620
13650,2599,851
13651,420,67
13652,13111,12694
13653,12544,4963
13654,13537,11869
13655,12131,3730
13656,13446,6176
13657,292,238
13658,8011,6536
13659,13226,12492
13660,13002,12803
13661,13218,12827
13662,7890,1629
13663,8806,6811
13664,1385,1189
13665,12249,4635
13666,8540,6668
13667,9695,2349
13668,12846,514
13669,12046,7392
13670,12800,2359
13671,8814,5922
13672,8528,2324
13673,7862,1962
13674,7233,2461
13675,13504,1862
13676,8320,7212
13677,13634,12821
13678,12541,11999
13679,13437,957
13680,7687,937
13681,13350,13241
13682,12030,3386
13683,13548,13053
13684,11903,7974
13685,13071,2734
13686,6743,6675
13687,6310,2561
13688,8730,1517
13689,13182,13001
13690,13199,6087
13691,5095,2369
13692,4443,2535
13693,12153,5196
13694,13654,13395
13695,9307,8191
13696,12194,5363
13697,6494,2552
13698,13049,584
13699,8154,2037
13700,13516,13510
13701,9193,4019
13702,6981,6787
13703,13198,11505
13704,13260,12214
13705,8360,684
13706,13558,12281
13707,13495,4057
13708,12978,4493
13709,13081,618
13710,13598,13220
13711,12764,1561
13712,1749,775
13713,12576,5551
13714,6334,4049
13715,13574,13506
13716,13364,12804
13717,3999,2952
13718,5406,702
13719,13402,8405
13720,7040,2502
13721,13572,13432
13722,13540,12291
13723,1957,1459
13724,12997,12662
13725,13532,1938
13726,13203,12809
13727,6101,1048
13728,7175,3433
13729,9727,9539
13730,12734,9417
13731,13554,13062
13732,13677,13534
13733,4792,3557
13734,12850,12814
13735,11995,8717
13736,13595,13292
13737,7288,7030
13738,6392,6015
13739,13033,11859
13740,13216,12732
13741,5976,648
13742,12868,6885
13743,12577,986
13744,13070,1748
13745,13694,13266
13746,4927,4319
13747,12721,11794
13748,13262,1941
13749,6462,931
13750,5219,4746
13751,12385,6003
13752,8481,2416
13753,12346,7068
13754,13134,184
13755,337,133
13756,6904,6886
13757,13356,9763
13758,13466,2533
13759,4779,2153
13760,9289,3515
13761,13632,656
13762,13690,12880
13763,13073,2014
13764,8297,3318
13765,13219,2715
13766,13698,13675
13767,12612,2251
13768,13560,4543
13769,8008,1488
13770,12140,8995
13771,13202,12847
13772,13476,13039
13773,12647,2501
13774,4541,1371
13775,4451,2431
13776,8939,7711
13777,13518,5622
13778,9104,5068
13779,5822,2226
13780,12303,11938
13781,8185,1340
13782,13683,8260
13783,13386,13326
13784,8383,5129
13785,2720,268
13786,13324,9883
13787,9881,9713
13788,13197,12571
13789,13430,12605
13790,12335,1637
13791,13223,1901
13792,5301,1939
13793,8114,166
13794,13308,12368
13795,13140,4656
13796,6584,2106
13797,5144,3223
13798,4029,312
13799,9094,1318
13800,12939,2761
13801,12685,2075
13802,8597,1314
13803,8680,2524
13804,13566,1540
13805,11379,6461
13806,4618,1783
13807,13512,13294
13808,13591,13141
13809,13440,9854
13810,13707,8642
13811,9542,9529
13812,13477,2428
13813,7658,1597
13814,7564,435
13815,3293,3272
13816,13691,13321
13817,13641,13169
13818,9994,545
13819,12946,9710
13820,13004,1634
13821,13399,13044
13822,8435,2787
13823,13137,12853
13824,12789,8690
13825,13527,12376
13826,3917,266
13827,12386,7061
13828,2460,2250
13829,13360,9933
13830,498,275
13831,4203,3078
13832,12999,8637
13833,12990,12106
13834,8737,5341
13835,13433,13154
13836,13745,12759
13837,13596,11664
13838,6366,6187
13839,13250,1149
13840,12909,12851
13841,8249,674
13842,13126,12257
13843,9794,4781
13844,12972,3870
13845,11319,10559
13846,13639,13295
13847,6033,554
13848,13310,11654
13849,12433,2478
13850,13152,12854
13851,13836,9328
13852,12071,2515
13853,8273,3635
13854,8456,1369
13855,13613,4407
13856,9949,9746
13857,13529,13245
13858,9231,6311
13859,13281,7123
13860,13801,13323
13861,7866,1723
13862,13147,2505
13863,4336,114
13864,13732,13481
13865,13652,6321
13866,2891,2351
13867,13646,13100
13868,13497,4524
13869,7772,1514
13870,12816,12425
13871,13209,8628
13872,13851,13359
13873,8474,5587
13874,12971,4385
13875,12633,9909
13876,13722,7516
13877,11912,6909
13878,13710,13146
13879,13528,12745
13880,6914,137
13881,6697,6616
13882,6179,1309
13883,2087,1019
13884,12373,2100
13885,13207,258
13886,8688,1909
13887,8521,2052
13888,12619,6879
13889,12552,1356
13890,13304,8007
13891,13027,12185
13892,7333,7139
13893,13791,13637
13894,13832,11834
13895,5756,5725
13896,4664,3700
13897,12679,9962
13898,13829,13700
13899,4459,4229
13900,13161,12758
13901,13367,8133
13902,12305,2810
13903,12345,7918
13904,8519,1805
13905,7926,2242
13906,3301,2726
13907,13060,6269
13908,13840,13789
13909,9327,1973
13910,13121,9242
13911,8017,2475
13912,13332,12330
13913,12438,7500
13914,3543,1428
13915,1547,1259
13916,8203,4404
13917,13061,1157
13918,13788,13411
13919,12651,9972
13920,12893,2289
13921,12977,3104
13922,12928,3406
13923,5645,3808
13924,13679,12834
13925,13074,2230
13926,13214,8224
13927,13246,13006
13928,9968,7296
13929,926,505
13930,5791,5184
13931,9055,631
13932,5857,3591
13933,8009,7861
13934,3224,1054
13935,3822,3661
13936,12565,8369
13937,13592,12524
13938,12743,5311
13939,6537,301
13940,7110,4973
13941,9952,7297
13942,4542,4313
13943,8144,898
13944,13736,13409
13945,13721,8001
13946,12699,2212
13947,12221,8356
13948,13471,12205
13949,8004,7520
13950,9199,6590
13951,13612,13054
13952,3749,467
13953,13878,13490
13954,9166,4747
13955,13464,13452
13956,12932,12876
13957,12769,1669
13958,5268,3006
13959,12616,8884
13960,12903,12135
13961,13945,13046
13962,8747,8512
13963,11041,7282
13964,13410,13405
13965,7035,3603
13966,6929,6923
13967,13807,13629
13968,13872,2610
13969,2122,1365
13970,2001,612
13971,13458,252
13972,13500,4061
13973,6731,6725
13974,13502,12844
13975,12904,1640
13976,13327,13242
13977,13108,12068
13978,13427,12934
13979,13065,3682
13980,7352,7246
13981,9665,2824
13982,9164,2961
13983,7540,1285
13984,11712,607
13985,13168,12860
13986,13153,4342
13987,7983,7534
13988,106,42
13989,13968,13715
13990,3140,3008
13991,12370,2179
13992,13384,7402
13993,5730,5630
13994,12448,4062
13995,13638,12498
13996,2446,2187
13997,13678,12444
13998,13035,12811
13999,9837,2173
14000,13817,7490
14001,8523,7372
14002,12657,4144
14003,8548,4669
14004,12704,9570
14005,7527,5687
14006,13276,9661
14007,13319,2126
14008,13485,5081
14009,13192,6700
14010,5942,5138
14011,13285,8570
14012,13048,3848
14013,13864,13414
14014,8732,2028
14015,13989,13416
14016,12741,7603
14017,13058,12384
14018,12507,7415
14019,13343,4424
14020,13420,6542
14021,7797,6340
14022,13787,12680
14023,12464,8904
14024,5850,5571
14025,8912,1012
14026,12442,5770
14027,6373,4987
14028,2389,1181
14029,13846,13650
14030,13489,6068
14031,7322,5060
14032,13517,2295
14033,13251,1701
14034,9999,9834
14035,9511,1918
14036,12856,2113
14037,4215,3803
14038,8498,7736
14039,4846,3171
14040,12723,8928
14041,13668,12316
14042,13961,12877
14043,12798,5804
14044,8107,4495
14045,13640,9050
14046,13404,12697
14047,11806,9157
14048,13631,13149
14049,14013,13647
14050,13297,6040
14051,6808,3612
14052,13706,12350
14053,13225,5579
14054,12603,9649
14055,5269,2401
14056,13951,12935
14057,8716,1341
14058,13187,8488
14059,13724,13685
14060,13953,13618
14061,9032,4691
14062,13346,5607
14063,13539,13088
14064,13509,783
14065,4287,1061
14066,7653,2471
14067,8033,4503
14068,13389,12991
14069,13996,2124
14070,13085,7257
14071,12213,9551
14072,13472,1612
14073,9699,4
14074,1410,509
14075,9249,823
14076,9519,2390
14077,13713,12980
14078,13557,13439
14079,13186,908
14080,12852,7209
14081,12701,12278
14082,9825,7312
14083,13918,13067
14084,12700,4816
14085,8400,696
14086,13406,13307
14087,9270,1686
14088,13859,13594
14089,13376,12199
14090,13782,13252
14091,13577,2996
14092,5734,1469
14093,13997,12628
14094,13944,13660
14095,7506,2322
14096,9382,3277
14097,13703,13542
14098,13114,11645
14099,13623,810
14100,13819,5752
14101,12890,9137
14102,12808,3632
14103,13898,523
14104,12781,3737
14105,13822,7367
14106,14015,13808
14107,13681,12744
14108,6709,6642
14109,1802,1024
14110,13358,11444
14111,14031,7593
14112,6449,844
14113,13575,12887
14114,9503,4971
14115,13876,13786
14116,4148,2002
14117,13559,8589
14118,3951,861
14119,13195,6312
14120,13665,13145
14121,13531,1449
14122,13893,12924
14123,13278,12986
14124,5457,3988
14125,7924,5782
14126,3020,279
14127,11095,1412
14128,13435,8532
14129,13857,12337
14130,13422,13098
14131,13272,1069
14132,13624,3748
14133,8055,1844
14134,13762,12630
14135,13300,5131
14136,9719,5603
14137,3446,3398
14138,8305,585
14139,3133,3114
14140,4858,3613
14141,14053,14000
14142,13868,12509
14143,5955,2745
14144,6732,2050
14145,11858,7093
14146,13235,9640
14147,14075,8301
14148,6989,2864
14149,3710,1763
14150,12790,6441
14151,13063,569
14152,13335,9532
14153,13179,12505
14154,13096,6293
14155,8440,5164
14156,14129,14042
14157,13119,1902
14158,12954,921
14159,12436,6430
14160,4761,1568
14161,8953,2717
14162,12822,12354
14163,1326,493
14164,13992,12878
14165,8719,8614
14166,13726,377
14167,13627,7311
14168,7817,1728
14169,12413,1575
14170,9819,9409
14171,14166,8841
14172,7016,1194
14173,13792,9787
14174,13482,12864
14175,13561,11934
14176,13379,7222
14177,5870,1258
14178,14049,13283
14179,13696,9886
14180,13882,13524
14181,12889,2554
14182,4623,2949
14183,3617,336
14184,3215,2529
14185,9738,966
14186,4694,2862
14187,13837,532
14188,13615,1864
14189,12908,310
14190,13952,7482
14191,13212,907
14192,13334,8040
14193,4804,4665
14194,13635,13616
14195,13913,13555
14196,12782,8472
14197,13649,2345
14198,1721,1
14199,13772,13614
14200,5812,5563
14201,12613,3705
14202,12394,6622
14203,13725,13444
14204,13766,13337
14205,8549,3135
14206,12996,4048
14207,13924,13176
14208,13809,13392
14209,8812,952
14210,13345,9505
14211,13813,51
14212,14094,13659
14213,13109,1070
14214,12968,7881
14215,14103,13522
14216,13494,2997
14217,13277,5604
14218,12941,9835
14219,12960,7946
14220,13143,1260
14221,13682,61
14222,13457,13264
14223,13956,13573
14224,9533,3278
14225,5646,2271
14226,13709,12746
14227,13157,7150
14228,13783,13016
14229,14107,13072
14230,8793,3888
14231,9041,423
14232,13043,6629
14233,8503,6418
14234,13450,1155
14235,13770,3584
14236,13095,8538
14237,14156,13927
14238,6609,202
14239,12282,6960
14240,13670,13184
14241,13785,3233
14242,12815,2965
14243,12379,7346
14244,13908,70
14245,5071,3823
14246,13967,2110
14247,14088,4596
14248,13371,3044
14249,4626,4515
14250,13972,12179
14251,2217,1331
14252,6056,603
14253,13991,12688
14254,3752,946
14255,3833,3442
14256,6152,6105
14257,13562,2268
14258,13428,12371
14259,8950,2027
14260,3434,2291
14261,13454,6578
14262,13089,439
14263,2920,2441
14264,13693,12115
14265,3494,1499
14266,7052,319
14267,9528,4864
14268,12280,11641
14269,2190,217
14270,9920,3017
14271,14060,13816
14272,13669,1651
14273,7897,397
14274,13393,2652
14275,13871,13585
14276,13462,9536
14277,13224,1905
14278,6539,4729
14279,14091,9201
14280,13711,13238
14281,13196,2674
14282,12754,5749
14283,14102,12465
14284,6509,3602
14285,13059,5344
14286,9246,5163
14287,9769,3739
14288,13175,8595
14289,13768,8881
14290,13546,12589
14291,13656,13315
14292,13794,2323
14293,14106,13653
14294,13704,4513
14295,13605,2828
14296,7769,7768
14297,13507,8458
14298,9903,9752
14299,14246,13716
14300,13602,13488
14301,13884,2739
14302,14090,13287
14303,1066,633
14304,13599,13564
14305,12992,8766
14306,13017,9670
14307,223,145
14308,8850,4573
14309,9838,670
14310,13348,6734
14311,14218,13995
14312,13162,12797
14313,14148,10003
14314,13403,8745
14315,14056,12120
14316,1486,1221
14317,13127,5593
14318,14121,12882
14319,13920,9824
14320,8774,2067
14321,13375,8477
14322,7611,1642
14323,14062,13919
14324,13915,2981
14325,4880,4428
14326,14006,6306
14327,13077,1726
14328,13413,12582
14329,12902,9876
14330,14215,13374
14331,12325,1616
14332,14178,14122
14333,8800,7631
14334,13312,6234
14335,13091,2780
14336,13132,4682
14337,14171,8740
14338,4469,3978
14339,13833,152
14340,2253,1287
14341,8820,7617
14342,8239,6459
14343,13820,12423
14344,14072,12705
14345,13255,2513
14346,12838,3443
14347,6123,4931
14348,14244,12266
14349,12634,2595
14350,13106,9483
14351,12824,9942
14352,13748,8779
14353,14080,5315
14354,13779,13415
14355,14008,13955
14356,14114,12936
14357,13569,999
14358,13843,13729
14359,9782,7495
14360,13487,4948
14361,12610,2418
14362,12923,3303
14363,3915,1332
14364,13118,12969
14365,4900,595
14366,14058,1964
14367,12873,210
14368,13835,13597
14369,13907,9581
14370,14203,14064
14371,7874,4556
14372,8361,3925
14373,8126,5496
14374,14276,5255
14375,14079,88
14376,12728,5305
14377,12357,7583
14378,6419,3206
14379,12703,8234
14380,8392,8248
14381,13688,5893
14382,14375,4988
14383,13244,1015
14384,7971,3489
14385,14220,5627
14386,13470,2419
14387,13028,939
14388,14033,13565
14389,13963,9283
14390,14207,8377
14391,7532,2799
14392,11583,3847
14393,7521,3881
14394,2990,2932
14395,7771,6450
14396,13823,13193
14397,13110,3938
14398,6721,6508
14399,13456,8634
14400,14293,13525
14401,8605,5681
14402,7958,162
14403,8143,4644
14404,14326,13401
14405,14018,13870
14406,14368,5887
14407,9841,9674
14408,14345,12998
14409,5666,1117
14410,7710,1996
14411,14229,9120
14412,1479,615
14413,4519,3188
14414,13695,13130
14415,13370,13243
14416,8818,1875
14417,13606,5023
14418,7962,4912
14419,7255,1115
14420,13194,8712
14421,13855,4276
14422,14153,12554
14423,5028,943
14424,3239,358
14425,13946,7688
14426,6193,6164
14427,13642,9315
14428,7320,3941
14429,13894,5873
14430,13492,1582
14431,13947,8112
14432,13160,3275
14433,8792,7448
14434,7708,6263
14435,13931,13731
14436,13839,13451
14437,14029,652
14438,13237,7624
14439,13936,13922
14440,13977,7263
14441,14400,5707
14442,8829,7596
14443,13296,4765
14444,13860,12506
14445,8982,7189
14446,13753,13131
14447,13232,13090
14448,13728,3154
14449,14330,13712
14450,13520,4254
14451,6436,4844
14452,12955,1485
14453,14199,5225
14454,9546,4624
14455,7260,4580
14456,13708,12818
14457,12627,1682
14458,9740,5069
14459,176,31
14460,13270,9320
14461,5920,4447
14462,9295,5428
14463,13322,9934
14464,2776,2453
14465,5249,2716
14466,14048,13441
14467,14204,13733
14468,12304,7294
14469,13396,9758
14470,13589,5189
14471,13812,1702
14472,3190,1136
14473,13905,2937
14474,7698,6416
14475,14089,13611
14476,14083,13468
14477,14441,14041
14478,8056,4452
14479,6942,2883
14480,13719,5208
14481,14237,13825
14482,13400,971
14483,7399,6772
14484,8562,3418
14485,12820,1958
14486,12874,5800
14487,12944,1638
14488,14449,14348
14489,14436,13765
14490,14050,6423
14491,8852,8808
14492,9011,4684
14493,13869,3118
14494,13480,5239
14495,5783,2219
14496,12891,5816
14497,13998,13590
14498,9585,9565
14499,5528,1373
14500,11555,6722
14501,14232,7522
14502,8901,1719
14503,13051,3264
14504,14467,14133
14505,7074,4732
14506,13798,5216
14507,14339,13848
14508,14271,14134
14509,14435,14093
14510,12583,5832
14511,2856,2285
14512,14471,1541
14513,14390,1175
14514,14179,13804
14515,12777,4944
14516,13661,2265
14517,14332,14212
14518,13369,13076
14519,14195,13850
14520,8176,1200
14521,4299,3620
14522,13827,7304
14523,8492,1509
14524,9814,2262
14525,14158,7636
14526,9859,583
14527,13349,4714
14528,14176,13101
14529,14045,9278
14530,14477,4852
14531,14101,1983
14532,12795,7259
14533,5089,5036
14534,14275,13901
14535,13978,8394
14536,13910,4673
14537,6146,1916
14538,13580,5716
14539,14352,1656
14540,9594,2506
14541,13584,6631
14542,14123,13578
14543,3105,2995
14544,14301,6277
14545,9657,7816
14546,3949,3811
14547,831,296
14548,3201,1255
14549,14223,7176
14550,1672,850
14551,14187,13309
14552,8944,8876
14553,7517,1993
14554,9638,6563
14555,470,175
14556,14010,2562
14557,6427,5738
14558,14481,807
14559,13799,12664
14560,13576,6223
14561,13429,7696
14562,13547,614
14563,13849,6276
14564,14208,7673
14565,13503,3843
14566,14530,14052
14567,4227,3663
14568,7812,1010
14569,14396,13795
14570,13607,12995
14571,5826,5671
14572,14453,8295
14573,13645,13511
14574,2975,2365
14575,14350,415
14576,13325,6499
14577,12863,2175
14578,11862,7660
14579,14411,9251
14580,14030,4589
14581,14157,13625
14582,13120,5728
14583,13556,13075
14584,14180,1743
14585,13806,1558
14586,8515,7980
14587,13633,475
14588,13805,4017
14589,14182,989
14590,1843,1801
14591,12095,1472
14592,1588,208
14593,14059,1745
14594,14426,8195
14595,13010,6531
14596,14504,3656
14597,13434,7716
14598,7738,6284
14599,6813,3478
14600,13419,5724
14601,2772,1271
14602,8723,232
14603,13962,13941
14604,14070,13959
14605,8122,7731
14606,13621,4396
14607,14508,14141
14608,5748,1812
14609,13535,2979
14610,14294,14012
14611,13570,3637
14612,7157,3176
14613,9723,6094
14614,13455,12984
14615,14279,14235
14616,14095,12733
14617,5562,640
14618,9321,2704
14619,14316,13055
14620,13551,2373
14621,14283,13080
14622,14476,13970
14623,14009,6823
14624,8044,1879
14625,13986,3130
14626,13274,8482
14627,14032,13763
14628,14280,8064
14629,4692,970
14630,14231,12727
14631,8811,8676
14632,14394,8869
14633,13900,5745
14634,14314,13714
14635,14291,13453
14636,6884,6520
14637,2863,304
14638,14579,13505
14639,14100,13720
14640,8578,407
14641,14247,7215
14642,9628,6154
14643,5497,1610
14644,4333,1679
14645,14447,14068
14646,14596,14104
14647,14309,13767
14648,1182,1047
14649,4124,3889
14650,13658,12925
14651,14201,12812
14652,13746,9030
14653,14531,9846
14654,14285,2958
14655,7313,196
14656,14482,7807
14657,3102,2496
14658,13117,8721
14659,14558,1361
14660,14169,13588
14661,1404,845
14662,13780,2429
14663,14622,13865
14664,3679,717
14665,7569,3445
14666,14118,820
14667,14315,13620
14668,14549,13974
14669,8253,4841
14670,13867,9822
14671,2398,1974
14672,13958,9888
14673,9296,3216
14674,12489,5409
14675,14659,14074
14676,6004,4334
14677,14076,12911
14678,13734,6181
14679,14302,13964
14680,9736,5665
14681,14566,12521
14682,14569,12916
14683,14162,495
14684,13459,13445
14685,13925,13047
14686,2663,833
14687,12532,3211
14688,12886,3341
14689,14086,8255
14690,4805,4071
14691,14480,5103
14692,8291,1826
14693,13104,6869
14694,14370,13626
14695,426,187
14696,14264,9840
14697,4516,1203
14698,13526,10457
14699,8150,2656
14700,11473,143
14701,14349,14004
14702,7252,2773
14703,13305,12773
14704,14135,14099
14705,12945,1199
14706,14160,13937
14707,14017,8805
14708,6126,2553
14709,14689,13533
14710,14494,13448
14711,13960,8334
14712,13449,13316
14713,13663,13550
14714,7458,2709
14715,13421,9651
14716,13862,9335
14717,14126,13775
14718,4748,3864
14719,14016,13352
14720,14694,14023
14721,14429,2625
14722,7391,7055
14723,14475,14213
14724,8891,8765
14725,14210,2833
14726,2762,932
14727,14406,13743
14728,5640,4860
14729,8314,7425
14730,5101,4896
14731,14311,13543
14732,2811,2198
14733,6958,5643
14734,14063,13844
14735,1950,108
14736,14675,13467
14737,14124,9829
14738,6636,2049
14739,14412,538
14740,2046,1359
14741,14261,13888
14742,8167,3553
14743,8962,3930
14744,9218,441
14745,5300,2956
14746,14217,1254
14747,7025,6165
14748,13586,13069
14749,9905,1142
14750,12646,8200
14751,14681,13617
14752,9479,556
14753,13921,13845
14754,13383,8582
14755,14040,8652
14756,13622,5954
14757,7586,5634
14758,14638,13842
14759,14071,5033
14760,8514,4637
14761,3787,395
14762,8670,1555
14763,14240,13828
14764,14321,12510
14765,14143,14002
14766,14466,13781
14767,14214,13447
14768,14388,14299
14769,13545,3115
14770,14363,14344
14771,14646,148
14772,14323,4776
14773,14335,13636
14774,134,81
14775,7735,2801
14776,14092,1650
14777,6690,1765
14778,13984,12671
14779,14654,13979
14780,13854,1280
14781,14081,13568
14782,5094,157
14783,14736,7899
14784,14593,14509
14785,14132,8845
14786,14751,6053
14787,13890,6260
14788,14196,6135
14789,13289,3813
14790,8319,249
14791,13398,7395
14792,5003,882
14793,14597,13764
14794,13938,3880
14795,14329,4390
14796,13879,13744
14797,14490,6620
14798,14507,12458
14799,7562,4249
14800,12905,7922
14801,13185,2628
14802,14783,14668
14803,13265,4586
14804,14786,14277
14805,14385,7885
14806,8484,741
14807,14085,4920
14808,2992,1432
14809,8943,8689
14810,9173,7477
14811,5451,4777
14812,4114,2237
14813,12590,3151
14814,13932,5923
14815,5085,4545
14816,8101,7826
14817,7279,5323
14818,14096,3175
14819,14409,14164
14820,14150,5397
14821,4970,4967
14822,14679,14115
14823,14376,13815
14824,4873,4649
14825,13727,6315
14826,14683,13142
14827,5051,806
14828,3980,533
14829,7285,3117
14830,14417,7337
14831,6597,6543
14832,13380,1476
14833,4851,4149
14834,3969,691
14835,13740,13301
14836,4510,3651
14837,7120,213
14838,14513,8160
14839,14452,7838
14840,13273,3147
14841,7536,818
14842,13339,7388
14843,5835,1715
14844,14771,3747
14845,12593,1975
14846,5463,3168
14847,14768,682
14848,13003,9720
14849,5002,893
14850,14704,4205
14851,11812,6736
14852,8460,5335
14853,14720,13172
14854,12693,8240
14855,6968,6940
14856,14804,14565
14857,8965,8588
14858,14334,14061
14859,14366,582
14860,4557,2569
14861,4701,1803
14862,13314,5526
14863,14543,14142
14864,6918,6588
14865,14297,13385
14866,4848,3545
14867,13600,3667
14868,14194,5329
14869,13523,3886
14870,14856,14584
14871,6648,5823
14872,13538,2417
14873,12749,2486
14874,14117,13885
14875,6582,6547
14876,8970,6828
14877,13461,6641
14878,14456,13887
14879,14039,5693
14880,9707,9620
14881,8074,5633
14882,14437,14408
14883,13759,560
14884,7107,7057
14885,13282,161
14886,14391,14274
14887,14663,14455
14888,13810,11736
14889,14802,961
14890,2740,144
14891,14844,13496
14892,14028,12929
14893,9484,9370
14894,5668,2000
14895,360,233
14896,13609,5890
14897,14206,7119
14898,14422,2964
14899,14727,13749
14900,3235,2500
14901,12012,3893
14902,7457,1673
14903,13290,1174
14904,13883,6496
14905,13425,9500
14906,13853,13603
14907,12579,254
14908,14583,14119
14909,5192,2902
14910,14252,13078
14911,13831,12559
14912,14758,14152
14913,6507,5597
14914,14527,3039
14915,3240,3181
14916,12953,2921
14917,14108,6720
14918,14328,13904
14919,5669,2281
14920,13465,8296
14921,9644,2293
14922,9844,7205
14923,8389,5132
14924,13373,98
14925,9498,4903
14926,13939,194
14927,14284,12861
14928,13689,1684
14929,8510,7393
14930,348,149
14931,14572,13234
14932,9698,1128
14933,9995,9801
14934,14489,1698
14935,3367,664
14936,14036,8896
14937,9350,3317
14938,12949,1685
14939,14242,8566
14940,14427,9420
14941,14035,13771
14942,14889,13372
14943,14387,9547
14944,6356,6144
14945,13215,9163
14946,14942,14859
14947,9402,673
14948,9497,8345
14949,9980,7261
14950,14084,1414
14951,14262,13985
14952,13619,8865
14953,13336,5855
14954,14439,2896
14955,14499,14227
14956,14887,1208
14957,3055,2853
14958,13486,3138
14959,13515,4809
14960,14870,14518
14961,14517,14192
14962,13426,8390
14963,13760,4935
14964,14253,13601
14965,14402,272
14966,14362,13877
14967,14639,2413
14968,13889,13730
14969,14539,13803
14970,14961,13976
14971,14723,14165
14972,14529,1475
14973,13608,2872
14974,9322,4211
14975,14956,6157
14976,14946,14077
14977,7278,4770
14978,14450,3992
14979,4762,4501
14980,14960,14807
14981,14580,14120
14982,731,443
14983,14116,6716
14984,13628,13571
14985,14211,7841
14986,14222,13271
14987,14615,8997
14988,13407,12225
14989,14113,14019
14990,14970,13676
14991,13320,8175
14992,14305,9751
14993,14228,1574
14994,14488,1694
14995,14542,13818
14996,9489,5487
14997,3350,3305
14998,14764,13790
14999,13990,7429
15000,14258,13874
15001,14980,14324
15002,14269,13180
15003,7098,6484
15004,14772,13912
15005,13423,1927
15006,13718,4707
15007,8487,704
15008,14087,13757
15009,13896,7525
15010,13552,1065
15011,299,186
15012,14248,6486
15013,14903,7818
15014,14219,6291
15015,14787,14607
15016,13438,7196
15017,3167,2020
15018,9993,5609
15019,14304,690
15020,8924,8694
15021,11738,721
15022,461,406
15023,14501,11958
15024,14975,14564
15025,14641,7584
15026,7860,6221
15027,15001,13593
15028,14216,9227
15029,13357,3194
15030,7469,3037
15031,14968,14785
15032,14939,14181
15033,14928,13587
15034,14766,14313
15035,14446,12957
15036,12321,1569
15037,14073,13906
15038,3475,3150
15039,14994,14835
15040,14685,14534
15041,5198,2400
15042,14007,13368
15043,14463,4725
15044,14863,14551
15045,14144,1483
15046,9297,9159
15047,14797,1453
15048,6513,3344
15049,7078,2950
15050,15027,14431
15051,14145,13579
15052,13086,6919
15053,14545,3627
15054,13751,4517
15055,14971,14603
15056,4084,729
15057,14137,3308
15058,13926,13387
15059,13917,13610
15060,13980,4414
15061,8932,7832
15062,14770,1232
15063,7407,3338
15064,14716,4928
15065,14847,13563
15066,14765,7193
15067,14976,1792
15068,14868,13852
15069,14197,5582
15070,12805,1683
15071,8739,3832
15072,8166,760
15073,14130,863
15074,13866,6448
15075,14798,2725
15076,14341,7203
15077,14563,8809
15078,7303,5882
15079,14891,3952
15080,14808,13793
15081,5072,4242
15082,15050,2452
15083,14934,14319
15084,8303,1231
15085,14127,6088
15086,14151,46
15087,14763,6024
15088,14617,7747
15089,14355,14300
15090,14234,8938
15091,14692,13673
15092,14538,9866
15093,9879,6967
15094,14174,6875
15095,832,559
15096,13116,8446
15097,9113,6401
15098,13667,12311
15099,14380,14226
15100,15082,12175
15101,14907,9078
15102,14609,1278
15103,13173,12650
15104,13342,11573
15105,7572,361
15106,7752,5110
15107,14750,9574
15108,14904,4940
15109,7864,2784
15110,13821,13177
15111,14168,2657
15112,8124,5641
15113,14990,14931
15114,15079,14706
15115,15067,14709
15116,14561,12917
15117,6694,164
15118,13982,3772
15119,6026,6018
15120,9938,9367
15121,5784,2525
15122,3436,1971
15123,6630,6534
15124,15047,4616
15125,9633,5150
15126,13655,5044
15127,14967,13317
15128,15100,14993
15129,14587,13644
15130,14374,8501
15131,14656,5714
15132,14978,14415
15133,8364,1124
15134,14298,8668
15135,14951,14882
15136,13630,1895
15137,15015,13662
15138,1713,1549
15139,6112,92
15140,14386,13834
15141,6848,5743
15142,14525,8397
15143,6309,6169
15144,14602,14290
15145,8236,4622
15146,8558,6783
15147,14936,14367
15148,6878,434
15149,9000,5444
15150,13777,941
15151,427,345
15152,5055,3716
15153,14661,14420
15154,6106,1355
15155,9964,2490
15156,14351,9625
15157,13769,3932
15158,14606,4712
15159,14777,14645
15160,6228,1106
15161,13886,5667
15162,14515,3903
15163,15039,14845
15164,15115,14853
15165,14383,14078
15166,3396,3007
15167,3498,2347
15168,14707,6404
15169,7299,6069
15170,14468,7106
15171,13758,8416
15172,9475,4568
15173,13891,1294
15174,11672,474
15175,8887,8563
15176,5213,2278
15177,8749,3145
15178,13687,2544
15179,14830,13773
15180,14969,14528
15181,14512,13802
15182,7982,3551
15183,14832,14670
15184,14588,14273
15185,1897,1846
15186,6185,3486
15187,1105,1077
15188,2899,2796
15189,14535,5658
15190,14014,6059
15191,14628,14570
15192,14292,13328
15193,14589,8877
15194,14131,13948
15195,15137,15128
15196,14381,13747
15197,13666,9514
15198,14854,13723
15199,13814,9101
15200,7978,1940
15201,1587,496
15202,14731,14660
15203,14022,566
15204,13774,7948
15205,6438,2498
15206,1781,855
15207,14987,14734
15208,8517,2127
15209,15075,15068
15210,6230,2919
15211,14653,7524
15212,13752,6103
15213,1594,723
15214,14322,7508
15215,15033,7947
15216,13934,12973
15217,14425,5483
15218,14746,4096
15219,14484,1600
15220,8603,1753
15221,14590,7050
15222,2785,227
15223,15062,15025
15224,3302,1538
15225,15114,15008
15226,14495,8277
15227,13717,7786
15228,3644,1383
15229,14282,7666
15230,14627,13479
15231,14677,9691
15232,14767,8999
15233,8097,1222
15234,14865,13293
15235,7725,3861
15236,13363,3032
15237,14753,38
15238,14430,12959
15239,12637,6821
15240,9398,4609
15241,13784,8398
15242,6182,4064
15243,14989,14644
15244,6360,4171
15245,12170,981
15246,12138,6133
15247,15064,2973
15248,4990,3851
15249,7773,3800
15250,14001,12656
15251,14485,1058
15252,7828,6389
15253,14979,14633
15254,13903,8205
15255,9114,4500
15256,15163,14826
15257,14358,13331
15258,14331,13066
15259,14619,9611
15260,6043,2013
15261,4741,1604
15262,5400,4650
15263,13672,9940
15264,13797,3465
15265,15054,8790
15266,8980,1785
15267,9556,4634
15268,12982,4582
15269,14317,1336
15270,14500,6528
15271,14809,13418
15272,8556,1565
15273,14755,9650
15274,8083,7165
15275,14741,6812
15276,15113,15065
15277,15089,14647
15278,14519,8966
15279,14067,13011
15280,14595,2940
15281,8586,8187
15282,14816,5833
15283,5140,4790
15284,14288,14043
15285,8039,4194
15286,14470,3315
15287,3423,1731
15288,9056,4773
15289,14189,13651
15290,15097,14416
15291,4832,4341
15292,14605,6446
15293,14604,13975
15294,1823,1407
15295,14851,6984
15296,14858,2576
15297,14054,7166
15298,8475,5574
15299,14440,2754
15300,8998,1797
15301,13957,2197
15302,14697,8559
15303,7802,5232
15304,14177,506
15305,12951,3328
15306,5978,1234
15307,6341,5621
15308,3976,2117
15309,5613,1418
15310,14243,5529
15311,15142,885
15312,13994,7511
15313,8684,4723
15314,9445,6173
15315,14065,6278
15316,5839,5654
15317,5167,713
15318,14556,12862
15319,8615,7733
15320,4024,1767
15321,13674,9567
15322,15058,5228
15323,15110,14784
15324,14912,4555
15325,15164,444
15326,9033,6231
15327,14898,14552
15328,14337,1148
15329,14265,438
15330,15256,14560
15331,9318,5355
15332,15144,14281
15333,13942,2448
15334,7991,3419
15335,8989,1335
15336,9281,1936
