1000,433,53
1001,96,94
1002,409,207
1003,1001,150
1004,477,117
1005,490,220
1006,389,20
1007,1000,390
1008,41,33
1009,1007,215
1010,398,367
1011,1009,77
1012,1005,1004
1013,251,135
1014,815,714
1015,253,112
1016,1003,43
1017,410,138
1018,151,86
1019,285,75
1020,401,368
1021,339,74
1022,1010,72
1023,1014,1011
1024,1008,219
1025,449,152
1026,124,103
1027,237,89
1028,231,107
1029,204,146
1030,1002,354
1031,62,12
1032,1012,170
1033,453,261
1034,1020,392
1035,281,246
1036,257,59
1037,243,79
1038,1013,115
1039,1031,171
1040,1034,119
1041,1029,37
1042,1023,901
1043,413,371
1044,1030,429
1045,1016,963
1046,465,278
1047,495,403
1048,722,501
1049,1038,1017
1050,1024,440
1051,1022,1006
1052,279,168
1053,1050,527
1054,1042,73
1055,1032,658
1056,260,255
1057,1045,508
1058,1044,88
1059,1039,310
1060,1055,987
1061,1060,742
1062,1053,343
1063,200,167
1064,1026,880
1065,353,344
1066,1037,270
1067,1048,1021
1068,1035,442
1069,300,218
1070,1054,1027
1071,439,108
1072,291,4
1073,1061,1018
1074,1049,762
1075,438,259
1076,655,184
1077,1062,192
1078,1070,793
1079,1057,199
1080,189,47
1081,906,15
1082,1043,1041
1083,470,51
1084,587,118
1085,1066,876
1086,1036,423
1087,395,357
1088,1074,1067
1089,292,238
1090,307,252
1091,425,337
1092,1073,1019
1093,1077,935
1094,498,275
1095,370,304
1096,1088,1065
1097,1093,1069
1098,236,202
1099,1078,916
1100,420,318
1101,97,91
1102,106,42
1103,1089,1040
1104,626,412
1105,287,28
1106,179,61
1107,1079,491
1108,1099,298
1109,805,635
1110,299,186
1111,334,258
1112,1108,860
1113,1052,129
1114,1086,1083
1115,1097,1081
1116,1112,286
1117,1087,1064
1118,1116,838
1119,1100,272
1120,1101,312
1121,796,739
1122,1047,418
1123,1063,313
1124,1028,1025
1125,1092,70
1126,1082,778
1127,1085,416
1128,1068,415
1129,1118,1059
1130,1126,1107
1131,1051,263
1132,545,500
1133,1015,143
1134,1033,223
1135,1071,6
1136,497,469
1137,1104,9
1138,1072,194
1139,407,317
1140,1125,137
1141,1096,122
1142,1103,360
1143,1094,196
1144,1111,346
1145,1137,979
1146,1141,776
1147,1115,923
1148,397,104
1149,1129,1105
1150,872,476
1151,1127,203
1152,1075,365
1153,1119,161
1154,249,210
1155,1058,879
1156,1090,280
1157,149,10
1158,316,306
1159,1120,350
1160,1128,639
1161,790,424
1162,972,736
1163,1110,351
1164,993,765
1165,1142,273
1166,784,629
1167,1149,789
1168,1151,46
1169,1130,314
1170,1167,540
1171,1091,133
1172,1140,1106
1173,1146,915
1174,1117,1046
1175,1170,940
1176,933,610
1177,452,254
1178,1160,363
1179,1147,1114
1180,185,67
1181,1173,1084
1182,1155,1122
1183,1138,1131
1184,176,31
1185,1121,541
1186,949,358
1187,274,205
1188,1152,1139
1189,457,56
1190,1156,256
1191,134,81
1192,1175,1172
1193,1132,712
1194,1179,175
1195,1166,892
1196,1145,510
1197,1181,529
1198,1080,473
1199,1183,1113
1200,426,187
1201,178,84
1202,1135,493
1203,849,710
1204,1192,984
1205,481,87
1206,451,130
1207,1197,1185
1208,504,319
1209,1204,517
1210,468,111
1211,865,781
1212,1095,283
1213,434,269
1214,1186,266
1215,1198,333
1216,944,800
1217,1169,1123
1218,1178,148
1219,1161,1153
1220,1195,694
1221,1165,232
1222,480,233
1223,1102,341
1224,1194,862
1225,496,100
1226,1168,1150
1227,1209,791
1228,229,25
1229,467,322
1230,1157,348
1231,975,524
1232,1207,579
1233,1174,662
1234,1196,1076
1235,1133,1
1236,461,406
1237,717,528
1238,686,436
1239,387,144
1240,1182,411
1241,705,38
1242,831,296
1243,1212,475
1244,1164,17
1245,909,444
1246,1217,248
1247,1226,1176
1248,1233,734
1249,1224,325
1250,1227,606
1251,995,692
1252,1232,746
1253,1193,605
1254,448,68
1255,1249,750
1256,268,54
1257,1250,874
1258,1177,361
1259,1143,24
1260,659,572
1261,1255,1252
1262,400,241
1263,165,30
1264,1257,1144
1265,1246,1134
1266,1247,190
1267,1238,604
1268,1248,622
1269,982,741
1270,990,136
1271,1163,139
1272,1234,1216
1273,1199,109
1274,1219,454
1275,347,327
1276,1260,928
1277,1261,1245
1278,1221,1188
1279,601,191
1280,1223,441
1281,1218,751
1282,1273,1214
1283,297,201
1284,1220,565
1285,846,685
1286,878,843
1287,1215,382
1288,1201,499
1289,924,672
1290,1210,211
1291,1277,936
1292,383,302
1293,63,52
1294,1241,743
1295,1191,1159
1296,1291,1202
1297,1264,1244
1298,1162,983
1299,1253,803
1300,1265,217
1301,1281,332
1302,866,772
1303,1299,1266
1304,1285,1272
1305,1237,859
1306,1300,459
1307,1268,719
1308,446,408
1309,1230,422
1310,214,164
1311,1297,1294
1312,1296,761
1313,988,977
1314,1235,193
1315,1284,904
1316,1312,1304
1317,1267,748
1318,1136,1124
1319,1274,1180
1320,157,78
1321,1211,16
1322,1154,929
1323,1307,814
1324,1208,303
1325,956,602
1326,1302,824
1327,598,114
1328,1278,1200
1329,1301,1190
1330,342,80
1331,729,656
1332,1306,856
1333,966,698
1334,460,419
1335,1315,740
1336,1332,562
1337,1282,212
1338,373,177
1339,1254,1243
1340,1240,1222
1341,1229,430
1342,1316,669
1343,1187,335
1344,1311,1280
1345,1336,1317
1346,609,435
1347,1342,715
1348,1251,836
1349,456,32
1350,1231,943
1351,1319,1271
1352,1347,553
1353,848,758
1354,1056,228
1355,464,83
1356,1344,1270
1357,650,544
1358,1298,1276
1359,1203,503
1360,1328,240
1361,1309,66
1362,1335,745
1363,1352,1279
1364,1345,1323
1365,1356,1269
1366,1363,877
1367,777,55
1368,1303,624
1369,1286,795
1370,1364,599
1371,955,567
1372,336,213
1373,1366,1313
1374,898,593
1375,559,558
1376,614,547
1377,1373,1340
1378,1365,1242
1379,985,913
1380,640,586
1381,1368,1337
1382,1362,808
1383,850,93
1384,331,102
1385,1289,822
1386,768,328
1387,147,126
1388,716,571
1389,1370,594
1390,224,140
1391,1377,1305
1392,1378,197
1393,142,29
1394,1228,752
1395,1320,708
1396,1351,1206
1397,1392,58
1398,1339,1213
1399,1369,576
1400,427,345
1401,837,554
1402,1310,234
1403,1098,169
1404,492,110
1405,145,92
1406,1338,1295
1407,1358,1327
1408,1360,1329
1409,1391,1321
1410,428,155
1411,1389,1382
1412,957,679
1413,1283,802
1414,1397,523
1415,839,590
1416,123,23
1417,305,162
1418,1148,825
1419,1353,209
1420,1189,952
1421,1411,888
1422,1406,432
1423,1409,1379
1424,1421,735
1425,1324,1292
1426,1355,1256
1427,1414,1367
1428,1357,542
1429,1333,688
1430,1407,1326
1431,1396,1314
1432,701,225
1433,1399,942
1434,1322,381
1435,320,208
1436,1424,763
1437,479,195
1438,1263,99
1439,1423,1415
1440,1359,657
1441,549,518
1442,920,700
1443,166,7
1444,1436,812
1445,992,680
1446,1427,1293
1447,216,172
1448,1384,141
1449,1444,1385
1450,1388,711
1451,709,443
1452,293,262
1453,1398,918
1454,1308,1205
1455,1430,539
1456,1402,895
1457,198,125
1458,1318,324
1459,1439,783
1460,1418,1290
1461,1449,744
1462,1394,1350
1463,721,76
1464,1455,1381
1465,1450,548
1466,1236,49
1467,1459,627
1468,1461,842
1469,1467,546
1470,623,581
1471,1469,902
1472,301,288
1473,1468,660
1474,265,227
1475,326,128
1476,766,731
1477,1405,1239
1478,1184,180
1479,466,282
1480,538,506
1481,1473,896
1482,1412,1348
1483,827,377
1484,1481,889
1485,1471,900
1486,1485,706
1487,845,532
1488,463,113
1489,1446,1393
1490,1486,851
1491,1490,683
1492,1441,1440
1493,932,183
1494,1464,1433
1495,667,619
1496,1445,1442
1497,828,818
1498,1404,474
1499,1484,704
1500,1491,330
1501,295,69
1502,1419,1109
1503,1465,779
1504,1425,13
1505,1460,749
1506,159,36
1507,1500,1413
1508,970,613
1509,1489,775
1510,691,646
1511,1507,1476
1512,893,764
1513,1434,396
1514,1499,804
1515,1509,1478
1516,1431,226
1517,1448,271
1518,1482,1408
1519,1400,873
1520,375,309
1521,414,21
1522,1514,561
1523,1466,1361
1524,1511,899
1525,1426,1341
1526,1494,631
1527,355,173
1528,1428,841
1529,801,637
1530,1331,595
1531,1524,767
1532,1422,1395
1533,1515,85
1534,1518,759
1535,1429,520
1536,1375,673
1537,1510,886
1538,1531,1492
1539,1458,1287
1540,1516,564
1541,1432,1262
1542,1528,1522
1543,1383,39
1544,1519,1451
1545,1462,887
1546,1470,989
1547,1401,1371
1548,1498,1258
1549,1533,1474
1550,1542,1526
1551,1420,907
1552,1374,620
1553,1538,670
1554,1453,882
1555,1545,8
1556,1386,934
1557,1553,1535
1558,1403,250
1559,939,352
1560,855,792
1561,1549,1456
1562,1443,806
1563,1380,608
1564,927,922
1565,1259,329
1566,1536,724
1567,1480,634
1568,1557,1541
1569,1513,431
1570,1534,1349
1571,1532,960
1572,881,585
1573,1504,653
1574,1540,1330
1575,1506,1343
1576,1554,1475
1577,867,820
1578,1561,969
1579,1550,925
1580,364,315
1581,1568,511
1582,1581,1477
1583,1288,1171
1584,1579,1505
1585,1525,1438
1586,1578,1495
1587,1334,760
1588,1582,1325
1589,1544,702
1590,1530,912
1591,649,494
1592,405,338
1593,1225,588
1594,1588,1570
1595,1586,487
1596,1479,127
1597,1487,536
1598,1584,857
1599,1447,3
1600,1496,618
1601,1590,1354
1602,1569,478
1603,1463,981
1604,1555,607
1605,1502,844
1606,1483,552
1607,356,35
1608,340,181
1609,1390,19
1610,1594,730
1611,1521,1508
1612,1562,999
1613,485,153
1614,994,696
1615,1497,603
1616,1539,1454
1617,1503,747
1618,1598,914
1619,1558,484
1620,926,580
1621,1566,1452
1622,1602,1589
1623,794,707
1624,666,648
1625,1618,965
1626,830,617
1627,1595,884
1628,1610,829
1629,1625,1512
1630,1628,1493
1631,1275,27
1632,472,206
1633,1630,875
1634,486,374
1635,1633,1546
1636,723,522
1637,1611,1571
1638,1517,2
1639,1626,1552
1640,1572,1346
1641,1635,905
1642,1641,1560
1643,1629,769
1644,1577,276
1645,483,26
1646,1576,163
1647,1604,971
1648,1643,1573
1649,863,675
1650,945,526
1651,1606,1551
1652,311,244
1653,1435,45
1654,773,671
1655,1642,894
1656,1648,1529
1657,1620,1597
1658,1457,533
1659,1655,514
1660,1646,1600
1661,1617,737
1662,1638,1563
1663,1657,1656
1664,1627,908
1665,1663,551
1666,1659,557
1667,391,323
1668,1666,1574
1669,1605,810
1670,678,5
1671,720,664
1672,1665,1621
1673,771,284
1674,937,642
1675,1614,1567
1676,1565,868
1677,1672,974
1678,1583,819
1679,1664,1523
1680,1609,1585
1681,1624,921
1682,1416,384
1683,1677,699
1684,1632,230
1685,1683,1644
1686,1596,1520
1687,1668,1622
1688,1599,366
1689,388,372
1690,447,105
1691,1587,816
1692,1603,1543
1693,1647,1376
1694,689,131
1695,976,727
1696,1661,1639
1697,1687,531
1698,813,630
1699,1669,98
1700,1685,713
1701,1637,1472
1702,1679,809
1703,1675,515
1704,1488,1387
1705,1697,509
1706,359,235
1707,1676,757
1708,826,799
1709,1705,786
1710,1593,1548
1711,903,891
1712,1709,1702
1713,1417,458
1714,1660,1613
1715,1700,1537
1716,1654,1410
1717,885,597
1718,823,556
1719,1575,385
1720,1437,222
1721,959,560
1722,1715,964
1723,1722,854
1724,625,482
1725,1662,1556
1726,1723,931
1727,1658,1612
1728,221,82
1729,1726,1703
1730,1699,569
1731,703,188
1732,1559,14
1733,1615,681
1734,1701,967
1735,1712,652
1736,1735,521
1737,1729,633
1738,1636,861
1739,1653,645
1740,1640,378
1741,948,583
1742,1736,951
1743,1649,958
1744,1737,1714
1745,182,11
1746,1744,780
1747,1707,471
1748,1734,1681
1749,1696,1650
1750,455,154
1751,1733,1674
1752,1746,519
1753,445,242
1754,1742,1623
1755,1580,417
1756,1752,1730
1757,1678,1616
1758,1693,1601
1759,1727,998
1760,1631,158
1761,1608,1564
1762,1754,535
1763,1756,1645
1764,1762,693
1765,1764,853
1766,1732,1716
1767,1765,591
1768,1751,1651
1769,1763,530
1770,869,174
1771,1769,1748
1772,1767,1704
1773,1680,1634
1774,1772,1768
1775,919,362
1776,1731,643
1777,95,50
1778,1719,946
1779,1738,755
1780,1758,1708
1781,1682,1670
1782,1721,628
1783,1689,1372
1784,1728,1619
1785,725,641
1786,774,616
1787,399,57
1788,890,537
1789,1774,697
1790,1789,663
1791,1759,1692
1792,1771,1739
1793,1743,832
1794,1591,684
1795,1790,615
1796,1795,570
1797,1796,1741
1798,968,674
1799,1718,996
1800,1792,817
1801,1800,1786
1802,1747,489
1803,1801,1793
1804,1725,883
1805,1691,543
1806,1803,1671
1807,1782,1711
1808,1806,1698
1809,1797,807
1810,1809,573
1811,1808,636
1812,1770,753
1813,1779,676
1814,911,65
1815,1713,116
1816,1810,961
1817,1749,575
1818,1816,369
1819,1802,687
1820,1740,1690
1821,1811,682
1822,1778,1720
1823,574,568
1824,1807,756
1825,1821,1785
1826,1710,1592
1827,1825,1773
1828,1799,1780
1829,1791,1766
1830,834,718
1831,1804,1776
1832,1775,1755
1833,1818,910
1834,1827,505
1835,1833,1547
1836,1835,1819
1837,1834,600
1838,1828,264
1839,1837,835
1840,1836,1798
1841,1824,1813
1842,1805,44
1843,1823,798
1844,1761,376
1845,577,507
1846,1840,695
1847,1788,239
1848,1841,294
1849,1839,732
1850,1829,1695
1851,1814,512
1852,1784,18
1853,950,612
1854,1783,897
1855,1717,978
1856,1850,1849
1857,1753,1667
1858,973,404
1859,870,488
1860,1853,797
1861,1686,1607
1862,661,638
1863,611,450
1864,1856,1848
1865,986,770
1866,1817,1815
1867,1846,733
1868,1694,632
1869,1867,1851
1870,1869,582
1871,1870,1822
1872,947,840
1873,1854,1820
1874,1688,1684
1875,1777,437
1876,1864,787
1877,811,654
1878,1876,1865
1879,1844,90
1880,1878,644
1881,1845,48
1882,1871,349
1883,1826,858
1884,1880,1843
1885,1842,847
1886,1781,379
1887,1884,555
1888,1882,1857
1889,1887,621
1890,1831,0
1891,1888,321
1892,1891,121
1893,1890,1889
1894,1158,60
1895,1892,1866
1896,788,647
1897,1787,1706
1898,1895,833
1899,1872,1860
1900,550,290
1901,726,289
1902,1858,566
1903,1838,1724
1904,1898,1885
1905,1893,738
1906,1905,1868
1907,1859,1832
1908,1861,941
1909,852,589
1910,1904,677
1911,821,584
1912,991,592
1913,1906,516
1914,1879,525
1915,1886,277
1916,1913,394
1917,1910,1652
1918,1903,1855
1919,980,308
1920,1916,665
1921,1920,1877
1922,1917,690
1923,1873,864
1924,1794,962
1925,1921,1911
1926,1925,1847
1927,1750,120
1928,1926,1899
1929,1922,953
1930,1928,1918
1931,1929,782
1932,1931,1812
1933,1527,502
1934,1501,421
1935,1932,386
1936,1930,871
1937,1936,1914
1938,1935,1863
1939,1937,1875
1940,1923,1915
1941,1927,1874
1942,1907,1883
1943,1908,1745
1944,1896,785
1945,1902,22
1946,1939,1881
1947,1946,1940
1948,1947,1900
1949,1757,997
1950,1944,578
1951,1943,1938
1952,1951,1933
1953,1952,1934
1954,1953,40
1955,1949,1912
1956,1950,1948
1957,1956,1942
1958,1954,1941
1959,1958,668
1960,1959,1957
1961,1924,938
1962,1897,930
1963,1955,101
1964,1945,132
1965,1909,1830
1966,1961,1960
1967,393,267
1968,1966,563
1969,402,64
1970,1968,1962
1971,1970,596
1972,1963,34
1973,1971,513
1974,1973,1967
1975,1673,245
1976,1894,1852
1977,1969,247
1978,1977,1974
1979,1964,728
1980,1901,380
1981,1965,917
1982,462,71
1983,1979,954
1984,1978,1919
1985,1984,1862
1986,1975,1760
1987,1985,1983
1988,1987,156
1989,1988,754
1990,1986,1981
1991,1972,651
1992,1989,1980
1993,1990,160
1994,1992,534
1995,1994,1993
1996,1995,1976
1997,1991,1982
1998,1997,1996
