Running 5-nn for 100 points
64
/Users/vivekkumarbagaria/Code/combinatorial_MAB/test_dataset/tiny-imagenet-200/val/images/*.JPEG
Number of files 10000
10000 points read.
Running
0	0	0	0	0	0	0	0	0	0	0	0	0	0	0	0	0	0	0	0	0	0	0	0	0	0	0	0	0	0	0	0	0	0	0	0	0	0	0	0	0	0	0	0	0	0	0	0	0	0	0	0	0	0	0	0	0	0	0	0	0	0	0	0	0	0	0	0	0	0	0	0	0	0	0	0	0	0	0	0	0	0	0	0	0	0	0	0	0	0	0	0	0	0	0	0	0	0	0	0	Saving onw
index 0:  0 1 2 3 4 15 6 14 13 10 22 7 19 12 9 18 11 16 17 23 20 21 5 24 8 Av:77
index 0:  4373 3721 7215 4541 6113 4872 8475 5191 9935 2058 8607 8598 6704 6375 6225 3971 140 179 4822 6718 1763 7744 1105 2977 5728 Av:77
index 1:  0 1 2 3 4 17 19 21 14 10 24 7 18 16 23 22 6 20 11 12 5 15 8 9 13 Av:84
index 1:  4470 6076 377 6438 9714 1898 7045 1739 1583 6357 7078 8984 982 7265 1926 7367 6145 9784 3947 1133 2668 2814 7215 78 2169 Av:84
index 2:  0 1 2 3 4 19 5 17 16 6 22 10 11 18 9 12 23 13 21 20 8 7 14 15 24 Av:77
index 2:  2755 4568 383 2836 5020 6584 4111 2032 9723 3715 9441 6317 3317 3403 8299 6571 7850 5087 1649 9952 7243 9298 923 8365 8603 Av:77
index 3:  0 1 2 3 4 12 18 21 17 6 20 22 7 10 11 24 23 16 9 19 13 5 15 14 8 Av:82
index 3:  7722 65 5440 6693 4563 8698 1355 5136 3335 7483 6068 8512 6860 500 6049 9362 5528 8311 6748 7824 7588 337 6185 2175 9060 Av:82
index 4:  0 1 2 3 4 18 9 23 16 13 21 24 12 15 17 8 20 7 14 11 19 10 6 5 22 Av:76
index 4:  1020 8946 7631 5571 8970 4931 2905 1195 3434 7232 1596 2969 4294 1879 8705 4190 3171 4177 8588 3280 8195 8628 4710 7732 4929 Av:76
index 5:  0 1 2 3 4 21 19 22 8 16 10 20 6 12 7 9 14 5 17 13 18 11 24 15 23 Av:73
index 5:  5635 4484 5878 9498 6718 5070 9381 8157 6014 3423 3435 6916 5622 1848 8405 86 7215 8562 5765 9976 4781 1065 8092 1728 6607 Av:73
index 6:  0 1 2 3 4 16 23 21 8 14 18 12 17 9 7 22 19 11 20 6 13 24 15 5 10 Av:80
index 6:  395 6748 7462 1024 6348 5103 5535 3541 5440 8949 1250 9379 5772 5059 1847 9570 7470 4166 3871 9898 7927 6000 3104 3008 1950 Av:80
index 7:  0 1 2 3 4 9 14 24 10 8 19 13 12 23 11 15 22 6 7 21 5 16 18 17 20 Av:78
index 7:  4373 4541 7215 2974 4860 5103 5829 5862 28 6113 2642 130 2332 7919 4303 9918 4351 1182 6942 6453 9650 6505 4665 4318 8966 Av:78
index 8:  0 1 2 3 4 23 16 24 5 18 6 21 20 15 9 12 22 14 7 10 11 8 17 19 13 Av:84
index 8:  395 3955 4934 3809 8100 9883 9635 2999 485 9403 9707 1099 3756 1840 9534 3287 6 6998 1707 3264 5967 5536 8813 3707 9421 Av:84
index 9:  0 1 2 3 4 13 16 9 12 11 22 21 6 18 19 14 8 20 7 15 23 5 17 24 10 Av:75
index 9:  395 1781 3721 6076 2473 6283 4934 9474 4979 377 1607 2866 898 248 7436 337 3707 7075 6632 6496 84 6270 8674 5651 6152 Av:75
index 10:  0 1 2 3 4 10 18 6 19 5 16 12 8 21 14 11 24 17 20 15 7 22 9 13 23 Av:83
index 10:  1078 6626 8475 1238 4860 6815 7925 697 3188 1588 4111 1233 3446 1083 3707 7223 8652 6429 6841 5137 8178 315 6637 1130 4023 Av:83
index 11:  0 1 2 3 4 16 9 6 12 21 24 13 18 14 23 7 15 11 10 5 19 8 17 22 20 Av:88
index 11:  1781 5162 7470 1839 4916 7757 8652 5501 2540 2490 5954 9533 4833 4301 9776 3278 894 1696 9217 4865 247 9490 7027 4432 7919 Av:88
index 12:  0 1 2 3 4 23 17 14 24 21 16 19 13 11 15 10 20 6 22 12 18 7 5 8 9 Av:79
index 12:  6348 8246 4563 5440 5183 5008 5782 7629 3005 6244 8107 7942 1904 1926 5104 1866 7346 7215 3116 8174 176 157 163 2642 8949 Av:79
index 13:  0 1 2 3 4 12 7 14 9 10 17 23 24 5 8 16 18 13 20 22 21 6 19 15 11 Av:73
index 13:  4860 4373 3721 1825 4541 7813 7492 1781 5391 4511 3782 1541 5667 3727 5618 2576 8971 8475 2915 1320 6056 6623 2756 9563 315 Av:73
index 14:  0 1 2 3 4 7 17 19 16 12 8 22 6 13 24 20 23 11 9 14 18 21 15 5 10 Av:82
index 14:  9642 6161 9154 1678 9776 1436 3301 3707 7145 5150 7955 2146 691 1082 232 947 2073 4687 7597 3008 7294 866 395 8785 6375 Av:82
index 15:  0 1 2 3 4 19 24 12 23 16 11 17 5 15 9 22 18 8 7 21 13 10 6 14 20 Av:81
index 15:  3806 6455 9795 5019 7218 5971 366 2907 8835 7720 2010 5979 5093 1485 3379 9240 1129 6060 6361 2536 1874 5359 4098 4179 8837 Av:81
index 16:  0 1 2 3 4 19 7 6 15 5 21 20 16 24 14 13 17 23 9 8 18 12 10 11 22 Av:77
index 16:  5928 2777 1855 1198 7301 7219 4416 2856 6466 3186 8726 9867 7849 7974 2345 5047 1696 1227 5296 4548 6786 191 4562 1114 9792 Av:77
index 17:  0 1 2 4 3 9 10 13 12 21 22 6 24 16 18 15 19 23 14 7 5 17 20 11 8 Av:68
index 17:  3674 5439 48 1173 7756 7336 5692 9665 9934 3115 1194 3012 7029 8614 1605 1568 3050 2878 8845 8094 4862 8817 2002 7858 5020 Av:68
index 18:  0 1 2 3 4 7 10 9 21 18 19 13 5 20 11 8 16 12 6 24 17 22 15 14 23 Av:87
index 18:  5278 6457 8588 4005 7599 8992 4922 8179 5619 207 982 4508 6715 3104 8903 9908 7878 2954 6205 4636 8148 6700 6961 9146 3474 Av:87
index 19:  0 1 2 3 4 21 19 24 10 12 22 11 17 13 14 9 20 7 15 8 23 16 5 18 6 Av:75
index 19:  4656 8971 2755 383 299 942 727 1910 5776 921 4860 9435 3099 2095 4102 7858 3195 3512 3785 9952 918 1238 6453 8682 7925 Av:75
index 20:  0 1 2 3 4 18 7 11 5 8 15 6 23 13 17 16 12 9 10 21 24 19 22 20 14 Av:83
index 20:  2473 6418 524 8013 2146 5761 6467 7398 6707 8455 553 2929 9187 4534 7753 7506 9749 8283 2642 8826 7936 4704 1304 495 6696 Av:83
index 21:  0 1 2 3 4 10 14 22 12 24 20 15 21 13 18 5 8 23 7 11 16 17 19 6 9 Av:81
index 21:  8071 601 6099 8610 1641 2698 3110 1019 9352 3773 6807 1558 6191 1416 7598 8766 769 4750 2658 8501 1198 1353 4481 481 5448 Av:81
index 22:  0 1 2 3 4 6 7 16 14 10 19 24 22 8 12 5 9 18 13 17 20 23 11 21 15 Av:81
index 22:  5974 4784 552 8063 6205 8605 5022 6149 7491 1927 1282 4130 2842 2817 4810 6759 4156 2111 8989 5098 2014 1838 3924 7492 5047 Av:81
index 23:  0 1 2 3 4 6 23 16 13 19 21 11 20 5 22 24 8 18 15 10 12 7 9 14 17 Av:79
index 23:  537 9902 739 1795 4755 1783 9143 3714 524 2776 5237 9365 4547 9592 6697 2800 954 5614 7131 1162 6306 8640 3173 7585 5236 Av:79
index 24:  0 1 2 3 4 18 23 21 11 9 7 17 10 16 22 12 15 5 24 13 19 14 6 20 8 Av:87
index 24:  8837 7077 7117 5934 1746 9619 1495 7629 6282 6323 9967 7549 2501 7598 6968 3821 3103 3655 954 8944 9376 1673 2859 6161 7696 Av:87
index 25:  0 1 2 3 4 7 14 6 5 11 23 10 20 16 15 17 13 18 21 12 19 9 22 24 8 Av:84
index 25:  4934 5088 6 6555 8257 5211 5069 395 7614 336 3852 4470 8764 2014 2986 3468 5839 9036 7429 922 5099 9562 7406 7916 864 Av:84
index 26:  0 1 2 3 4 22 13 9 23 21 7 10 18 17 8 14 12 11 6 20 16 24 15 19 5 Av:83
index 26:  8251 3437 7258 1198 5421 9656 1560 7219 1274 3099 7925 4137 4294 1708 2543 1960 250 6651 8098 3836 8837 3349 5087 8475 2618 Av:83
index 27:  0 1 2 3 4 21 23 17 6 12 5 24 22 14 19 13 16 10 15 7 8 9 20 18 11 Av:81
index 27:  1783 4241 8519 2854 5307 9836 682 3009 9892 2551 1312 8387 1 5772 1185 4916 4164 592 2058 9112 6211 6627 5562 2683 2912 Av:81
index 28:  0 1 2 3 4 16 10 15 7 5 21 9 8 20 23 24 12 17 13 18 14 19 6 11 22 Av:74
index 28:  7925 4373 7215 3971 2162 6348 249 1694 7181 7919 9561 3186 397 4276 3569 8475 9563 3770 4762 990 3292 2478 6622 4465 210 Av:74
index 29:  0 1 2 3 4 16 21 11 15 6 24 7 23 14 9 17 12 20 10 8 18 13 5 19 22 Av:77
index 29:  1047 6708 4081 2001 5595 5811 359 5862 9226 955 7462 9574 6617 4973 9591 5667 6171 7734 6004 8441 5549 1859 6313 4511 8016 Av:77
index 30:  0 1 2 3 4 6 11 19 16 12 18 7 20 5 15 24 10 22 14 21 17 13 9 23 8 Av:86
index 30:  5000 577 199 913 2443 705 4921 1416 6822 6172 9730 4810 6303 829 6175 2488 3608 9926 4570 2242 6650 6330 1920 4000 299 Av:86
index 31:  0 1 2 3 4 13 10 8 21 20 17 18 7 22 6 5 11 15 19 9 24 12 16 14 23 Av:79
index 31:  1781 3721 7470 5978 9784 157 7797 9490 6192 6623 8706 2879 6357 4758 8730 9385 4898 1533 918 9248 8246 7078 5676 4713 4576 Av:79
index 32:  0 1 2 3 4 21 6 22 15 19 8 10 14 16 7 20 18 12 24 11 17 5 9 23 13 Av:80
index 32:  4297 4143 3544 6697 2212 8649 2958 6990 5133 2511 6569 3506 3616 9081 8506 2455 2636 5698 4183 8368 8705 7556 8860 5527 2707 Av:80
index 33:  0 1 2 3 4 6 11 21 15 23 18 20 12 24 16 17 5 9 19 10 8 22 14 7 13 Av:82
index 33:  6711 1783 8633 8063 5974 8136 395 6581 3148 2072 7596 9910 4018 6598 1762 220 2470 9809 9902 9948 916 8579 4868 6192 4195 Av:82
index 34:  0 1 2 3 4 10 8 17 11 6 23 12 15 20 21 22 19 7 9 5 18 13 24 16 14 Av:77
index 34:  4154 1795 4106 3553 4727 3129 6649 7464 7188 8453 2711 8428 9131 5560 3670 7530 3596 5634 6081 27 710 347 4033 6121 2127 Av:77
index 35:  0 1 2 3 4 11 5 16 22 24 12 19 6 13 14 10 21 20 15 9 23 18 7 8 17 Av:76
index 35:  4541 7251 2095 1825 9139 9009 7998 5118 8849 3010 9331 6076 315 1167 8610 2305 8633 3548 4614 6039 4551 4403 395 2574 9677 Av:76
index 36:  0 1 2 3 4 24 19 6 11 5 13 20 21 15 22 14 17 9 18 8 10 7 23 16 12 Av:76
index 36:  607 8971 5087 6565 7460 3244 9161 8209 4914 6568 5538 7925 7194 2716 2532 7788 8673 3806 6651 9952 1568 9047 5569 1661 6283 Av:76
index 37:  0 1 2 3 4 19 5 15 6 16 9 18 12 22 20 11 24 14 21 17 13 10 23 8 7 Av:83
index 37:  6496 4185 974 524 2473 1474 5237 1929 6460 3815 6265 2734 7157 303 9745 1387 395 3243 1889 9679 8342 1764 5398 6101 4763 Av:83
index 38:  0 1 2 3 4 13 9 5 11 17 19 10 14 6 18 21 24 7 23 12 8 20 16 22 15 Av:82
index 38:  8547 4470 9902 2804 9385 8837 7900 5606 4532 2443 7251 4863 7521 1746 9182 3286 8020 624 3187 5814 7597 4564 4534 84 7786 Av:82
index 39:  0 1 2 3 4 6 14 19 23 16 8 12 21 7 15 22 9 13 20 5 17 18 24 10 11 Av:78
index 39:  3104 248 3721 7251 4860 7019 7078 7925 1137 9778 2080 9622 7325 294 4894 1818 982 4957 5770 2265 5794 9139 6627 8793 3143 Av:78
index 40:  0 1 2 3 4 9 11 18 14 20 10 12 19 6 21 23 5 8 13 17 22 24 15 16 7 Av:81
index 40:  3759 2687 9093 3629 811 7801 4146 9401 9734 6719 2799 2929 5452 9635 1658 7203 7434 555 3380 3992 3130 8743 7237 8982 2767 Av:81
index 41:  0 1 2 3 4 9 15 8 18 12 10 17 5 24 20 14 22 13 19 16 21 6 23 7 11 Av:90
index 41:  8246 4642 3864 5715 1848 7952 6797 513 3445 3973 3508 5541 3448 9062 3132 6348 3253 5624 3491 3428 977 1168 5359 9081 1578 Av:90
index 42:  0 1 2 3 4 14 22 12 15 5 9 18 11 16 20 23 21 6 19 8 13 24 10 17 7 Av:83
index 42:  467 4563 8936 7470 5440 1725 4749 6655 7938 2893 4657 5562 8722 9033 395 596 843 3289 5210 2162 157 3883 570 9737 4363 Av:83
index 43:  0 1 2 3 4 10 11 18 24 15 19 7 6 22 17 23 13 14 8 16 9 21 12 5 20 Av:77
index 43:  6477 8875 7943 1517 838 4276 5237 380 4380 4350 2841 564 1373 4679 1992 7157 6450 9366 4617 9013 9229 5255 718 9024 6736 Av:77
index 44:  0 1 2 3 4 18 7 5 20 9 24 23 8 15 12 11 16 6 10 14 17 21 19 13 22 Av:82
index 44:  4528 4605 3751 9354 8729 6247 5630 1356 6363 2203 8643 9790 3676 4690 4887 4187 9871 5609 1764 2400 6507 8497 5558 3024 8235 Av:82
index 45:  0 1 2 3 4 21 17 5 22 12 14 13 20 6 7 19 23 10 18 24 16 9 15 8 11 Av:79
index 45:  5183 1781 395 9573 1407 1133 4373 6053 1513 3159 7407 8530 7215 3629 6569 8421 6720 5776 3704 5197 8320 8705 248 4837 78 Av:79
index 46:  0 1 2 3 4 16 10 19 7 11 20 21 24 8 9 14 17 18 15 13 23 12 22 5 6 Av:81
index 46:  982 8475 3782 5667 4860 717 3907 3099 3104 3423 5862 4222 1441 9578 6630 6157 1078 3101 6160 6626 3437 6804 619 5253 2643 Av:81
index 47:  0 1 2 3 4 19 15 20 17 13 6 9 21 23 7 14 16 10 5 22 18 8 24 12 11 Av:81
index 47:  6281 248 4860 1437 5542 326 2551 6615 5751 5997 6573 276 5900 1135 895 3707 1964 315 1489 3721 5722 6440 9113 5463 2403 Av:81
index 48:  0 1 2 3 4 11 12 15 23 17 18 9 16 20 10 19 8 22 6 13 7 24 21 5 14 Av:70
index 48:  6095 5439 8735 7756 3674 612 2755 4838 7027 5611 8688 4685 388 2772 7621 4648 2453 3115 8614 8817 5993 2614 9068 3529 3387 Av:70
index 49:  0 1 2 3 4 22 9 6 20 24 15 7 21 5 13 12 14 17 10 16 11 18 8 19 23 Av:82
index 49:  4854 914 7584 5229 8990 9902 3516 7753 3535 2122 4947 2933 4482 916 3883 4260 1728 1591 516 8953 5978 7408 8717 5737 115 Av:82
index 50:  0 1 2 3 4 10 18 16 21 23 17 24 11 19 8 7 22 20 14 13 12 15 6 5 9 Av:83
index 50:  9870 3992 8588 1514 5353 8968 213 6452 6807 519 3507 8379 6346 6093 7056 7148 3227 7391 8320 2072 7881 4202 255 5183 145 Av:83
index 51:  0 1 2 3 4 6 13 5 23 19 9 17 24 11 21 22 12 20 18 8 7 14 15 16 10 Av:79
index 51:  9784 7470 6113 3864 3721 8682 4563 4812 8627 9833 9819 124 9867 1979 809 4012 6762 1463 7594 588 9933 387 9702 4962 7885 Av:79
index 52:  0 1 2 3 4 13 7 19 21 17 15 18 14 12 20 9 11 16 8 22 10 5 23 6 24 Av:83
index 52:  1720 6455 601 8610 7218 6633 5034 2541 1867 7919 2210 6120 2349 6807 1947 8300 1400 3155 2414 1641 4862 8837 1594 9190 3434 Av:83
index 53:  0 1 2 3 4 18 6 9 8 20 17 22 15 7 14 10 11 24 13 23 16 21 12 19 5 Av:85
index 53:  1346 9148 9092 395 4166 936 8013 4197 5171 6701 6496 3112 6839 8120 3446 5922 3675 546 176 8141 9421 1746 4207 5498 7682 Av:85
index 54:  0 1 2 3 4 8 15 19 24 13 21 22 23 20 10 12 5 11 7 6 18 17 14 9 16 Av:84
index 54:  395 1024 3707 1781 4934 5812 8215 7391 8174 51 1058 8677 6431 3883 9368 2814 4227 880 5350 9270 423 4680 5034 2179 5839 Av:84
index 55:  0 1 2 3 4 8 6 9 23 7 15 11 10 19 18 14 21 5 12 13 16 22 17 24 20 Av:78
index 55:  2878 3403 8543 9804 3782 7868 248 6841 9895 4373 9407 4436 9452 5420 4656 3864 8539 2816 2574 7251 7489 7291 9591 5727 6894 Av:78
index 56:  0 1 2 3 4 17 12 20 8 10 15 23 22 11 16 6 18 13 24 9 7 5 19 21 14 Av:83
index 56:  8013 9910 1013 6418 2783 1486 1343 8017 974 2023 1707 7372 5681 9521 4223 3809 5848 9883 5466 9896 8132 6835 2367 564 5322 Av:83
index 57:  0 1 2 3 4 5 12 6 10 7 21 17 14 20 13 15 11 16 22 23 9 18 8 24 19 Av:78
index 57:  6498 3670 1521 1004 1347 5287 616 5137 8451 5551 7512 3587 9514 3132 6420 2532 9203 9095 3557 5985 1340 2646 9796 9144 1958 Av:78
index 58:  0 1 2 3 4 22 19 11 15 10 12 23 7 20 6 8 17 18 14 5 13 16 9 21 24 Av:77
index 58:  6472 3704 8465 9092 9971 692 6928 7462 2798 2774 4240 9561 5667 3573 198 3390 9822 1315 3813 395 7730 2452 4297 9784 2649 Av:77
index 59:  0 1 2 3 4 13 9 14 23 11 5 17 7 16 12 6 15 19 22 10 18 24 8 20 21 Av:77
index 59:  4541 4860 4373 7925 982 9784 6175 9851 5308 3104 2414 6113 3736 699 1694 6201 3078 115 1985 9509 4741 7755 6084 5978 2363 Av:77
index 60:  0 1 2 3 4 17 18 14 16 10 21 20 12 9 5 19 13 15 11 24 7 6 23 22 8 Av:78
index 60:  6348 8246 6225 9784 3575 1927 5011 5456 5303 8706 5978 2236 6817 9714 7658 9196 6558 998 8607 2350 2146 5667 6678 5462 6256 Av:78
index 61:  0 1 2 3 4 17 10 14 16 6 24 15 13 8 5 9 22 12 21 11 23 7 20 19 18 Av:78
index 61:  4541 9561 3301 4787 4202 4469 5776 9625 9549 8452 3104 4673 918 2826 4373 3808 3999 982 5317 7042 2983 8002 9203 1740 6630 Av:78
index 62:  0 1 2 3 4 17 11 15 5 21 16 14 24 18 10 13 19 8 22 20 7 6 9 23 12 Av:73
index 62:  6471 9823 5509 6718 5635 4575 6490 8174 1720 1633 7273 4867 5254 91 3599 16 2793 7159 7578 7837 4453 7469 3665 5805 4409 Av:73
index 63:  0 1 2 3 4 24 15 10 17 12 20 22 8 21 19 11 6 5 9 13 18 23 7 16 14 Av:81
index 63:  7592 9514 6080 8576 9420 2037 1489 3067 8662 3971 1198 2453 676 8552 4835 1114 2889 7952 8994 8817 3029 8207 9396 9558 5098 Av:81
index 64:  0 1 2 3 4 21 22 14 23 5 15 13 18 24 7 10 19 12 8 17 9 6 11 20 16 Av:77
index 64:  4759 1368 8419 2835 6117 8974 3727 4106 4653 6743 1123 6288 6840 9265 1046 6514 690 5814 8042 957 4883 4605 9409 3751 9985 Av:77
index 65:  0 1 2 3 4 10 13 24 22 11 9 21 5 19 23 8 17 6 15 16 20 12 7 14 18 Av:82
index 65:  5414 7894 2929 4563 4195 7926 2015 6484 7158 3498 3106 546 2701 8936 8175 1403 9009 9169 9663 2490 3762 1254 4207 9983 6969 Av:82
index 66:  0 1 2 3 4 12 16 6 15 21 10 14 11 7 9 17 8 20 13 23 5 22 19 24 18 Av:84
index 66:  343 377 3553 5735 9883 5834 4899 3957 1493 2547 8246 8228 4106 6403 6077 3764 387 7937 7920 5696 8737 3579 2556 1408 8645 Av:84
index 67:  0 1 2 3 4 22 8 7 13 18 17 9 24 12 6 21 20 19 14 5 11 15 23 10 16 Av:81
index 67:  1024 377 2187 395 6555 5910 9761 5646 4158 8257 6005 6984 5881 6612 9161 3258 1033 2840 6748 8189 5386 8835 9635 1864 4059 Av:81
index 68:  0 1 2 3 4 22 20 15 13 6 10 11 21 9 23 16 7 12 5 8 18 19 24 17 14 Av:82
index 68:  7894 5978 5414 6969 8467 7427 5685 1184 3837 1169 6415 8390 8458 6141 3295 3568 3688 5910 5136 999 894 9898 4972 6937 6528 Av:82
index 69:  0 1 2 3 4 6 23 7 11 18 16 24 15 13 21 12 22 5 17 14 10 19 20 8 9 Av:78
index 69:  9725 3437 5659 1198 9300 3509 3835 5655 9000 6129 5451 6909 221 7804 9702 149 3207 9124 7219 4551 1312 6030 3395 4111 5380 Av:78
index 70:  0 1 2 3 4 22 5 17 14 9 24 20 6 13 15 18 19 7 10 8 16 21 23 12 11 Av:81
index 70:  4812 7461 6418 9910 7670 1765 2748 8889 7988 2780 5992 3884 7483 1857 2473 2830 8427 3935 8401 3864 1567 9718 9883 4063 2367 Av:81
index 71:  0 1 2 3 4 14 12 24 18 22 16 9 15 7 21 17 5 19 13 6 23 11 8 10 20 Av:72
index 71:  3115 3615 2412 388 6037 837 4083 2873 1904 5822 8860 8221 3004 3695 2940 9526 3667 2661 803 4994 7218 299 2615 1264 3739 Av:72
index 72:  0 1 2 3 4 24 6 13 21 22 10 8 20 16 15 23 9 14 19 5 12 17 7 18 11 Av:81
index 72:  5585 1845 2268 1074 838 5269 6899 7821 5171 9295 7310 6307 672 794 5176 6331 8725 9104 1025 4297 694 487 7282 9201 6477 Av:81
index 73:  0 1 2 3 4 18 20 15 23 7 17 19 21 10 16 11 22 6 5 14 24 12 13 9 8 Av:85
index 73:  4470 395 1133 2880 6076 6602 5484 7591 7428 8301 1625 6 6940 8040 7108 9872 7462 5536 7831 2265 4833 3104 6115 1067 2703 Av:85
index 74:  0 1 2 3 4 18 17 7 9 11 23 6 10 16 12 21 22 5 24 13 15 8 19 14 20 Av:84
index 74:  3893 6005 5701 838 2367 6543 2791 6082 6589 1835 1732 2780 974 9701 245 4615 9431 3665 6363 5987 5619 3064 7944 2783 9164 Av:84
index 75:  0 1 2 3 4 5 6 23 17 22 20 19 21 16 24 8 11 7 10 9 13 18 12 15 14 Av:79
index 75:  65 6613 5554 9451 5585 6810 9645 5024 2207 1814 1415 8876 9329 5966 9642 2911 8391 6737 5474 7397 4563 3669 2914 7926 8936 Av:79
index 76:  0 1 2 3 4 10 16 15 23 5 8 21 24 9 6 7 19 17 20 18 14 13 12 11 22 Av:84
index 76:  6076 395 9643 3721 1781 9178 2591 8349 4677 1546 9459 1683 1358 5158 887 8174 7470 1571 5995 6746 2858 7926 8194 8868 2403 Av:84
index 77:  0 1 2 3 4 8 10 21 12 22 16 20 7 9 19 11 14 6 5 23 24 13 18 15 17 Av:77
index 77:  3572 4202 3808 9561 2826 3931 3519 7993 9277 3104 2265 4451 6341 3587 4837 3479 2395 2186 7246 2948 4671 5183 3195 3666 5876 Av:77
index 78:  0 1 2 3 4 21 24 12 23 18 6 20 16 13 10 11 22 14 5 15 7 9 19 17 8 Av:81
index 78:  395 6076 377 4470 1133 85 2929 3700 5621 2344 4037 23 8174 8722 9066 8630 6860 4959 7822 7160 8496 9784 9680 9182 9910 Av:81
index 79:  0 1 2 3 4 10 17 18 15 24 13 11 23 16 6 7 12 19 20 14 21 22 9 8 5 Av:82
index 79:  6004 524 9013 7140 8452 4968 8670 4053 9434 842 1512 1215 3736 9092 7210 7470 5361 2516 4252 1850 7936 64 305 6117 1961 Av:82
index 80:  0 1 2 3 4 18 9 20 23 14 8 12 11 16 22 6 10 13 5 15 17 21 24 7 19 Av:76
index 80:  5047 8802 1198 3971 9509 3575 2872 5285 9505 699 2951 5783 4074 1353 9161 890 39 953 9184 8542 4860 7142 5197 3958 6978 Av:76
index 81:  0 1 2 3 4 14 11 9 17 12 8 15 13 19 20 6 10 18 16 7 24 5 23 21 22 Av:82
index 81:  8063 7077 3806 3760 7117 5722 3883 5532 5483 1746 5253 667 5309 1016 8610 6878 5947 9458 8755 6307 7563 6935 2378 1391 7717 Av:82
index 82:  0 1 2 3 4 22 8 13 23 17 6 15 19 5 20 11 7 9 16 24 14 10 21 12 18 Av:87
index 82:  395 1024 2929 5414 1781 5697 8936 2001 7045 1265 3221 7184 6788 1966 775 6981 7694 6113 6327 2713 4017 525 7926 9024 9778 Av:87
index 83:  0 1 2 3 4 15 9 10 21 20 7 8 17 5 11 6 16 23 12 14 18 19 13 24 22 Av:88
index 83:  8576 9973 9561 7117 5137 299 4840 1304 3707 4541 5997 3392 2332 8902 2893 699 1352 4745 8979 5772 8966 422 2738 5305 6482 Av:88
index 84:  0 1 2 3 4 6 7 10 17 18 13 5 16 22 21 24 11 12 15 14 9 19 20 23 8 Av:79
index 84:  4541 7215 3104 6661 1781 7152 5667 4860 9722 645 4303 5182 7444 9139 952 5568 9642 6375 8169 5830 5236 9148 4186 5623 2425 Av:79
index 85:  0 1 2 3 4 24 7 10 17 9 14 6 19 11 8 16 23 5 22 12 21 20 18 15 13 Av:80
index 85:  1857 9269 5386 838 7204 6619 1873 343 2402 9883 2450 3426 6713 4554 2780 8239 186 3751 8084 2012 5745 2547 2298 6543 3935 Av:80
index 86:  0 1 2 3 4 23 19 16 21 7 11 22 12 8 14 5 9 13 6 10 15 17 20 18 24 Av:87
index 86:  4563 9943 8013 4195 6270 8006 3517 5600 6581 2344 7778 894 1825 5829 1783 9334 7325 9065 2856 5185 4122 7937 5619 7734 5981 Av:87
index 87:  0 1 2 3 4 20 14 18 9 5 16 10 21 23 8 19 15 7 22 11 13 17 6 12 24 Av:73
index 87:  3721 1825 4373 9784 6113 3971 9317 4079 2259 3782 9809 4708 786 3814 4303 4337 1781 4893 5667 8336 1078 9716 3013 3101 3893 Av:73
index 88:  0 1 2 3 4 13 7 16 21 23 6 18 24 11 14 20 19 10 5 9 15 22 17 12 8 Av:79
index 88:  3380 9947 4498 9563 9561 6815 4643 5607 7457 8890 4413 6039 1597 3016 5978 8716 6990 2848 2332 7907 8759 1269 9040 3736 9282 Av:79
index 89:  0 1 2 3 4 14 19 12 23 24 13 8 5 6 22 16 11 15 10 9 7 20 17 18 21 Av:85
index 89:  6810 1387 3163 8553 8421 2518 8361 9336 9811 8468 4806 1385 7722 264 2061 9060 5108 5089 4971 6693 5733 3962 3688 2394 6232 Av:85
index 90:  0 1 2 3 4 20 18 15 19 6 21 13 17 22 23 14 24 16 8 9 5 10 7 12 11 Av:81
index 90:  7215 4373 9784 4541 3721 941 3373 5869 4671 4668 7967 273 1788 8828 7092 894 5569 7700 3971 6626 7925 8802 6506 7108 6048 Av:81
index 91:  0 1 2 3 4 14 23 11 10 8 19 20 9 18 12 5 15 22 16 17 13 21 24 7 6 Av:85
index 91:  1387 2473 2880 9811 6737 8978 3770 4176 6973 1655 9178 4312 9982 2710 524 5978 5375 3084 8801 8260 6259 4230 2466 758 7585 Av:85
index 92:  0 1 2 3 4 16 12 6 19 23 8 7 15 17 10 22 5 18 13 21 24 20 14 9 11 Av:79
index 92:  4541 5183 7215 4373 7251 979 6211 1195 8246 1643 9952 4418 3707 9410 3499 8448 6113 3958 4537 28 3026 8028 9490 3736 7719 Av:79
index 93:  0 1 2 3 4 17 20 7 13 15 6 19 11 8 12 9 24 18 14 10 5 21 16 23 22 Av:78
index 93:  1781 3721 5667 4541 7470 6729 6506 9673 5992 966 7117 3985 3820 4373 4054 6661 4612 1825 1547 7771 9723 5265 3157 5022 1694 Av:78
index 94:  0 1 2 3 4 10 7 22 12 6 21 18 13 24 11 20 5 14 23 19 17 9 8 16 15 Av:78
index 94:  3207 2856 402 9498 4002 6909 2017 4548 4979 2831 4416 8098 5157 9809 7969 4257 7690 8531 155 7868 2162 7869 4692 5170 6804 Av:78
index 95:  0 1 2 3 4 20 18 11 21 9 23 10 14 6 24 5 7 15 17 13 19 8 16 12 22 Av:82
index 95:  5674 7117 9902 9757 877 9796 6130 6403 9921 8949 3770 38 3356 1728 234 6900 3553 9513 5934 510 39 6076 2124 424 9506 Av:82
index 96:  0 1 2 3 4 15 24 18 20 7 19 6 17 16 12 9 23 14 11 5 22 10 8 21 13 Av:79
index 96:  5183 3707 6270 3104 1781 2800 1133 2187 6617 6296 2827 3999 7470 171 3971 6375 6141 916 4860 2642 3985 7595 8885 3947 6630 Av:79
index 97:  0 1 2 3 4 10 23 22 14 15 9 7 20 11 6 13 12 19 5 24 17 18 21 8 16 Av:77
index 97:  8936 6748 6661 6897 5414 8512 4018 3268 8907 916 5192 9282 5433 7807 336 3498 9150 2780 282 8504 1478 1978 9169 2965 7849 Av:77
index 98:  0 1 2 3 4 18 13 9 17 12 10 14 23 5 20 21 22 8 19 7 24 11 6 16 15 Av:77
index 98:  299 9561 6804 7925 1357 3099 9011 8801 5394 8895 2095 6738 9217 7599 1184 6935 6115 4139 3971 1402 1167 3187 4049 1729 1298 Av:77
index 99:  0 1 2 3 4 7 22 16 19 21 11 5 18 13 17 8 9 14 12 24 23 15 10 20 6 Av:87
index 99:  9867 2457 7926 2473 7269 2534 739 2929 6225 9548 3852 2965 3231 9246 9365 4918 1488 9293 8563 611 5736 8304 5563 9334 8379 Av:87
Average time (ms) 179
