Running 5-nn for 100 points
64
/Users/vivekkumarbagaria/Code/combinatorial_MAB/test_dataset/tiny-imagenet-200/val/images/*.JPEG
Number of files 10000
10000 points read.
Running
0	0	0	0	0	0	0	0	0	0	0	0	0	0	0	0	0	0	0	0	0	0	0	0	0	0	0	0	0	0	0	0	0	0	0	0	0	0	0	0	0	0	0	0	0	0	0	0	0	0	0	0	0	0	0	0	0	0	0	0	0	0	0	0	0	0	0	0	0	0	0	0	0	0	0	0	0	0	0	0	0	0	0	0	0	0	0	0	0	0	0	0	0	0	0	0	0	0	0	0	Saving onw
index 0:  0 1 2 3 4 14 7 22 20 9 21 16 13 6 12 5 23 24 15 19 10 18 17 11 8 Av:133
index 0:  4373 3721 7215 4541 6113 8971 2768 3292 6595 8599 6381 8699 9914 9510 7925 8874 4259 831 1411 1066 1195 8320 4087 9099 3895 Av:133
index 1:  0 1 2 3 4 22 8 15 13 24 7 19 14 12 18 6 17 11 21 20 5 9 16 10 23 Av:128
index 1:  4470 6076 377 6438 9714 8249 2660 6897 9804 6691 858 2457 4166 9836 6606 2298 2632 8780 2425 7509 1273 4214 6113 6487 8428 Av:128
index 2:  0 1 2 3 4 18 23 9 19 16 12 21 5 20 6 15 10 11 24 22 17 7 13 14 8 Av:107
index 2:  2755 4568 383 2836 5020 7518 6131 780 6872 5087 2271 5268 9369 1801 3785 2716 1198 4773 8628 9049 8794 3179 3366 299 1441 Av:107
index 3:  0 1 2 3 4 7 24 20 23 12 22 13 17 15 18 21 5 19 9 16 14 6 10 11 8 Av:133
index 3:  7722 65 5440 6693 4563 2547 3851 4166 5821 6972 617 1624 1254 794 6840 3424 6603 3707 8762 5361 768 5772 8746 6418 2703 Av:133
index 4:  0 1 2 3 4 17 7 18 8 21 24 11 5 6 22 16 19 15 23 10 20 14 13 9 12 Av:117
index 4:  1020 8946 7631 5571 8970 2848 3709 4853 6959 8501 9424 7775 8896 3339 2344 8478 4971 9420 1433 9009 7983 1521 1375 6786 2482 Av:117
index 5:  0 1 2 3 4 5 7 17 20 10 16 24 8 11 15 23 14 21 22 19 12 6 18 13 9 Av:98
index 5:  5635 4484 5878 9498 6718 9792 6799 9435 8990 1144 7515 383 6560 3935 7072 3607 7734 4004 1623 4782 6468 583 7921 7187 9851 Av:98
index 6:  0 1 2 3 4 20 14 11 12 8 15 18 10 9 13 19 23 24 17 16 5 21 6 22 7 Av:124
index 6:  395 6748 7462 1024 6348 8548 831 3209 1133 7478 8497 9784 2473 2611 3008 7346 1731 6164 2524 5041 7470 6703 5070 6512 9122 Av:124
index 7:  0 1 2 3 4 10 8 19 15 16 5 18 22 13 11 7 14 6 9 20 23 12 24 21 17 Av:131
index 7:  4373 4541 7215 2974 4860 7150 4259 3958 5978 6336 9563 5052 6981 7813 5352 6626 2642 6293 9277 7470 714 7996 864 1659 8332 Av:131
index 8:  0 1 2 3 4 16 5 17 7 9 8 13 15 10 23 24 11 20 18 12 14 6 19 22 21 Av:146
index 8:  395 3955 1024 4934 3809 898 4819 5088 248 7294 9743 7225 4372 8346 3561 6418 9178 1781 7539 7569 5474 3237 18 9677 9010 Av:146
index 9:  0 1 2 3 4 9 21 24 16 20 19 17 7 18 8 23 5 12 13 10 22 15 14 6 11 Av:109
index 9:  395 1781 3721 6076 2473 3380 7742 206 7407 1254 9978 871 6603 7122 7857 7641 7346 9036 6161 5814 2524 8868 4778 2712 9074 Av:109
index 10:  0 1 2 3 4 15 5 16 11 24 14 10 22 17 19 13 18 6 9 8 7 23 20 12 21 Av:160
index 10:  1078 6626 8475 1238 4860 5232 4207 806 6164 4502 5883 5794 700 4692 6651 7108 7325 4303 3096 3872 6010 922 4426 4484 1198 Av:160
index 11:  0 1 2 3 4 12 7 11 8 13 9 22 14 20 6 24 5 21 10 18 15 17 16 23 19 Av:186
index 11:  1781 9784 5162 7470 1839 5196 9654 2929 2187 7406 2353 7251 7998 4259 2643 4569 9753 8755 1192 2262 3927 6751 5685 3934 6549 Av:186
index 12:  0 1 2 3 4 23 12 24 19 9 21 5 6 14 20 8 18 11 15 22 16 17 10 13 7 Av:138
index 12:  6348 8246 4563 5440 5183 2078 4504 6701 9558 9842 9732 9534 6076 3445 6189 7203 747 322 6996 3212 9883 909 7093 1254 3541 Av:138
index 13:  0 1 2 3 4 8 10 11 21 20 16 5 13 7 23 12 6 19 14 17 22 24 9 18 15 Av:107
index 13:  4860 4373 3721 1825 4541 9009 6612 6225 5978 6597 9677 1781 7201 1254 5932 5970 2642 7570 4719 4403 395 5618 2113 4121 9252 Av:107
index 14:  0 1 2 3 4 11 18 21 5 9 10 6 20 16 22 7 14 12 19 8 24 23 15 13 17 Av:114
index 14:  9642 6161 9154 1678 9776 6264 5187 7660 6162 2458 8257 9092 5674 3447 2965 7112 624 5296 5088 5910 7925 25 5476 8824 5584 Av:114
index 15:  0 1 2 3 4 14 21 17 23 22 15 9 11 13 18 19 20 8 7 12 10 6 16 5 24 Av:129
index 15:  3806 6455 9795 5019 7218 9906 139 6260 3292 568 3278 8110 3017 2713 2180 3531 345 3041 8486 9643 240 5478 7663 1564 3061 Av:129
index 16:  0 1 2 3 4 9 19 8 20 21 14 10 11 13 12 24 18 6 22 5 15 17 23 16 7 Av:101
index 16:  5928 2777 1855 1198 7301 601 4137 68 4548 5635 9367 6131 383 1696 5047 8187 9825 6928 3512 8251 9300 8802 9918 9442 9799 Av:101
index 17:  0 1 2 3 4 9 16 5 13 10 22 7 11 24 15 14 19 6 21 18 20 17 12 23 8 Av:91
index 17:  3674 5439 48 7756 1173 4685 2331 1685 1457 4204 803 280 5432 2453 6831 7040 3115 2395 161 9199 7917 7913 5046 8279 1349 Av:91
index 18:  0 1 2 3 4 24 16 11 17 9 10 19 22 5 6 20 13 7 21 15 12 23 14 8 18 Av:126
index 18:  5278 6457 8588 4005 7599 1540 6805 6786 291 5052 6906 3828 6919 2827 4587 2400 2482 9413 7065 5482 817 5812 544 1856 8600 Av:126
index 19:  0 1 2 3 4 23 5 22 21 24 17 16 10 14 6 20 13 15 8 7 12 18 11 9 19 Av:122
index 19:  4656 8971 2755 383 299 9952 3188 8760 6211 3911 2643 2260 8230 6302 8613 6084 923 9510 5535 8156 2537 6626 7925 1238 9947 Av:122
index 20:  0 1 2 3 4 22 11 6 12 17 18 13 8 15 20 16 5 10 14 23 9 19 21 24 7 Av:120
index 20:  2473 6418 524 8013 2146 9981 4195 3064 768 3820 8746 3957 6627 9784 7215 2683 5127 6606 6897 5469 6189 9711 9811 5619 6280 Av:120
index 21:  0 1 2 3 4 21 22 13 24 7 10 8 16 15 12 11 17 23 14 6 9 18 5 20 19 Av:113
index 21:  8071 3504 601 6099 8610 5684 3380 7212 6609 2049 3293 9781 868 8098 6336 4485 6465 7408 5280 621 7893 7117 3370 970 4480 Av:113
index 22:  0 1 2 3 4 14 15 16 10 22 21 8 24 7 20 17 23 12 5 18 6 11 9 13 19 Av:131
index 22:  5974 4784 552 8063 7723 1754 8752 5307 2190 4115 5391 6536 7939 6746 5022 6711 8363 719 2141 1780 6897 4631 8599 1586 2414 Av:131
index 23:  0 1 2 3 4 11 23 21 10 19 8 9 7 18 16 6 13 12 22 17 24 15 20 5 14 Av:110
index 23:  537 9902 739 4755 9143 9338 1829 8199 2187 6243 6743 3086 2520 8228 4964 2685 2087 5701 4884 7073 9044 8768 4158 1674 4574 Av:110
index 24:  0 1 2 3 4 9 22 19 6 18 20 21 15 8 24 16 10 23 5 13 17 7 14 11 12 Av:152
index 24:  8837 7077 7117 1746 2536 432 9757 3868 5747 8246 3652 2921 8271 8280 408 4003 6176 9021 6573 5168 1814 9862 3862 3828 8356 Av:152
index 25:  0 1 2 3 4 23 19 18 17 20 10 13 22 24 7 11 6 12 16 14 21 9 8 15 5 Av:143
index 25:  4934 5088 6 6555 1346 6820 2916 2097 826 2536 1636 7574 7083 7310 9555 8027 8522 1798 1670 5967 8455 2484 4214 377 5735 Av:143
index 26:  0 1 2 3 4 18 9 8 10 12 13 15 5 20 7 23 6 17 16 19 14 24 11 21 22 Av:128
index 26:  8251 3437 7258 1198 5421 6565 5219 5928 5087 5537 4568 4635 8312 1687 7100 505 1056 2028 9300 3933 6825 5557 4101 6364 3232 Av:128
index 27:  0 1 2 3 4 19 16 10 22 17 5 21 11 23 18 13 12 9 6 8 20 24 15 7 14 Av:131
index 27:  1783 4241 8519 2854 2668 1013 4110 4046 4405 2306 8620 8048 2042 1232 5203 4700 9284 682 1661 4812 7310 8579 7326 6919 342 Av:131
index 28:  0 1 2 3 4 12 6 17 7 11 15 16 14 5 18 22 19 13 23 8 9 21 10 20 24 Av:99
index 28:  7925 4373 7215 3971 2162 1352 9561 6348 8579 8029 941 2478 699 1467 4498 7071 2643 982 5560 7750 3416 8930 7004 1407 8940 Av:99
index 29:  0 1 2 3 4 15 19 14 6 18 9 13 16 22 17 12 21 10 23 24 11 7 8 5 20 Av:109
index 29:  1047 6708 4081 2001 5595 4865 7710 3690 9609 2984 6661 8263 9399 3403 6341 5103 2809 8176 4234 8589 9637 2983 8843 8608 2556 Av:109
index 30:  0 1 2 3 4 23 19 20 10 13 14 12 17 5 11 8 18 7 22 21 15 9 16 24 6 Av:158
index 30:  5000 577 199 913 2443 96 9681 1066 3390 6194 9476 6804 473 4745 4680 8930 5385 5407 8695 6211 9851 8417 6002 9800 9348 Av:158
index 31:  0 1 2 3 4 8 21 15 22 23 13 18 9 12 19 14 16 20 7 5 10 24 11 17 6 Av:125
index 31:  1781 3721 7470 5978 9784 6671 8509 2817 7152 6630 5601 7248 8264 1437 3958 6281 1777 3341 5171 3078 3926 8498 4914 7931 9392 Av:125
index 32:  0 1 2 3 4 9 22 5 11 15 7 12 20 23 14 8 6 13 19 21 17 16 24 18 10 Av:107
index 32:  4297 4143 3544 3808 6697 1083 2392 6 7151 3887 6951 2265 8089 1722 618 8120 6721 4163 6498 7710 5501 7934 7556 1937 3915 Av:107
index 33:  0 1 2 3 4 17 8 10 16 20 24 13 6 21 7 18 15 9 12 19 23 11 5 14 22 Av:143
index 33:  6711 1783 8063 5974 5322 5770 4529 7937 6646 8024 8579 6527 3897 8793 2026 1170 2713 5709 4748 6983 4416 3132 8081 2000 8526 Av:143
index 34:  0 1 2 3 4 14 17 22 21 13 15 20 23 8 19 18 24 7 5 6 10 12 9 11 16 Av:113
index 34:  4154 1795 4106 3553 4727 4355 1262 9415 2241 6362 645 1267 2750 4987 7188 777 7144 9254 9909 248 67 3985 5634 6476 9271 Av:113
index 35:  0 1 2 3 4 17 18 12 24 21 8 7 10 14 22 11 15 6 9 19 13 20 5 23 16 Av:116
index 35:  4541 7251 2095 1825 9139 2829 8062 351 8422 5450 6552 9019 6626 9999 5992 1904 9617 4894 4146 7503 9403 8632 2915 1963 9952 Av:116
index 36:  0 1 2 3 4 13 11 17 12 8 5 10 18 16 9 14 7 19 6 15 21 20 23 22 24 Av:113
index 36:  607 8971 5087 6565 7460 6724 5029 8430 9947 4235 618 6283 1729 7592 6254 6697 867 8251 3770 2395 267 1487 4112 4495 8872 Av:113
index 37:  0 1 2 3 4 8 18 22 20 9 16 5 21 14 7 15 23 17 19 13 11 10 12 6 24 Av:141
index 37:  6496 974 2911 524 2473 820 3827 377 1387 2146 5550 5350 150 7152 6775 7557 395 1254 7894 5071 1857 1024 9981 7926 1202 Av:141
index 38:  0 1 2 3 4 7 9 20 24 17 8 23 14 10 16 15 19 21 6 13 5 12 18 11 22 Av:133
index 38:  8547 4470 9902 2804 9385 1979 4739 7152 131 2443 4529 4063 4134 9487 9958 1765 1529 9642 8521 8526 5814 162 893 9182 8949 Av:133
index 39:  0 1 2 3 4 20 9 6 24 14 10 5 15 17 7 12 19 13 11 18 22 16 23 8 21 Av:118
index 39:  3104 3721 7251 4860 4541 4470 822 6141 4275 1825 9139 9280 7826 939 7346 8576 2498 6270 3519 6768 4894 3077 7308 6482 8793 Av:118
index 40:  0 1 2 3 4 23 21 11 24 8 20 14 16 9 13 10 6 15 18 19 22 7 12 17 5 Av:132
index 40:  3759 2687 9093 3629 811 7279 8617 9989 6211 1471 6505 1815 8532 6203 4025 2845 2490 2489 387 778 7325 9481 629 1437 4259 Av:132
index 41:  0 1 2 3 4 24 19 12 23 6 16 20 21 9 15 18 11 13 22 14 8 17 7 5 10 Av:174
index 41:  8246 4642 3864 5715 6176 5592 2146 9970 5452 9410 7673 7561 7470 3554 9028 7596 7152 5037 1074 998 6556 6412 6608 3104 7901 Av:174
index 42:  0 1 2 3 4 16 17 10 5 7 22 8 13 20 6 12 23 21 24 9 15 18 14 11 19 Av:131
index 42:  467 4563 8936 7470 5440 2642 8813 8984 4207 7958 6076 6772 3574 4287 5073 85 6748 4195 9092 6202 3783 8523 5667 1221 6671 Av:131
index 43:  0 1 2 3 4 20 18 6 16 8 24 14 21 22 5 7 9 10 19 11 13 17 15 12 23 Av:137
index 43:  6477 8875 7943 1517 838 7288 2791 101 2783 1793 440 4432 1260 7948 7615 5875 7204 54 6237 9372 1197 8750 7122 6799 6666 Av:137
index 44:  0 1 2 3 4 11 8 20 17 19 18 12 21 23 6 9 7 24 16 14 10 5 13 15 22 Av:148
index 44:  4605 8419 3751 9354 8729 5924 835 2447 7766 6748 3294 8847 6337 1063 4336 264 1322 7095 5480 6055 420 4200 6388 6543 6468 Av:148
index 45:  0 1 2 3 4 7 14 24 6 13 18 19 21 16 9 22 10 8 11 15 23 17 12 5 20 Av:132
index 45:  5183 1781 395 9573 1407 7011 6569 4297 982 8007 2162 1463 3778 5839 7215 2643 1658 2444 9476 3808 4560 2929 2187 78 3721 Av:132
index 46:  0 1 2 3 4 9 19 13 21 12 7 5 18 15 8 6 24 22 14 20 11 23 17 16 10 Av:129
index 46:  982 8475 3782 5667 4860 3835 9982 256 3188 3971 6600 1199 4426 3292 8949 887 1379 9212 5883 1078 7469 6661 6873 8753 395 Av:129
index 47:  0 1 2 3 4 6 22 8 24 11 21 9 12 13 16 20 14 18 15 7 19 17 5 10 23 Av:135
index 47:  6281 248 4860 1437 5542 8887 2030 5912 9573 1694 1996 8705 9257 6443 1205 9424 1663 1919 4808 5930 9700 2056 1839 4723 9277 Av:135
index 48:  0 1 2 3 4 12 5 23 20 15 16 9 17 22 24 11 21 19 7 8 13 18 10 6 14 Av:84
index 48:  6095 5439 8735 7756 3674 388 7432 5125 107 6075 8444 5750 4685 7917 4707 2412 3115 7471 8230 2 2918 123 9423 4648 7029 Av:84
index 49:  0 1 2 3 4 19 12 16 17 20 5 11 23 8 6 14 7 22 18 15 13 24 21 10 9 Av:133
index 49:  4854 914 7584 5229 8990 3901 6635 7921 5568 2318 7961 2419 4833 6130 9999 4795 1556 3964 4972 2544 2368 6275 4730 9911 863 Av:133
index 50:  0 1 2 3 4 16 6 9 18 10 20 5 8 23 22 19 21 14 24 12 7 17 11 13 15 Av:120
index 50:  3029 9870 6981 3992 8588 1357 8189 7537 9403 8117 6329 5564 7009 8239 525 1575 9047 5858 6296 2055 8110 8966 409 4541 2843 Av:120
index 51:  0 1 2 3 4 8 22 11 14 13 23 15 19 20 21 17 7 10 24 9 12 6 16 18 5 Av:128
index 51:  9784 7470 6113 3864 3721 510 2436 4687 3292 5785 124 5772 9075 3008 524 8498 860 9634 4216 3078 7964 542 2146 4677 9700 Av:128
index 52:  0 1 2 3 4 16 11 17 5 14 12 6 19 15 10 21 24 23 9 22 13 7 20 8 18 Av:126
index 52:  1720 6455 601 8610 7218 3207 6379 9049 1748 1208 7619 841 7212 1965 7331 6626 6807 6303 194 1036 4561 597 9027 8697 8268 Av:126
index 53:  0 1 2 3 4 22 24 10 11 23 16 5 14 7 12 17 6 9 19 15 18 13 21 8 20 Av:136
index 53:  1346 9148 4934 9092 395 9752 6746 4877 528 6771 9883 7620 9902 5539 4241 5981 9886 8283 374 4460 2744 2913 9178 8452 5041 Av:136
index 54:  0 1 2 3 4 24 17 21 16 6 23 19 18 5 9 12 13 20 22 10 11 14 7 8 15 Av:155
index 54:  395 1024 3707 1781 4934 157 7346 4718 3418 1137 8054 1771 9555 3905 4561 3602 6115 8174 9809 7591 2986 5630 892 898 3008 Av:155
index 55:  0 1 2 3 4 17 23 18 12 22 19 6 16 24 9 8 14 20 7 10 21 5 11 15 13 Av:126
index 55:  2878 3403 8543 9804 3782 1083 1575 6735 488 3957 8465 5433 9972 7565 379 8086 3835 4209 1577 4025 9510 7646 9713 982 898 Av:126
index 56:  0 1 2 3 4 16 20 7 10 12 24 23 18 6 13 17 8 14 21 9 5 11 15 19 22 Av:123
index 56:  8013 9910 1013 6418 2783 3755 9635 6076 9159 6877 9811 2990 3655 9220 8997 7502 524 9090 1817 5645 8132 898 5189 9752 3955 Av:123
index 57:  0 1 2 3 4 8 23 16 6 22 15 11 9 10 14 7 13 20 24 17 19 21 18 12 5 Av:120
index 57:  6498 3670 1004 1347 8454 7350 4018 9315 616 9509 8638 699 6437 4603 1839 9947 5181 9508 4487 8245 5442 4096 601 621 134 Av:120
index 58:  0 1 2 3 4 18 6 20 19 11 5 7 9 16 14 8 21 23 12 17 10 22 15 24 13 Av:99
index 58:  6472 3704 8465 9092 9971 8452 5088 4498 9931 2455 9726 3129 204 8778 2544 2926 4553 1971 1884 1267 8896 9961 3653 6232 986 Av:99
index 59:  0 1 2 3 4 21 5 11 9 15 16 10 8 18 13 6 24 17 12 7 19 23 14 22 20 Av:130
index 59:  4541 4860 4373 7925 982 699 2271 1310 7771 2879 7700 4894 4614 3008 8225 7470 5776 7 823 9906 4249 5607 8273 8886 477 Av:130
index 60:  0 1 2 3 4 9 23 24 18 22 10 8 11 5 13 14 15 20 6 12 7 17 19 21 16 Av:126
index 60:  6348 8246 6225 9784 3575 80 124 9682 6612 6661 5178 3187 2802 8828 4687 9187 8085 7533 7346 4482 2761 4396 8013 5618 2974 Av:126
index 61:  0 1 2 3 4 18 20 10 11 5 7 14 15 19 9 12 17 21 8 22 23 13 16 24 6 Av:126
index 61:  4541 9561 3301 4787 4202 2642 8570 7525 8070 1434 3721 4860 5997 8210 9723 8633 599 7151 2660 2803 1815 6495 5112 8161 9350 Av:126
index 62:  0 1 2 3 4 16 5 13 14 7 20 18 19 12 10 6 23 15 9 22 8 11 24 17 21 Av:93
index 62:  6471 9823 5509 6718 5635 9319 956 9139 7328 907 7441 7672 1448 6511 4041 6216 7301 1958 7077 9012 2236 2489 9446 9640 1257 Av:93
index 63:  0 1 2 3 4 21 12 15 20 8 22 13 18 10 11 5 23 19 7 6 16 14 9 24 17 Av:122
index 63:  7592 4390 9514 6080 8576 7507 2742 919 2615 8280 7525 165 8588 28 206 7213 5779 4242 987 7407 923 6982 6978 3629 2581 Av:122
index 64:  0 1 2 3 4 17 16 11 15 7 13 20 14 18 22 5 23 19 6 24 12 8 9 21 10 Av:128
index 64:  4759 1368 8419 2835 6117 7435 4735 9409 5500 7892 4795 8235 2642 7496 4617 7366 2849 2130 6324 7522 8132 4039 9946 5264 3312 Av:128
index 65:  0 1 2 3 4 15 8 18 13 19 10 17 5 16 22 11 12 7 24 23 9 21 14 20 6 Av:133
index 65:  5414 7894 2929 4563 4195 9899 849 9284 3216 2630 1603 6141 4893 1254 3184 4166 9178 5585 8936 2642 9864 7172 2492 2760 9592 Av:133
index 66:  0 1 2 3 4 24 7 8 23 19 16 17 20 21 14 12 15 18 22 6 13 10 5 9 11 Av:148
index 66:  343 377 3553 5735 9883 4511 6936 4154 3935 888 8029 8279 1538 3215 7611 9528 8696 6919 9676 8584 7203 8355 6333 8601 9902 Av:148
index 67:  0 1 2 3 4 16 22 14 24 12 8 21 10 9 19 11 6 15 18 13 20 7 5 17 23 Av:114
index 67:  1024 377 2187 395 6555 8445 198 9057 7722 6100 5562 7639 8257 5848 9883 3783 1955 3277 588 5953 816 9642 6203 1241 6098 Av:114
index 68:  0 1 2 3 4 22 11 9 12 17 10 14 7 5 21 16 23 13 18 20 19 8 15 24 6 Av:138
index 68:  7894 5978 5414 6969 8467 3629 233 8668 4221 3721 7097 3707 6113 4004 7171 5138 1658 3104 1485 1111 9853 2645 7215 6310 3370 Av:138
index 69:  0 1 2 3 4 18 14 15 10 21 11 17 9 24 23 12 16 13 8 6 20 7 19 5 22 Av:109
index 69:  9725 3437 5659 9799 9300 1205 8645 3949 1527 4416 7592 8911 1758 8933 5794 280 7077 5431 8688 2244 6361 5250 8180 3455 2768 Av:109
index 70:  0 1 2 3 4 13 5 11 20 19 21 15 8 10 23 12 18 16 17 6 24 9 7 22 14 Av:127
index 70:  4812 7461 6418 9910 7670 2683 6610 997 835 1477 1752 6606 8903 8132 4611 6619 8372 3308 279 6005 9883 7201 6638 8643 1063 Av:127
index 71:  0 1 2 3 4 15 23 8 20 19 12 7 13 14 22 17 24 16 9 6 10 5 18 11 21 Av:106
index 71:  3115 3615 2412 388 6037 8167 103 6075 3739 6140 8760 8992 2615 4953 6213 1009 7040 299 3620 1194 7029 7265 8195 8210 8628 Av:106
index 72:  0 1 2 3 4 13 19 12 22 15 16 7 24 8 14 18 9 10 17 11 20 5 23 21 6 Av:144
index 72:  5585 1845 2268 5480 1074 2774 9115 8080 5104 9787 2520 7356 8017 794 446 6434 7403 7409 487 7667 7393 7041 2516 6517 3809 Av:144
index 73:  0 1 2 3 4 18 7 21 9 10 23 15 19 24 16 8 5 20 14 17 12 6 11 22 13 Av:132
index 73:  4470 395 1133 2880 6076 7019 2933 8691 9370 7307 7462 6745 1427 1010 570 9190 45 595 3721 1818 9385 1739 3824 3730 2660 Av:132
index 74:  0 1 2 3 4 9 18 10 6 12 11 19 17 22 8 24 14 20 16 15 7 21 13 5 23 Av:142
index 74:  3893 6005 5701 838 2367 9275 7496 7746 7461 1517 5729 2780 1835 9175 8057 8525 651 1074 6117 3024 7364 7885 2791 2423 1197 Av:142
index 75:  0 1 2 3 4 5 7 19 9 11 10 6 16 21 12 8 22 14 23 24 20 18 17 15 13 Av:125
index 75:  65 6613 5554 9451 3163 4166 5106 6810 6454 2183 9130 8566 2915 5757 8615 8423 6783 952 8483 1700 1701 8714 9307 1030 3113 Av:125
index 76:  0 1 2 3 4 6 11 13 14 18 20 8 16 19 21 9 17 10 12 15 5 22 24 23 7 Av:154
index 76:  6076 395 9643 3721 1781 5263 4207 4346 5772 9845 6413 9910 3558 4470 1889 6893 2457 5457 7325 7826 4677 8912 8065 4495 2359 Av:154
index 77:  0 1 2 3 4 15 21 16 9 14 22 6 8 11 5 19 18 7 10 12 23 17 24 13 20 Av:117
index 77:  3572 3808 9561 2826 8320 6565 4110 4511 3343 3503 4291 4521 7761 9427 8380 7998 8148 4398 3707 1729 6328 3544 688 2413 1497 Av:117
index 78:  0 1 2 3 4 14 12 6 9 15 5 13 18 16 10 17 11 8 22 24 7 19 21 23 20 Av:128
index 78:  395 6076 377 4470 1133 2087 2298 2990 4033 8174 9287 3637 9643 1254 3985 7916 9490 8916 6369 1058 6288 9249 6783 37 8147 Av:128
index 79:  0 1 2 3 4 8 16 19 22 21 10 23 6 9 11 12 13 5 24 17 15 18 7 20 14 Av:123
index 79:  6004 524 9013 7140 8452 1439 4320 1250 7014 3180 3491 1060 4592 4260 302 7226 3809 7169 2905 5053 3061 9293 2146 7937 290 Av:123
index 80:  0 1 2 3 4 7 21 18 23 13 8 15 17 10 11 16 14 24 6 19 22 12 20 9 5 Av:116
index 80:  5047 8802 1198 3971 4373 4350 4950 6113 5928 9855 8652 4692 4662 3752 667 1254 7826 6804 8837 524 5655 2414 9167 4745 7958 Av:116
index 81:  0 1 2 3 4 22 21 9 8 17 12 20 13 16 19 6 5 15 18 14 24 10 7 23 11 Av:121
index 81:  8063 7077 3806 3760 7117 4045 8418 3302 956 3056 1582 5750 6269 2956 5440 3943 8962 2017 4315 5807 3798 5584 8610 5044 2184 Av:121
index 82:  0 1 2 3 4 22 8 16 20 12 18 19 14 21 24 9 10 6 23 13 17 15 7 5 11 Av:163
index 82:  395 1024 2929 5414 1781 81 6692 6999 2298 5875 8200 9885 3568 9941 6652 9559 7201 6179 9190 6296 7462 8927 7470 2491 9280 Av:163
index 83:  0 1 2 3 4 18 13 11 6 15 7 5 9 12 14 19 20 10 23 16 21 22 24 8 17 Av:158
index 83:  8576 9973 9561 7117 5137 4541 8438 7952 9803 3130 6889 4373 8298 9009 7215 4894 7774 1236 6323 1428 5254 4988 8077 1896 8520 Av:158
index 84:  0 1 2 3 4 18 9 20 21 19 12 5 22 17 24 8 23 11 13 14 15 6 7 10 16 Av:131
index 84:  4541 7215 3104 6661 4373 7208 4911 1399 4918 8467 4107 5563 699 6418 6689 3569 4012 2038 7325 5685 982 6076 8458 8182 4230 Av:131
index 85:  0 1 2 3 4 10 8 13 19 12 9 5 7 14 20 18 23 21 11 22 6 17 15 24 16 Av:123
index 85:  1857 9269 5386 838 7204 892 4195 6005 3751 4617 3935 101 4185 8401 1873 1394 9682 5733 4397 4737 6419 1962 4312 9666 5929 Av:123
index 86:  0 1 2 3 4 7 10 23 19 9 18 20 24 12 8 17 6 11 22 5 16 21 14 13 15 Av:139
index 86:  4563 9943 8013 4195 6270 3871 402 4837 8174 6606 6076 9382 2205 3855 385 1682 5898 5747 5468 4677 277 5753 3796 4185 916 Av:139
index 87:  0 1 2 3 4 22 14 16 12 21 15 20 23 6 8 13 10 17 19 24 18 9 5 11 7 Av:99
index 87:  3721 1825 4373 9784 6113 574 2342 1361 7771 1150 1721 9658 9159 7398 1078 7251 402 6704 2640 2095 3380 7937 7215 4094 4057 Av:99
index 88:  0 1 2 3 4 15 16 21 13 22 7 24 9 12 5 19 8 20 23 10 14 18 6 17 11 Av:139
index 88:  3380 9947 4498 9563 9561 1784 474 4111 1711 2332 8520 3795 7657 316 570 7925 3971 9367 379 5963 4684 6990 4202 8208 7251 Av:139
index 89:  0 1 2 3 4 10 18 20 11 7 19 13 21 9 22 23 15 17 12 16 5 14 24 6 8 Av:151
index 89:  6810 1387 3163 8553 8421 168 2991 2511 6209 7136 1547 4615 4006 7292 9318 7453 5618 8455 2394 4328 6259 9763 1011 8805 3297 Av:151
index 90:  0 1 2 3 4 14 6 18 22 10 8 13 16 19 12 9 24 23 11 17 21 7 20 15 5 Av:142
index 90:  7215 4373 9784 4541 3721 5890 1254 4988 6348 8387 894 2793 7462 6375 3104 3431 2799 1497 1781 2265 1097 4618 3292 7735 5440 Av:142
index 91:  0 1 2 3 4 24 11 10 14 7 5 6 21 9 13 8 23 17 20 22 19 18 15 16 12 Av:146
index 91:  1387 2473 2880 9811 6737 1707 8601 6810 2758 5037 1254 9511 7236 6700 3385 3464 4961 3818 6672 1292 4878 9246 8608 8814 5766 Av:146
index 92:  0 1 2 3 4 18 10 24 19 9 13 7 11 14 22 20 5 8 12 23 6 17 15 16 21 Av:135
index 92:  4541 5183 4373 7251 4202 115 61 1694 1514 2660 4498 2879 1025 1815 6348 6018 4404 5087 2974 248 3782 1774 7181 6989 2642 Av:135
index 93:  0 1 2 3 4 12 20 6 19 15 7 22 10 21 24 8 14 18 11 16 23 9 5 17 13 Av:127
index 93:  3721 248 5667 4541 7470 6916 5717 9948 372 1512 6192 6617 898 2219 9983 377 5593 4809 1971 9217 3727 1463 8169 7841 4690 Av:127
index 94:  0 1 2 3 4 5 16 20 15 23 18 7 12 11 17 14 19 6 8 22 9 24 21 13 10 Av:111
index 94:  3207 2856 402 9498 4002 4416 2473 6217 3963 4642 6033 9435 4290 9155 9690 5157 3491 3435 5715 6148 4692 1892 5783 7117 116 Av:111
index 95:  0 1 2 3 4 15 8 22 20 13 10 16 14 17 18 21 24 5 9 12 6 23 19 7 11 Av:138
index 95:  5674 7117 9902 9757 877 8989 8089 8501 8816 5232 4477 2166 7533 7833 7889 131 218 9182 577 8075 9047 7333 8633 3126 2049 Av:138
index 96:  0 1 2 3 4 9 11 15 21 19 10 8 22 18 24 17 20 5 23 13 16 6 7 14 12 Av:136
index 96:  5183 3707 6270 3104 1781 6923 8921 122 39 4202 6661 8467 4908 7495 6069 2642 2960 4459 1167 5667 7460 2519 6264 5332 2195 Av:136
index 97:  0 1 2 3 4 7 15 8 5 17 24 16 6 20 10 14 22 13 21 12 18 19 23 11 9 Av:118
index 97:  8936 6748 6661 6897 5414 9169 3148 3864 6 6815 8696 7379 6330 5989 5217 5440 8706 5978 8363 3931 4914 1761 1304 66 336 Av:118
index 98:  0 1 2 3 4 9 15 5 21 12 18 22 7 16 10 14 23 17 24 8 19 6 11 13 20 Av:135
index 98:  299 9561 6804 7925 1357 1195 8465 4752 8409 5191 8743 6534 7850 8 4840 4541 4101 5079 2162 6329 3534 422 6348 1254 8309 Av:135
index 99:  0 1 2 3 4 8 22 7 18 17 12 20 23 14 9 21 13 15 6 24 16 5 10 19 11 Av:144
index 99:  9867 2457 7926 2473 7269 3338 2635 9811 4166 8706 279 8657 1133 2553 2611 6415 9773 3815 7470 4613 3961 2814 2929 3112 7547 Av:144
Average time (ms) 286
