100,78,9
101,45,6
102,65,3
103,80,28
104,56,20
105,87,13
106,100,39
107,73,1
108,23,21
109,105,103
110,101,67
111,19,2
112,107,106
113,108,15
114,109,35
115,104,70
116,112,110
117,25,14
118,94,16
119,111,36
120,102,86
121,71,48
122,114,60
123,116,96
124,47,31
125,74,64
126,120,97
127,119,98
128,58,53
129,115,85
130,113,38
131,123,122
132,130,81
133,131,84
134,121,17
135,128,61
136,133,92
137,124,93
138,33,27
139,117,8
140,69,26
141,129,37
142,137,136
143,77,32
144,125,44
145,118,5
146,142,126
147,83,63
148,132,24
149,135,54
150,46,7
151,141,66
152,149,139
153,99,91
154,140,127
155,150,146
156,153,75
157,144,43
158,148,52
159,155,40
160,159,152
161,157,151
162,160,42
163,162,51
164,68,18
165,158,95
166,163,12
167,154,88
168,167,147
169,166,59
170,169,76
171,165,30
172,170,143
173,164,50
174,172,82
175,138,22
176,145,62
177,175,171
178,161,156
179,177,174
180,178,79
181,179,173
182,181,0
183,182,168
184,55,29
185,183,11
186,185,41
187,180,49
188,187,34
189,186,90
190,189,188
191,184,89
192,176,10
193,134,4
194,192,190
195,194,191
196,195,57
197,196,72
198,197,193
