100,78,9
101,45,6
102,3,65
103,28,80
104,20,56
105,13,87
106,39,100
107,1,73
108,21,23
109,105,103
110,101,67
111,48,17
112,19,2
113,107,106
114,108,15
115,109,35
116,70,104
117,110,113
118,25,14
119,94,16
120,36,112
121,102,86
122,60,115
123,117,96
124,31,47
125,74,64
126,121,97
127,98,120
128,53,58
129,85,116
130,38,114
131,123,122
132,71,111
133,130,81
134,84,131
135,128,61
136,92,134
137,93,124
138,27,33
139,118,8
140,26,69
141,129,37
142,137,136
143,5,119
144,77,32
145,125,44
146,142,126
147,83,63
148,133,24
149,135,54
150,46,7
151,66,141
152,149,139
153,99,91
154,127,140
155,146,150
156,75,153
157,145,43
158,148,52
159,40,155
160,152,159
161,157,151
162,42,160
163,162,51
164,68,18
165,95,158
166,163,12
167,154,88
168,147,167
169,166,59
170,76,169
171,143,62
172,30,165
173,144,170
174,50,164
175,173,82
176,138,22
177,172,176
178,161,156
179,177,175
180,79,178
181,179,174
182,181,0
183,182,168
184,55,29
185,11,183
186,49,41
187,186,185
188,34,180
189,90,187
190,188,189
191,4,57
192,171,10
193,89,184
194,190,192
195,194,193
196,191,132
197,195,72
198,196,197
199,198,199
