200,191,149
201,115,28
202,78,9
203,45,6
204,169,13
205,65,3
206,144,60
207,201,87
208,180,56
209,170,74
210,152,130
211,204,39
212,208,20
213,207,106
214,131,31
215,206,157
216,199,35
217,193,2
218,73,1
219,23,21
220,211,202
221,176,129
222,203,162
223,48,17
224,210,98
225,222,67
226,209,186
227,216,119
228,36,19
229,145,93
230,213,80
231,215,100
232,200,16
233,219,15
234,214,86
235,231,230
236,212,70
237,217,26
238,25,14
239,226,85
240,224,116
241,225,96
242,218,154
243,227,220
244,205,97
245,221,58
246,228,123
247,232,94
248,243,241
249,246,240
250,239,101
251,245,53
252,235,155
253,234,124
254,242,198
255,233,38
256,252,248
257,250,236
258,168,46
259,249,237
260,251,61
261,256,163
262,247,5
263,254,139
264,261,84
265,223,71
266,229,47
267,255,81
268,137,69
269,105,34
270,264,253
271,267,165
272,257,148
273,270,92
274,33,27
275,238,8
276,273,266
277,161,114
278,77,32
279,194,37
280,244,183
281,263,188
282,258,7
283,280,75
284,260,54
285,272,43
286,281,179
287,158,143
288,269,66
289,83,63
290,277,259
291,279,172
292,271,24
293,284,276
294,293,286
295,99,91
296,127,52
297,283,142
298,285,44
299,268,262
300,150,140
301,190,185
302,290,282
303,275,126
304,297,295
305,133,102
306,296,292
307,303,294
308,197,181
309,175,68
310,298,291
311,307,173
312,265,104
313,311,132
314,287,40
315,310,189
316,302,88
317,308,306
318,153,4
319,196,51
320,278,122
321,316,289
322,319,313
323,42,12
324,323,322
325,321,59
326,125,29
327,324,314
328,138,134
329,178,18
330,299,118
331,327,309
332,288,171
333,315,304
334,300,192
335,109,49
336,274,108
337,331,76
338,317,30
339,337,174
340,156,64
341,187,113
342,330,325
343,338,95
344,339,320
345,160,128
346,344,177
347,346,82
348,141,103
349,334,182
350,340,333
351,195,159
352,341,301
353,136,110
354,335,147
355,343,22
356,347,336
357,329,50
358,350,79
359,328,146
360,349,55
361,356,353
362,361,184
363,362,358
364,363,332
365,312,107
366,360,326
367,365,348
368,342,0
369,364,305
370,166,41
371,369,354
372,368,120
373,359,352
374,371,370
375,374,345
376,372,164
377,357,151
378,376,373
379,375,135
380,355,121
381,379,11
382,378,366
383,381,380
384,383,112
385,384,382
386,318,57
387,385,90
388,387,351
389,377,111
390,389,388
391,386,367
392,390,10
393,392,117
394,393,89
395,394,167
396,395,62
397,396,72
398,397,391
