100,78,9
101,45,6
102,65,3
103,80,28
104,56,20
105,87,13
106,100,39
107,73,1
108,23,21
109,105,103
110,101,67
111,48,17
112,19,2
113,107,106
114,108,15
115,109,35
116,104,70
117,113,110
118,25,14
119,94,16
120,112,36
121,102,86
122,115,60
123,117,96
124,47,31
125,74,64
126,121,97
127,120,98
128,58,53
129,116,85
130,114,38
131,123,122
132,111,71
133,130,81
134,131,84
135,128,61
136,134,92
137,124,93
138,33,27
139,118,8
140,69,26
141,129,37
142,137,136
143,119,5
144,77,32
145,125,44
146,142,126
147,83,63
148,133,24
149,135,54
150,46,7
151,141,66
152,149,139
153,99,91
154,140,127
155,150,146
156,153,75
157,145,43
158,148,52
159,155,40
160,159,152
161,157,151
162,160,42
163,162,51
164,68,18
165,158,95
166,163,12
167,154,88
168,167,147
169,166,59
170,169,76
171,143,62
172,165,30
173,170,144
174,164,50
175,173,82
176,138,22
177,176,172
178,161,156
179,177,175
180,178,79
181,179,174
182,181,0
183,182,168
184,55,29
185,183,11
186,49,41
187,186,185
188,180,34
189,187,90
190,189,188
191,57,4
192,171,10
193,184,89
194,192,190
195,194,193
196,191,132
197,195,72
198,197,196
