1	0	7569.29
2	0	8466.83
2	1	10160
3	0	8672.01
3	1	5373.09
3	2	12123
4	0	15875.6
4	1	16726.6
4	2	8552.03
4	3	17771.8
5	0	9469.34
5	1	9969.58
5	2	7043.82
5	3	11681.6
5	4	15157.6
6	0	7023.89
6	1	2928.42
6	2	9669.53
6	3	2823.89
6	4	15017.4
6	5	10472.3
7	0	7706.11
7	1	5616.41
7	2	6442.71
7	3	7268.31
7	4	12572.2
7	5	8011.36
7	6	4928.23
8	0	9533.23
8	1	5207.47
8	2	12114.3
8	3	5504.29
8	4	19372.2
8	5	13739.4
8	6	3811.21
8	7	7467.71
9	0	6713.98
9	1	3128.17
9	2	7880.69
9	3	4232.96
9	4	16317.2
9	5	8697.3
9	6	3216.63
9	7	5300.45
9	8	4249.37
10	0	11590.3
10	1	11404
10	2	8058.97
10	3	13215.9
10	4	16568
10	5	8939.09
10	6	11582.2
10	7	9924.13
10	8	14618.5
10	9	10051.2
11	0	10365.9
11	1	8045.27
11	2	9919.28
11	3	7809.59
11	4	16563.1
11	5	11458
11	6	6901.36
11	7	8301.09
11	8	9103.28
11	9	6454.96
11	10	13863.8
12	0	9091.56
12	1	6023.57
12	2	10562.3
12	3	5370.38
12	4	15290.8
12	5	10319
12	6	4221.46
12	7	7251.4
12	8	7330.18
12	9	5933.75
12	10	12621.1
12	11	9217.53
13	0	6522.47
13	1	4055.3
13	2	5518.85
13	3	6395.53
13	4	13101.3
13	5	7559.09
13	6	4135.89
13	7	4499.36
13	8	6200.81
13	9	3137.89
13	10	8989.13
13	11	7293.21
13	12	6162.39
14	0	9056.54
14	1	4229.57
14	2	10649.1
14	3	5784.08
14	4	14953.6
14	5	13300.7
14	6	2753.83
14	7	6043.27
14	8	4695.01
14	9	5444.84
14	10	13970
14	11	9735.35
14	12	6041.68
14	13	5868.55
15	0	11220.1
15	1	5781
15	2	11281.6
15	3	11773.8
15	4	14879
15	5	12132.4
15	6	8262.91
15	7	8484.83
15	8	10558.1
15	9	7625.71
15	10	14488.4
15	11	12190.1
15	12	9879.21
15	13	6306.73
15	14	7264.13
16	0	8798.84
16	1	8078.49
16	2	5498.24
16	3	12467
16	4	13194.4
16	5	4396.82
16	6	10024.8
16	7	7058.62
16	8	12325.2
16	9	8030.49
16	10	9243.53
16	11	12660.3
16	12	10163.5
16	13	6356.69
16	14	10229.1
16	15	8229.47
17	0	19465.7
17	1	24148.6
17	2	7237.5
17	3	26996.1
17	4	13112.6
17	5	17242.2
17	6	22532.5
17	7	16342.1
17	8	27772.6
17	9	22432.1
17	10	18175.9
17	11	22094.1
17	12	24219.7
17	13	17452.1
17	14	23195
17	15	24914.2
17	16	14436.2
18	0	9641.75
18	1	10853.9
18	2	6330.03
18	3	8988.32
18	4	10449.3
18	5	9452
18	6	8855.87
18	7	7855.08
18	8	10870.2
18	9	7840.92
18	10	11865.7
18	11	9188.55
18	12	9525.13
18	13	6586.88
18	14	10056.9
18	15	11530.8
18	16	9807.75
18	17	16242.4
19	0	7806.98
19	1	7277.31
19	2	3276.29
19	3	10355.2
19	4	9388.5
19	5	7304.16
19	6	7267.13
19	7	5290.76
19	8	9769.87
19	9	6616.68
19	10	9074.7
19	11	8992.55
19	12	9177.26
19	13	4705.34
19	14	8282.42
19	15	9155.82
19	16	5458.02
19	17	10431.1
19	18	6371.03
20	0	7698.47
20	1	4144.03
20	2	10854.1
20	3	3585.77
20	4	20007.4
20	5	8577.65
20	6	3740.96
20	7	6532.76
20	8	5829.2
20	9	3108.56
20	10	11214.2
20	11	8398.79
20	12	5873.25
20	13	4864.86
20	14	6978.36
20	15	10101.1
20	16	9470.21
20	17	26754
20	18	9431.3
20	19	9251.66
21	0	10222.5
21	1	5259.46
21	2	9864.28
21	3	9910.22
21	4	12892.1
21	5	11453.6
21	6	7282.17
21	7	7565.48
21	8	9564.68
21	9	6950.45
21	10	12969.2
21	11	11081.3
21	12	8701
21	13	5911.19
21	14	5606.29
21	15	3236.03
21	16	7845.9
21	17	23226.4
21	18	9791.09
21	19	7820.54
21	20	9498.37
22	0	11209.4
22	1	7384.84
22	2	10413.5
22	3	11433.6
22	4	16226.7
22	5	11592.6
22	6	8614.88
22	7	7808.73
22	8	11443.8
22	9	7621.21
22	10	13073.6
22	11	11350.2
22	12	10439.2
22	13	6762.8
22	14	9645.59
22	15	5709
22	16	9303.4
22	17	23407.6
22	18	10703.6
22	19	9314.78
22	20	9396.32
22	21	7533.28
23	0	10556.7
23	1	3941.96
23	2	13406.7
23	3	8082.68
23	4	17177.9
23	5	12699.8
23	6	6219.29
23	7	8146.02
23	8	7515.72
23	9	5465.06
23	10	14060.5
23	11	10862.5
23	12	7970.59
23	13	5957.06
23	14	5761.46
23	15	3575.95
23	16	9897.61
23	17	30970.2
23	18	10934.4
23	19	10288.2
23	20	6723.13
23	21	2957.48
23	22	6484.71
24	0	9547.75
24	1	5169.23
24	2	10600.4
24	3	8646.83
24	4	15730.8
24	5	10429.6
24	6	6153.47
24	7	7223.16
24	8	7670.38
24	9	5970.02
24	10	13545.4
24	11	9557.2
24	12	7984.02
24	13	5454.43
24	14	5416.1
24	15	5912.11
24	16	8176.4
24	17	24550.5
24	18	9379.71
24	19	7786.36
24	20	8201.15
24	21	4825.61
24	22	8725.8
24	23	4799.66
25	0	10662.5
25	1	4862.48
25	2	14437.6
25	3	5522.8
25	4	20706.6
25	5	16250.2
25	6	3003.18
25	7	8562.22
25	8	4649.97
25	9	5514.16
25	10	15543.2
25	11	10187.1
25	12	7147.36
25	13	6997.11
25	14	3580.62
25	15	11070.9
25	16	15201.5
25	17	30433
25	18	13294.3
25	19	11844.6
25	20	5720.5
25	21	9937.93
25	22	11990.7
25	23	7432.08
25	24	9060.78
26	0	10010.9
26	1	11018
26	2	3428.72
26	3	14856.3
26	4	11274.2
26	5	6912.56
26	6	11881.5
26	7	8981.95
26	8	14944.5
26	9	9736.49
26	10	10186.4
26	11	12691
26	12	12332.8
26	13	6878.6
26	14	12440
26	15	10254.2
26	16	4539.33
26	17	11127.9
26	18	8014.13
26	19	4894.62
26	20	12966.5
26	21	8988.12
26	22	10610.2
26	23	12833
26	24	10107.8
26	25	17211.6
27	0	10497.7
27	1	4550.71
27	2	11673.6
27	3	9715.9
27	4	20684.2
27	5	12975.6
27	6	6358.5
27	7	8566.69
27	8	7064.1
27	9	5590.51
27	10	12993.1
27	11	10761.5
27	12	9838.81
27	13	5862.04
27	14	7917.58
27	15	8149.02
27	16	11651.3
27	17	29026.5
27	18	13120.4
27	19	10045.5
27	20	6437.71
27	21	8324.49
27	22	7981.35
27	23	5843.31
27	24	8808.86
27	25	7020.41
27	26	12931.4
28	0	5789.11
28	1	3488.12
28	2	4704.9
28	3	6019.33
28	4	10404.7
28	5	6533.9
28	6	3265.58
28	7	3653.66
28	8	6519.95
28	9	3857.61
28	10	8705.64
28	11	7662.16
28	12	5759.48
28	13	2703.51
28	14	4304.52
28	15	6626.49
28	16	4398.22
28	17	13886.7
28	18	7376.64
28	19	3603.5
28	20	5369.96
28	21	5279.18
28	22	8000.48
28	23	6794.29
28	24	5100.69
28	25	7065.86
28	26	5795.5
28	27	7703.49
29	0	10955.5
29	1	12689.5
29	2	8126.72
29	3	9804.25
29	4	19003.6
29	5	10841.5
29	6	10389.6
29	7	9176.8
29	8	11882.1
29	9	8514.24
29	10	12003.4
29	11	10882
29	12	12560.6
29	13	8197.47
29	14	15100.9
29	15	20567.3
29	16	12946.2
29	17	16553.6
29	18	8914.56
29	19	9164.83
29	20	9137.82
29	21	18191.1
29	22	17465.6
29	23	18704.8
29	24	15491.1
29	25	15404.2
29	26	12831.5
29	27	15775
29	28	8708.64
30	0	10139.6
30	1	6012.85
30	2	8957.52
30	3	9669.14
30	4	12315.3
30	5	12682.6
30	6	5944.48
30	7	8207.43
30	8	8595.82
30	9	7146.28
30	10	13047.5
30	11	10212.1
30	12	7693.65
30	13	6406.37
30	14	6066.74
30	15	7085.29
30	16	9956.33
30	17	21157.6
30	18	10259.5
30	19	7207.8
30	20	9703.39
30	21	5799.82
30	22	9124.38
30	23	6997.72
30	24	7745.46
30	25	8465.91
30	26	10279.3
30	27	8520.3
30	28	5582.3
30	29	16960.6
31	0	7301.81
31	1	4471.57
31	2	7029.82
31	3	5604.98
31	4	14633.1
31	5	8331.77
31	6	5005.75
31	7	5078.89
31	8	6582.54
31	9	3433.99
31	10	9426.16
31	11	7693.6
31	12	6967.9
31	13	4015.63
31	14	7234.98
31	15	8022.04
31	16	7736.7
31	17	20159.2
31	18	6097.77
31	19	6021.38
31	20	4498.35
31	21	7291.61
31	22	7076.28
31	23	6094.29
31	24	7512.04
31	25	7991.4
31	26	9166.39
31	27	7196.24
31	28	4858.52
31	29	8304.65
31	30	7967.41
32	0	10383.8
32	1	7369.23
32	2	9243.95
32	3	7188.51
32	4	16523.2
32	5	17216.5
32	6	4641.29
32	7	8195.14
32	8	6740.73
32	9	6289.27
32	10	15095.3
32	11	9565.24
32	12	9327.72
32	13	7038.88
32	14	6299.13
32	15	15001.3
32	16	15688.9
32	17	19527.7
32	18	11392.3
32	19	8804.29
32	20	8862.09
32	21	12841.8
32	22	15113.7
32	23	13425.8
32	24	11490
32	25	6007.27
32	26	14207.3
32	27	10534.3
32	28	6121.04
32	29	9592.68
32	30	9185.82
32	31	8333.57
33	0	9598.19
33	1	5538.68
33	2	9326.79
33	3	9350.68
33	4	16378
33	5	10936.9
33	6	6791
33	7	7669.73
33	8	7859.27
33	9	5488.23
33	10	12508
33	11	10663.5
33	12	8336.11
33	13	4585.4
33	14	7528.7
33	15	7001.88
33	16	8457.16
33	17	25429.6
33	18	9779.97
33	19	8486.71
33	20	6793.56
33	21	6757.18
33	22	6616.52
33	23	5297.35
33	24	6780.74
33	25	8131.69
33	26	9266.62
33	27	4639.55
33	28	6199.03
33	29	14031.5
33	30	7753.53
33	31	6490.39
33	32	11110.1
34	0	13585.2
34	1	5737.51
34	2	18412.6
34	3	9213.85
34	4	24862.5
34	5	17570.4
34	6	7855.05
34	7	12304.5
34	8	8070.71
34	9	7158.86
34	10	18952.4
34	11	13744.9
34	12	10407.8
34	13	9464.37
34	14	7699.71
34	15	8327.22
34	16	14832.5
34	17	38474.4
34	18	16289.7
34	19	14786.4
34	20	7104.19
34	21	7670.39
34	22	12155.9
34	23	4777.62
34	24	8397.15
34	25	7679.21
34	26	18588.8
34	27	7477.76
34	28	10287.5
34	29	22622.4
34	30	10445.6
34	31	9452.83
34	32	13429.4
34	33	9146.77
35	0	6899.84
35	1	3979.14
35	2	5586.33
35	3	6440.04
35	4	12224.5
35	5	8577.08
35	6	4140.21
35	7	5068.62
35	8	6259.56
35	9	3829.09
35	10	9740.87
35	11	7341.67
35	12	6325.69
35	13	3208.06
35	14	5634.34
35	15	6389.03
35	16	6469.77
35	17	17452.9
35	18	7398.55
35	19	5081.01
35	20	5667.81
35	21	5918.76
35	22	7197.2
35	23	6196.54
35	24	5862.97
35	25	6973.46
35	26	7236.08
35	27	5858.75
35	28	3358.32
35	29	10227.1
35	30	5476.61
35	31	5102.55
35	32	6829.83
35	33	5083.7
35	34	9038.19
36	0	8232.71
36	1	6565.36
36	2	3908.73
36	3	10622.8
36	4	10238.5
36	5	8835.92
36	6	7055.8
36	7	6508.84
36	8	9353.19
36	9	6808.47
36	10	11039.4
36	11	9160.62
36	12	9022.67
36	13	5144.43
36	14	7337.13
36	15	8341.36
36	16	6366.45
36	17	11579.5
36	18	7893.74
36	19	3288.68
36	20	10094.4
36	21	7264
36	22	10419
36	23	10125.3
36	24	6853.89
36	25	11367.8
36	26	5033.64
36	27	10074.8
36	28	3617.65
36	29	11525.3
36	30	5786.81
36	31	7201.38
36	32	7576.98
36	33	8675.45
36	34	13017.6
36	35	4643.43
37	0	10152.8
37	1	6084.82
37	2	14162.2
37	3	6415.25
37	4	24529.6
37	5	12754.3
37	6	5929.08
37	7	8626.14
37	8	6158.17
37	9	4348.61
37	10	14364.1
37	11	9666.82
37	12	9313.23
37	13	6088.89
37	14	9855.84
37	15	11580.7
37	16	13049.3
37	17	31091.6
37	18	11145.9
37	19	11395.2
37	20	4239.91
37	21	11613.1
37	22	10836.3
37	23	7809.17
37	24	9571.85
37	25	7385.77
37	26	15869.8
37	27	7383.24
37	28	8467.3
37	29	9850.45
37	30	12361
37	31	5102.29
37	32	10522.3
37	33	8304.3
37	34	9404.7
37	35	7702.85
37	36	12923.8
38	0	8324.72
38	1	3093.29
38	2	8669.53
38	3	7175.59
38	4	15227.1
38	5	10508.8
38	6	4972.13
38	7	6142.23
38	8	6137.21
38	9	3630.54
38	10	11626.3
38	11	8728.44
38	12	7220.2
38	13	4354.84
38	14	4864.09
38	15	4305.31
38	16	7892.08
38	17	22914
38	18	9168.44
38	19	7310.24
38	20	6066.23
38	21	4319.77
38	22	6257.83
38	23	3803.18
38	24	5178.8
38	25	6832.33
38	26	9808.36
38	27	5736.18
38	28	4530.47
38	29	14157.8
38	30	5868.91
38	31	4581.82
38	32	8786.63
38	33	6185.09
38	34	6793.69
38	35	4373.01
38	36	6387.99
38	37	7500.65
39	0	6604.8
39	1	3292.23
39	2	5379.46
39	3	5842.54
39	4	12837.7
39	5	8891.59
39	6	4104.2
39	7	4475.1
39	8	5533.42
39	9	2824.24
39	10	9369.27
39	11	6962.39
39	12	6307.29
39	13	2931.81
39	14	4858.41
39	15	6139.25
39	16	6758.55
39	17	17523.4
39	18	7120.54
39	19	4765.26
39	20	4627.96
39	21	5175.12
39	22	7209.82
39	23	5362
39	24	5726.97
39	25	6515.79
39	26	7631.63
39	27	5812.73
39	28	2997.38
39	29	9208.28
39	30	6127.69
39	31	3368.56
39	32	5892.32
39	33	5659.32
39	34	7425.22
39	35	3115.7
39	36	4555.55
39	37	6543.64
39	38	2995.38
40	0	8796.33
40	1	6069.2
40	2	7681.01
40	3	6760.27
40	4	12033.9
40	5	12711.4
40	6	4682.54
40	7	6843.56
40	8	7738.28
40	9	5594.53
40	10	10395.6
40	11	8675.96
40	12	7458.22
40	13	5190.46
40	14	8013.2
40	15	10536.1
40	16	11308.5
40	17	18552.5
40	18	8767.1
40	19	7196.84
40	20	7415.72
40	21	9846.11
40	22	9017.68
40	23	9328.39
40	24	10555.6
40	25	7403.68
40	26	11350.5
40	27	7473.2
40	28	5519.79
40	29	10267
40	30	7672.51
40	31	6028.2
40	32	6238.96
40	33	7593.2
40	34	12458.5
40	35	4710.35
40	36	8247.43
40	37	8758.71
40	38	7504.25
40	39	5094.19
41	0	9936.82
41	1	6741.46
41	2	11175.3
41	3	7980.27
41	4	18290.9
41	5	10612.1
41	6	6373.9
41	7	9204.73
41	8	10049.5
41	9	6961.1
41	10	13155.7
41	11	11560.4
41	12	8140.57
41	13	7690.66
41	14	7884.35
41	15	10416.4
41	16	8945.83
41	17	25182.1
41	18	12997.5
41	19	10543.3
41	20	7682
41	21	9071.15
41	22	10900.1
41	23	9102.09
41	24	8848.95
41	25	9323.78
41	26	10457.4
41	27	10858.2
41	28	6398.4
41	29	15763.6
41	30	9707.92
41	31	8011.22
41	32	11471.8
41	33	9239.93
41	34	10892.2
41	35	7575.9
41	36	9405.53
41	37	10986.8
41	38	7949.77
41	39	7004.34
41	40	10054.6
42	0	8628.58
42	1	5888.22
42	2	10841.8
42	3	5230.62
42	4	17053.1
42	5	9927.13
42	6	4164.59
42	7	6454.82
42	8	6664.82
42	9	5494.12
42	10	13196.7
42	11	8158.13
42	12	6403.07
42	13	5812.18
42	14	6497.11
42	15	10285.6
42	16	10058.9
42	17	23440.3
42	18	8568.4
42	19	8767.31
42	20	4727.98
42	21	9862.59
42	22	10195.5
42	23	8723.17
42	24	8054.23
42	25	7282.12
42	26	12527.1
42	27	9251.58
42	28	5480.52
42	29	9767.71
42	30	9694.38
42	31	6766.18
42	32	9015.55
42	33	8622.51
42	34	11220.9
42	35	6377.31
42	36	9389.7
42	37	7379.53
42	38	7979.81
42	39	6310.28
42	40	8174.8
42	41	9912.15
43	0	14543.9
43	1	8639.93
43	2	22211.4
43	3	6710.38
43	4	31281.5
43	5	17475.5
43	6	7660.81
43	7	13676.2
43	8	8348.07
43	9	6882.33
43	10	20121.2
43	11	12808.9
43	12	11018.2
43	13	11034
43	14	12153.4
43	15	15553.1
43	16	19416.1
43	17	43358
43	18	16454.8
43	19	19127.4
43	20	5703.6
43	21	15800
43	22	15113.3
43	23	10206.6
43	24	12791.7
43	25	8574.77
43	26	23554.7
43	27	10780.9
43	28	13149
43	29	16282.4
43	30	16152.1
43	31	9653.92
43	32	14188.1
43	33	12029
43	34	10242
43	35	12278.6
43	36	19280.7
43	37	6037.06
43	38	10763.1
43	39	11357.1
43	40	13660.1
43	41	13163.7
43	42	9293.7
44	0	14268.8
44	1	7554.29
44	2	20470.1
44	3	9117.12
44	4	31359.1
44	5	17567.2
44	6	7865.17
44	7	13627.9
44	8	8416.27
44	9	7060.83
44	10	19339.7
44	11	13875.4
44	12	11895.2
44	13	10702.3
44	14	12383.1
44	15	15322.5
44	16	17546
44	17	40168.5
44	18	19416.3
44	19	17727.6
44	20	6453.78
44	21	16159.1
44	22	14883.7
44	23	11106.4
44	24	14101.2
44	25	7772.31
44	26	21824.9
44	27	7407.07
44	28	12472.3
44	29	18252.7
44	30	14800.1
44	31	10756.1
44	32	13264.2
44	33	11197.8
44	34	9400.29
44	35	11238.9
44	36	17271.5
44	37	7003.1
44	38	9697.41
44	39	10188.8
44	40	12340.4
44	41	12823.8
44	42	10662.3
44	43	6398.87
45	0	7118.53
45	1	4326.29
45	2	7327.59
45	3	4342.1
45	4	13336.8
45	5	10478.3
45	6	2453.43
45	7	5024.36
45	8	4923.09
45	9	3746.8
45	10	11149.5
45	11	6926.9
45	12	5380.35
45	13	3786.52
45	14	4443.18
45	15	9258.01
45	16	9810.06
45	17	19166.7
45	18	7229.35
45	19	6236.18
45	20	4683.53
45	21	8339.11
45	22	9214.18
45	23	7877.22
45	24	6940.94
45	25	5083.12
45	26	10563
45	27	6962.77
45	28	3576.41
45	29	8249.86
45	30	6562.08
45	31	4963.42
45	32	4340.34
45	33	6500.04
45	34	9688.14
45	35	3922.42
45	36	6040.46
45	37	6891.15
45	38	5413.27
45	39	3691.59
45	40	4502.93
45	41	8076.46
45	42	5331.83
45	43	10095.2
45	44	10048.8
46	0	7684.25
46	1	7268.41
46	2	5682.41
46	3	7708.13
46	4	12734.7
46	5	6498.02
46	6	6403.9
46	7	5226.33
46	8	9398.45
46	9	5493.88
46	10	9261.63
46	11	8266.17
46	12	8377.99
46	13	4708.47
46	14	9310.17
46	15	10013.7
46	16	6558.81
46	17	15312.3
46	18	6280.1
46	19	5051.5
46	20	7596.06
46	21	9124.47
46	22	9343.74
46	23	9919.9
46	24	8409.17
46	25	11637.3
46	26	6645.47
46	27	10751.2
46	28	4665.52
46	29	6966.77
46	30	9432.68
46	31	4858.72
46	32	9617.73
46	33	8389.94
46	34	15469.1
46	35	5573.06
46	36	6329.5
46	37	8235.71
46	38	7340.79
46	39	5524.17
46	40	8069.19
46	41	9014.46
46	42	7223.04
46	43	13985.7
46	44	14958.3
46	45	5895.65
47	0	8034.9
47	1	4731.74
47	2	6671.77
47	3	7055.4
47	4	14117.3
47	5	11116.1
47	6	5326.97
47	7	5678.98
47	8	7064.97
47	9	3748.86
47	10	10937.4
47	11	7323.75
47	12	8332.71
47	13	4144.08
47	14	7326.09
47	15	8662.67
47	16	10125.6
47	17	18530.1
47	18	7715.24
47	19	5936.4
47	20	6512.68
47	21	7206.32
47	22	8980.34
47	23	7429.41
47	24	7480.74
47	25	8403.14
47	26	9131.44
47	27	6845.47
47	28	4393.99
47	29	9136.37
47	30	7567.24
47	31	3952.62
47	32	5496.24
47	33	7193.03
47	34	9341.14
47	35	4692.74
47	36	5650.16
47	37	7215.85
47	38	4735.61
47	39	3095.92
47	40	5709.8
47	41	9295.84
47	42	7859.32
47	43	12436.7
47	44	11724.2
47	45	4501.32
47	46	5784.46
48	0	21085.6
48	1	25575.5
48	2	7694.11
48	3	29917.2
48	4	11928.5
48	5	18298.8
48	6	25147.1
48	7	17686.6
48	8	29404.4
48	9	24858.9
48	10	19935
48	11	24035
48	12	25705.1
48	13	18811.3
48	14	23943.6
48	15	24751.3
48	16	14582.9
48	17	3161.29
48	18	16931.3
48	19	10449.5
48	20	29892.4
48	21	22474.3
48	22	25712.2
48	23	31383.3
48	24	23900
48	25	33141
48	26	10773.8
48	27	30996.1
48	28	14629.1
48	29	19395.4
48	30	20916.8
48	31	22160.4
48	32	21318.1
48	33	26474.9
48	34	38739.3
48	35	18508.2
48	36	10718
48	37	34417.8
48	38	23551.9
48	39	18685.6
48	40	21566.7
48	41	26790.8
48	42	25857.1
48	43	47721.6
48	44	45526.8
48	45	20912.4
48	46	16460.4
48	47	19647.6
49	0	10165
49	1	5296.13
49	2	11268.2
49	3	9204.01
49	4	22388.6
49	5	11923.6
49	6	6850.67
49	7	8828.32
49	8	8572.67
49	9	6149.15
49	10	12892.2
49	11	11267.3
49	12	9873.65
49	13	6651.81
49	14	9015.3
49	15	11386.2
49	16	9414.7
49	17	24623.9
49	18	15824.2
49	19	9746.51
49	20	7223.76
49	21	10995
49	22	12225.7
49	23	9915.22
49	24	9068.93
49	25	8828.92
49	26	12644.7
49	27	8612.13
49	28	5988.81
49	29	12823.7
49	30	11373.6
49	31	7927.56
49	32	9220.8
49	33	9207.97
49	34	10150.7
49	35	7454.42
49	36	9155.24
49	37	8885.34
49	38	7234.57
49	39	6601.1
49	40	9867.75
49	41	9126.98
49	42	10433.9
49	43	12542.3
49	44	9411.76
49	45	7520.1
49	46	9925.31
49	47	8263.38
49	48	26243.2
50	0	11454.7
50	1	9839.03
50	2	8792.02
50	3	8500.77
50	4	11387.6
50	5	16458.8
50	6	7659.04
50	7	9548.17
50	8	9381.73
50	9	8136.73
50	10	15239.4
50	11	10456.6
50	12	9552.51
50	13	7502.71
50	14	7461.96
50	15	10900.8
50	16	14386.6
50	17	20942.2
50	18	6850.14
50	19	8869.27
50	20	10383.4
50	21	8229.38
50	22	11888.8
50	23	9299.8
50	24	10420.6
50	25	9566.23
50	26	11784.7
50	27	11616
50	28	8126.23
50	29	13539.3
50	30	8075.15
50	31	8653.3
50	32	7437.17
50	33	9280.98
50	34	11961.2
50	35	6939.72
50	36	8421
50	37	12988.4
50	38	8756.34
50	39	6394.22
50	40	6967.28
50	41	12062.4
50	42	9554.32
50	43	17065.8
50	44	18964.9
50	45	6757.65
50	46	10016.2
50	47	6951.25
50	48	21443.3
50	49	15724.9
51	0	8427.49
51	1	5764.82
51	2	9549.03
51	3	6206.91
51	4	15698
51	5	8480.36
51	6	4614.56
51	7	7052.26
51	8	7499.37
51	9	5504.98
51	10	11762.1
51	11	8288.2
51	12	6766.58
51	13	5736.93
51	14	6759.55
51	15	9193.02
51	16	8238.05
51	17	22053.9
51	18	8206.48
51	19	7762.33
51	20	5995.62
51	21	8892.93
51	22	9829.93
51	23	8019.7
51	24	6744.89
51	25	8194.24
51	26	9939.07
51	27	9491.87
51	28	5051.62
51	29	11465.4
51	30	8367.81
51	31	6143.23
51	32	9805.6
51	33	8551.4
51	34	11258.5
51	35	6325.28
51	36	7727.42
51	37	8093.55
51	38	6554.95
51	39	6234.25
51	40	8508.2
51	41	8265.6
51	42	6393.87
51	43	10585
51	44	11438.9
51	45	5605.07
51	46	6712.03
51	47	7881.47
51	48	23796.3
51	49	8471.1
51	50	11195.9
52	0	11399.9
52	1	8149.35
52	2	10105.3
52	3	12675
52	4	14223.6
52	5	10186.9
52	6	10273.1
52	7	9851.47
52	8	12222
52	9	8940.69
52	10	12926.4
52	11	12722.4
52	12	10475.5
52	13	7303.41
52	14	8876.44
52	15	5040.37
52	16	6051.51
52	17	23253.9
52	18	10663.8
52	19	8859.94
52	20	10995.9
52	21	4304.69
52	22	9397.83
52	23	5761.73
52	24	6668.38
52	25	13386.8
52	26	8681.47
52	27	10348.2
52	28	6903.56
52	29	20360.9
52	30	7318.65
52	31	9373.2
52	32	17580
52	33	8190.81
52	34	10204.4
52	35	7599.87
52	36	8573.4
52	37	14367.1
52	38	6443.85
52	39	7755.66
52	40	12488.9
52	41	10581.4
52	42	11770.7
52	43	18374.5
52	44	17218
52	45	10704.6
52	46	10835.5
52	47	10792
52	48	22852.1
52	49	12294.4
52	50	11754
52	51	9855.93
53	0	9372.71
53	1	5196.02
53	2	10295.8
53	3	7030.85
53	4	20476.8
53	5	12728.5
53	6	5107.57
53	7	7290.46
53	8	5019.62
53	9	3805.95
53	10	12336.7
53	11	9560.51
53	12	8878.39
53	13	5461.33
53	14	5536.89
53	15	10352.8
53	16	11473.8
53	17	25658.9
53	18	10474.5
53	19	9291.84
53	20	5480.89
53	21	10183.3
53	22	9384.24
53	23	7726.23
53	24	8753.42
53	25	5310.31
53	26	12479.2
53	27	5377.97
53	28	6893.68
53	29	11462.5
53	30	9747.15
53	31	5273.5
53	32	7474.06
53	33	6877.07
53	34	8925.71
53	35	6340.3
53	36	9321.38
53	37	5858.17
53	38	5145.79
53	39	4525.15
53	40	7833.37
53	41	9078.3
53	42	8332.39
53	43	9232.25
53	44	7402.11
53	45	5530.19
53	46	8475.39
53	47	5872.51
53	48	28610.1
53	49	7841.38
53	50	10188.2
53	51	8075.58
53	52	12252.2
54	0	9362.98
54	1	4840.99
54	2	10344.7
54	3	6618.04
54	4	17798.2
54	5	12860.6
54	6	5109.2
54	7	7300.65
54	8	5906.42
54	9	4131.03
54	10	12151.1
54	11	8942.05
54	12	8056.36
54	13	5468.08
54	14	5511.71
54	15	9298.99
54	16	11533
54	17	26368.3
54	18	10036.8
54	19	9007.3
54	20	6190.73
54	21	7643.44
54	22	10088.6
54	23	6351.04
54	24	6991.14
54	25	5990.69
54	26	12169.6
54	27	6429.9
54	28	6223.74
54	29	12075
54	30	8196.07
54	31	5280.64
54	32	7099.6
54	33	6821.77
54	34	7918.42
54	35	6143
54	36	8816.36
54	37	6933.06
54	38	5049.52
54	39	4464.41
54	40	7795.31
54	41	8564.59
54	42	8669.09
54	43	9981.79
54	44	10045.5
54	45	5266.18
54	46	8342.37
54	47	5198.9
54	48	27081.9
54	49	8072.08
54	50	8675.18
54	51	7961.79
54	52	10739.5
54	53	4701.92
55	0	9917.42
55	1	8559.42
55	2	9082.97
55	3	8322.67
55	4	18265.6
55	5	10022.4
55	6	8859.22
55	7	8338.25
55	8	9633.11
55	9	6359.74
55	10	12903.3
55	11	10274.6
55	12	10595.1
55	13	8006.22
55	14	10913
55	15	13487.7
55	16	9568.83
55	17	21283.6
55	18	10284.2
55	19	8934.11
55	20	7508.25
55	21	11939.7
55	22	13912.6
55	23	12250.2
55	24	10940.5
55	25	12740.7
55	26	11980.9
55	27	12816.3
55	28	7223.31
55	29	8874.55
55	30	12781.5
55	31	6864.42
55	32	10446.7
55	33	12440.6
55	34	12937.1
55	35	8657.47
55	36	9134.84
55	37	10149
55	38	8586.54
55	39	6194.82
55	40	11484
55	41	10744.6
55	42	10093.4
55	43	14095.2
55	44	14485.8
55	45	7696.14
55	46	7766.61
55	47	7301.19
55	48	21925.2
55	49	9243.04
55	50	12380.7
55	51	9111.83
55	52	13243.3
55	53	9168.71
55	54	8863.3
56	0	8535.24
56	1	3276.75
56	2	12548.6
56	3	4238.87
56	4	21073.8
56	5	11044.4
56	6	3317.05
56	7	7473.25
56	8	4834.15
56	9	2926.03
56	10	12797.8
56	11	8659.91
56	12	5947.13
56	13	4947.17
56	14	5658.89
56	15	8009.37
56	16	10727.2
56	17	30489
56	18	11355.9
56	19	10693
56	20	2786.38
56	21	7403.25
56	22	9256.36
56	23	4688.02
56	24	6683.97
56	25	4558.16
56	26	13481.2
56	27	5390.58
56	28	5712.09
56	29	12468.5
56	30	8519.7
56	31	5261.24
56	32	8751.43
56	33	6161.85
56	34	5472.12
56	35	5596.21
56	36	10253.2
56	37	4467.11
56	38	4750
56	39	4647.22
56	40	7551.04
56	41	6556.06
56	42	5984.68
56	43	5351.98
56	44	5674.57
56	45	5210.9
56	46	8647.82
56	47	6551.29
56	48	33169.2
56	49	6939.98
56	50	10183.3
56	51	6186.08
56	52	9693.77
56	53	4925.21
56	54	5053.04
56	55	9315.55
57	0	14374.3
57	1	13631.7
57	2	7878.55
57	3	18518.7
57	4	10795.4
57	5	13590.6
57	6	15008.7
57	7	12487.8
57	8	17679.9
57	9	13473.3
57	10	12716.9
57	11	15808
57	12	15423.1
57	13	9307.79
57	14	14641.4
57	15	10571.8
57	16	10863.8
57	17	17990
57	18	10142.5
57	19	8994.65
57	20	16648.2
57	21	9982.01
57	22	11732.1
57	23	11870.2
57	24	12807.9
57	25	17960.1
57	26	8408.5
57	27	12238.3
57	28	10564.3
57	29	19286.3
57	30	11766.7
57	31	11650.9
57	32	17951.1
57	33	9570.14
57	34	18903.2
57	35	9970.65
57	36	9984.48
57	37	18626.7
57	38	11699.8
57	39	10634.4
57	40	11049.1
57	41	16614.4
57	42	16561
57	43	27181.9
57	44	24846.8
57	45	13173.8
57	46	12432.9
57	47	11662.6
57	48	17768
57	49	18114.3
57	50	11153.8
57	51	14702.8
57	52	8415.42
57	53	15121.3
57	54	14215.6
57	55	18677.8
57	56	16044.1
58	0	9722.3
58	1	6682.79
58	2	9343.31
58	3	7407.38
58	4	16209.5
58	5	14386.8
58	6	4732.52
58	7	6502.27
58	8	6201.48
58	9	5676.25
58	10	12724.6
58	11	9708.16
58	12	8864.37
58	13	5842.24
58	14	4063.8
58	15	10991.4
58	16	12907.3
58	17	21352.2
58	18	8941.2
58	19	8287.67
58	20	7801.91
58	21	9263.32
58	22	10515
58	23	8964.1
58	24	8707.82
58	25	5460.56
58	26	12454.2
58	27	8278.87
58	28	6025.51
58	29	10950
58	30	9699.56
58	31	6213.35
58	32	5676.39
58	33	8752.64
58	34	11589.8
58	35	7033.2
58	36	8669.26
58	37	8551.97
58	38	6631.96
58	39	5124.67
58	40	7275.51
58	41	10381.9
58	42	8311.01
58	43	12958.9
58	44	12692.8
58	45	4976.62
58	46	8514.81
58	47	5874.73
58	48	23548.8
58	49	10193.2
58	50	7958.17
58	51	8747.59
58	52	12900.2
58	53	4068.93
58	54	5360.7
58	55	10689.6
58	56	7056.5
58	57	13706.5
59	0	8424.88
59	1	6743.51
59	2	6362.34
59	3	7863.56
59	4	12536
59	5	9843.56
59	6	6139.93
59	7	6322.89
59	8	8782.35
59	9	6068.41
59	10	10282.7
59	11	8625.59
59	12	8114.76
59	13	5363.59
59	14	7793.26
59	15	9516.79
59	16	7993.38
59	17	16018.4
59	18	8794.09
59	19	6031.64
59	20	7763.61
59	21	8720.52
59	22	9573.98
59	23	9807.23
59	24	8782.75
59	25	9863.3
59	26	8527.68
59	27	10259.3
59	28	4281.18
59	29	10024.8
59	30	7891.32
59	31	6765
59	32	8320.59
59	33	8756.83
59	34	12883.6
59	35	5265.81
59	36	5998.76
59	37	10567.7
59	38	7369.56
59	39	5060.16
59	40	7290.53
59	41	9602.23
59	42	7645.39
59	43	15306.5
59	44	15472.4
59	45	5528.76
59	46	6470.98
59	47	6227.6
59	48	16841.2
59	49	10067.4
59	50	8593.25
59	51	8058.27
59	52	10261.6
59	53	9193.84
59	54	8528.95
59	55	8955.38
59	56	8688.67
59	57	12778.5
59	58	8584.6
60	0	6942.08
60	1	4289.69
60	2	7945.38
60	3	4671.26
60	4	12686.1
60	5	7976.52
60	6	2608.88
60	7	5201.03
60	8	6609.79
60	9	4523.17
60	10	10384.1
60	11	8413.2
60	12	5124.72
60	13	4394.53
60	14	4444.85
60	15	7245.76
60	16	6586.19
60	17	18544.4
60	18	7373.8
60	19	5953.85
60	20	5080.79
60	21	5854.76
60	22	8340.22
60	23	6486.97
60	24	6086.14
60	25	6295.14
60	26	8517.43
60	27	8716.51
60	28	2749.19
60	29	10754.6
60	30	6289.26
60	31	5575.33
60	32	8106.66
60	33	7224.25
60	34	10198.2
60	35	4529.05
60	36	6313.67
60	37	8007.05
60	38	5604.3
60	39	4693.39
60	40	5944.46
60	41	6679.9
60	42	4832.68
60	43	11265.2
60	44	11152.5
60	45	4293.79
60	46	5527.43
60	47	6676.23
60	48	20852.4
60	49	8130.69
60	50	8159.43
60	51	4864.94
60	52	7586.96
60	53	7666.39
60	54	7481.12
60	55	9356.98
60	56	5337.88
60	57	12889.1
60	58	6848.65
60	59	6110.82
61	0	7619.54
61	1	5431.9
61	2	6070.52
61	3	6399.62
61	4	12339.3
61	5	9798.67
61	6	3813.24
61	7	5151.05
61	8	6111.58
61	9	4777.96
61	10	10459.9
61	11	8089.23
61	12	6977.6
61	13	4772.3
61	14	4033.21
61	15	9077.34
61	16	8467.94
61	17	16785.4
61	18	7049.49
61	19	5219.97
61	20	6606.3
61	21	7950.72
61	22	8905.1
61	23	8489
61	24	7389.6
61	25	6235.21
61	26	8412.6
61	27	7734.08
61	28	4051.34
61	29	9899.99
61	30	6987.65
61	31	5129.58
61	32	5790.72
61	33	7233.34
61	34	11196.8
61	35	4887.39
61	36	5334.34
61	37	8778.87
61	38	5548.06
61	39	4120.27
61	40	6297.88
61	41	8105.96
61	42	6992.03
61	43	13444.8
61	44	12729.5
61	45	3932.11
61	46	6017.75
61	47	5205.06
61	48	18100.5
61	49	8992.39
61	50	7276.03
61	51	6511.09
61	52	10172.8
61	53	4958.91
61	54	5613.56
61	55	8094.09
61	56	7017.08
61	57	11662.7
61	58	4169.32
61	59	6259.6
61	60	4915.41
62	0	14218
62	1	14485.9
62	2	13756.9
62	3	16195.1
62	4	23493.5
62	5	6880.34
62	6	16028.5
62	7	13980.2
62	8	18095.7
62	9	12928.6
62	10	14550
62	11	18133.6
62	12	15539.8
62	13	13472.1
62	14	20047.2
62	15	17821.6
62	16	6032.01
62	17	24166.2
62	18	16727.9
62	19	13157.8
62	20	12245.4
62	21	17573.7
62	22	18578.8
62	23	17991.1
62	24	16112.9
62	25	22805.3
62	26	12547.3
62	27	19582
62	28	11098.6
62	29	15329.5
62	30	19429.4
62	31	13604.3
62	32	23956
62	33	16239.6
62	34	22152.4
62	35	13990.8
62	36	15178
62	37	16521.6
62	38	16339.8
62	39	14313.2
62	40	18218.5
62	41	15038.4
62	42	14216.9
62	43	20031.8
62	44	20294.2
62	45	16338.2
62	46	11817.6
62	47	18347.3
62	48	25867.6
62	49	14440.7
62	50	24547.5
62	51	12762.1
62	52	14446.2
62	53	19426.9
62	54	19526.3
62	55	13454.9
62	56	15304.8
62	57	22895.7
62	58	23445.7
62	59	14842.7
62	60	12094.2
62	61	16945.8
63	0	10965.2
63	1	9528.78
63	2	6161.08
63	3	13189.2
63	4	7624.81
63	5	12026.5
63	6	9644.58
63	7	7138.13
63	8	13215.4
63	9	10115.1
63	10	12684.8
63	11	12129.3
63	12	10906.8
63	13	6665.71
63	14	8641.34
63	15	7781.94
63	16	8874.94
63	17	13029.1
63	18	8089.43
63	19	5392.41
63	20	13704
63	21	5688.35
63	22	10112.3
63	23	9620.07
63	24	8047.47
63	25	14423.6
63	26	7496.62
63	27	13231.1
63	28	5174.83
63	29	14299.2
63	30	7740.86
63	31	8890.88
63	32	11279.9
63	33	9641.42
63	34	16541.4
63	35	7189.14
63	36	5846.86
63	37	15852.3
63	38	8669.85
63	39	6961.93
63	40	9330.63
63	41	12975.9
63	42	11374.3
63	43	23691.9
63	44	24851.8
63	45	8688.93
63	46	7782.07
63	47	7632.27
63	48	11432.5
63	49	14501.9
63	50	8036.47
63	51	10977.3
63	52	9185.87
63	53	13873.9
63	54	10790.9
63	55	13066.3
63	56	13559.6
63	57	8607.19
63	58	10145.7
63	59	7965.85
63	60	7858.45
63	61	8008.4
63	62	19922.6
64	0	15978.4
64	1	8831.35
64	2	23968.6
64	3	8123.1
64	4	33989.5
64	5	18698.5
64	6	8958.09
64	7	15860.7
64	8	10001.9
64	9	8554.63
64	10	21478.9
64	11	15633.3
64	12	12827.9
64	13	14658.3
64	14	13055.9
64	15	16830.7
64	16	18935
64	17	44509.3
64	18	21604
64	19	20511.1
64	20	7021.85
64	21	17442.1
64	22	16150
64	23	11923.5
64	24	15826
64	25	10113.6
64	26	24866.5
64	27	11302.6
64	28	14706.7
64	29	21594.6
64	30	16963.5
64	31	11544.3
64	32	16451.6
64	33	15085.3
64	34	9184.93
64	35	13757.5
64	36	19899.9
64	37	9391.3
64	38	11093.4
64	39	12082
64	40	15707.1
64	41	12317.7
64	42	12147.5
64	43	6318.84
64	44	5539.06
64	45	12137
64	46	16818.1
64	47	14269
64	48	49549.6
64	49	11918
64	50	20684.3
64	51	12306
64	52	18577.3
64	53	10005.9
64	54	12325.5
64	55	13683.7
64	56	6954.88
64	57	30961.1
64	58	15754.5
64	59	17064.5
64	60	12246.4
64	61	14181.7
64	62	19647.9
64	63	27862.9
65	0	7516.51
65	1	5783.97
65	2	9385.76
65	3	2480.63
65	4	16018.8
65	5	9636.64
65	6	3250.47
65	7	6026.44
65	8	5223.14
65	9	3498
65	10	10545.8
65	11	7593.43
65	12	5499.63
65	13	5222.23
65	14	6395.09
65	15	11750.9
65	16	10700.7
65	17	23455.3
65	18	6470.12
65	19	8613.83
65	20	3110.3
65	21	9752.75
65	22	10744.3
65	23	8218.16
65	24	8748.1
65	25	6269.28
65	26	12247.9
65	27	8870.74
65	28	5497.83
65	29	6717.85
65	30	9876.93
65	31	3901.72
65	32	6787.8
65	33	8127.47
65	34	10113.9
65	35	6003.12
65	36	9720.39
65	37	5327.57
65	38	6621.72
65	39	4604.22
65	40	5854.77
65	41	7610.9
65	42	5076.11
65	43	7054.5
65	44	8880.83
65	45	3853.12
65	46	5888.77
65	47	5916.99
65	48	26612.9
65	49	8960.23
65	50	7834.24
65	51	6005.74
65	52	12254.6
65	53	5742.53
65	54	5700.22
65	55	7159.97
65	56	4040.2
65	57	16110.8
65	58	6081.8
65	59	7373.99
65	60	4621.62
65	61	5448.3
65	62	14194.8
65	63	12039.6
65	64	9582.57
66	0	10138.6
66	1	3951.87
66	2	13729.9
66	3	6232.03
66	4	20216.4
66	5	13987.1
66	6	4565.52
66	7	7984.64
66	8	6010.31
66	9	4861.32
66	10	14722.5
66	11	9817.54
66	12	7678.61
66	13	6236.56
66	14	5955.94
66	15	8167.63
66	16	13037.3
66	17	30911.5
66	18	12578.2
66	19	10926.5
66	20	4640.3
66	21	7836.95
66	22	8713.65
66	23	5054.92
66	24	7688.48
66	25	5474.18
66	26	15771.4
66	27	5174.23
66	28	7084.82
66	29	15521
66	30	8475.18
66	31	6302.28
66	32	9607.26
66	33	7107.06
66	34	5746.57
66	35	6479.46
66	36	10848.9
66	37	6659.15
66	38	5384.42
66	39	5238.31
66	40	7829.98
66	41	8965.62
66	42	7363.04
66	43	8278.26
66	44	7862.32
66	45	5858.54
66	46	10771.6
66	47	6757.35
66	48	33040.1
66	49	9146.97
66	50	10091.3
66	51	8448.98
66	52	10945.6
66	53	5843.97
66	54	6181.63
66	55	11169.1
66	56	4098.61
66	57	15829
66	58	7598.13
66	59	9774.3
66	60	7361.35
66	61	7446.25
66	62	20011
66	63	13029.2
66	64	8958.14
66	65	6394.93
67	0	8701.48
67	1	3483.03
67	2	10637.4
67	3	4148.71
67	4	16328.4
67	5	13907.8
67	6	2690.75
67	7	6188.03
67	8	4941.31
67	9	3396.1
67	10	12883.8
67	11	7552.22
67	12	6206.33
67	13	4465.52
67	14	4193.76
67	15	7675.84
67	16	12400.9
67	17	25154
67	18	10161.5
67	19	9024.29
67	20	4717.68
67	21	6704.15
67	22	8334.25
67	23	5184.31
67	24	7017.44
67	25	3778.74
67	26	13589.2
67	27	5675.72
67	28	5079.32
67	29	12099.1
67	30	7221.03
67	31	5316.7
67	32	5089.03
67	33	6200.19
67	34	6271.01
67	35	4234.73
67	36	8858.69
67	37	6103.9
67	38	4571.43
67	39	3563.62
67	40	4847.28
67	41	8389.98
67	42	5995.07
67	43	8455.59
67	44	8103.59
67	45	3580.44
67	46	8242.9
67	47	4378.26
67	48	27856.7
67	49	7503.51
67	50	6135.47
67	51	7334
67	52	10671.4
67	53	5154.42
67	54	4765.85
67	55	9913.33
67	56	3721.18
67	57	14022.7
67	58	5265.14
67	59	7201.54
67	60	5264.52
67	61	5634.73
67	62	20242
67	63	9991.1
67	64	10162.8
67	65	4601.61
67	66	4162.92
68	0	8812.22
68	1	8410.75
68	2	8042.35
68	3	5701.28
68	4	15387.6
68	5	10890.7
68	6	5760.1
68	7	7233.18
68	8	7696.25
68	9	5204.22
68	10	11973.2
68	11	8839.2
68	12	7725.02
68	13	5618.34
68	14	8260.84
68	15	12893.1
68	16	10995.7
68	17	19945.7
68	18	6407.44
68	19	8240.6
68	20	6069.32
68	21	10878.4
68	22	12199.3
68	23	10861.5
68	24	9308.65
68	25	9072.71
68	26	10932.4
68	27	11385.2
68	28	6022.44
68	29	7040.55
68	30	10457.4
68	31	6323.09
68	32	7402.12
68	33	8897.15
68	34	13742.1
68	35	6416.45
68	36	9011.51
68	37	8041.9
68	38	8438.34
68	39	6117.18
68	40	7082.38
68	41	10535.6
68	42	6796.98
68	43	11384.6
68	44	13426.5
68	45	5422.4
68	46	7042.97
68	47	7194.84
68	48	22635.6
68	49	10935.7
68	50	7532.71
68	51	7768.19
68	52	12817.6
68	53	8240.94
68	54	8194.03
68	55	9874.85
68	56	7298.16
68	57	15265.3
68	58	7872.44
68	59	8458.02
68	60	6006.79
68	61	7136.52
68	62	16000.1
68	63	10854.1
68	64	15897.3
68	65	3970.37
68	66	9747.28
68	67	6442.46
69	0	10967.5
69	1	13347.1
69	2	4875.25
69	3	15169.8
69	4	11534.2
69	5	6096.2
69	6	13794.2
69	7	8909.15
69	8	16070.6
69	9	11035
69	10	9982.52
69	11	13318.9
69	12	13299.8
69	13	8865.01
69	14	13743
69	15	12125.7
69	16	4588.11
69	17	11444.9
69	18	7599.27
69	19	5790.82
69	20	13426.1
69	21	10046.9
69	22	12768
69	23	14046.6
69	24	11248.5
69	25	20459.2
69	26	4684.59
69	27	16703.7
69	28	7456.92
69	29	11501.5
69	30	12758
69	31	10006.8
69	32	18156.3
69	33	12755.7
69	34	21004.8
69	35	9565.89
69	36	7307.1
69	37	16872.5
69	38	11459
69	39	8796.82
69	40	14002.1
69	41	13066.7
69	42	12814.3
69	43	24943.9
69	44	24978.3
69	45	12057.5
69	46	6683.87
69	47	11232.2
69	48	10879
69	49	15712.2
69	50	13369.8
69	51	11772.5
69	52	9169.89
69	53	14441.8
69	54	14137.3
69	55	10675.4
69	56	15502.9
69	57	11566.3
69	58	13998.1
69	59	9370.7
69	60	9692.25
69	61	10073.7
69	62	10315
69	63	8422
69	64	26257.1
69	65	11978.7
69	66	17291.1
69	67	16100.6
69	68	11911.3
70	0	9814.56
70	1	4575.08
70	2	13492.8
70	3	6279.91
70	4	23265.4
70	5	11388.3
70	6	5033.03
70	7	8452.7
70	8	7050.37
70	9	4321.3
70	10	12409.8
70	11	10625.4
70	12	7815.4
70	13	5953.51
70	14	8440.5
70	15	9255.92
70	16	11683
70	17	31710.7
70	18	12683.5
70	19	11772.8
70	20	3670.07
70	21	9673.05
70	22	7339.69
70	23	6007.83
70	24	9474.7
70	25	6225.81
70	26	14209.7
70	27	4752.34
70	28	7511.07
70	29	13565.5
70	30	9980.38
70	31	5622.87
70	32	11316.6
70	33	5837.89
70	34	8007.62
70	35	7212.57
70	36	12601.7
70	37	5148.12
70	38	6133.52
70	39	6642.48
70	40	8111.82
70	41	8174.7
70	42	7630.47
70	43	6080.27
70	44	5455.93
70	45	6697.29
70	46	9508.52
70	47	8014.65
70	48	35725.1
70	49	7706.69
70	50	12881.6
70	51	7696.38
70	52	11418.3
70	53	5396.61
70	54	6683.25
70	55	11072.3
70	56	3271.63
70	57	15968.5
70	58	8539.74
70	59	10336.8
70	60	6712.37
70	61	8351.24
70	62	16377.7
70	63	15526.2
70	64	7197.81
70	65	5925.76
70	66	5103.65
70	67	5519
70	68	9118.57
70	69	17273.6
71	0	15485.5
71	1	18421.1
71	2	5018.37
71	3	22351.8
71	4	8429.01
71	5	13620.8
71	6	17843.7
71	7	12652.7
71	8	21493.2
71	9	17761.9
71	10	14241.3
71	11	18253.7
71	12	18946
71	13	12815.4
71	14	17698.3
71	15	18304.6
71	16	10648.3
71	17	4967.9
71	18	11239
71	19	6458.08
71	20	21660
71	21	16223
71	22	18718.4
71	23	22654.6
71	24	18234.2
71	25	23776.8
71	26	7894.49
71	27	21514.9
71	28	10175.6
71	29	15309.3
71	30	14734.1
71	31	15107.3
71	32	16182.4
71	33	18492.2
71	34	29220.4
71	35	12603.3
71	36	7869.47
71	37	24534.3
71	38	17076.9
71	39	12896.6
71	40	13624.1
71	41	20344.2
71	42	19100.3
71	43	37026.3
71	44	33785.5
71	45	14868.8
71	46	11961.3
71	47	13738
71	48	3732.53
71	49	20638.5
71	50	14861.6
71	51	17720
71	52	16285.5
71	53	20265.5
71	54	19681.5
71	55	17553.9
71	56	24324.3
71	57	10768.2
71	58	16437.5
71	59	12392.8
71	60	14190.5
71	61	12263.5
71	62	21363
71	63	8532.98
71	64	38784.8
71	65	18984.8
71	66	24008.8
71	67	20184.8
71	68	16609.6
71	69	8419.42
71	70	25834.1
72	0	15836.9
72	1	10692.6
72	2	23209.3
72	3	8909.41
72	4	29624
72	5	18071.3
72	6	8887.96
72	7	14880.1
72	8	11765.5
72	9	10849.6
72	10	20844.9
72	11	16777.8
72	12	12153
72	13	14274.6
72	14	13936.8
72	15	21024.8
72	16	19952.1
72	17	40031.3
72	18	19265.1
72	19	19586.2
72	20	8581.19
72	21	19914.9
72	22	19706.4
72	23	15336.6
72	24	16954.7
72	25	11555.5
72	26	25575.1
72	27	14957.9
72	28	13861
72	29	17174.9
72	30	18765.5
72	31	12097.9
72	32	15731.4
72	33	16371.5
72	34	15495.6
72	35	15219.5
72	36	20270.4
72	37	10506.4
72	38	14739
72	39	14021.7
72	40	13754.8
72	41	13862.7
72	42	12724.5
72	43	9992.61
72	44	11098.6
72	45	11481.2
72	46	15882.2
72	47	15256.3
72	48	44257.4
72	49	13602
72	50	21230.3
72	51	12537.7
72	52	22771.5
72	53	12618.1
72	54	13692.4
72	55	15933.7
72	56	9230.94
72	57	29114.2
72	58	15135.8
72	59	17308.6
72	60	11908
72	61	14451.1
72	62	20747.1
72	63	24740.3
72	64	10713.5
72	65	8730.8
72	66	11817.7
72	67	12209
72	68	14579.4
72	69	25882.6
72	70	10240.4
72	71	34071.1
73	0	7993.69
73	1	2937.25
73	2	10096
73	3	4685.44
73	4	17493.7
73	5	11570
73	6	2945.24
73	7	6850.32
73	8	5014.34
73	9	3300.41
73	10	12337
73	11	8422.29
73	12	6283.4
73	13	5127.49
73	14	5048.66
73	15	9399.13
73	16	9749.23
73	17	24132.4
73	18	12315.2
73	19	8454.53
73	20	4187.42
73	21	8682.66
73	22	11028.8
73	23	7231.51
73	24	7483.13
73	25	4517.97
73	26	12407.7
73	27	6742.32
73	28	4008.91
73	29	11718.6
73	30	7316.81
73	31	5795.25
73	32	4905.74
73	33	7574.73
73	34	6890.08
73	35	4501
73	36	7167.55
73	37	6883.12
73	38	4860.08
73	39	3718.93
73	40	6059.54
73	41	6323.94
73	42	6848.49
73	43	8649.75
73	44	7005.53
73	45	4035.94
73	46	8262.33
73	47	5431.94
73	48	26117.1
73	49	4648.24
73	50	9537.04
73	51	6010.51
73	52	11079
73	53	5479.99
73	54	5461.85
73	55	7516.49
73	56	3630.24
73	57	16781.8
73	58	7240.35
73	59	7098.02
73	60	5179.22
73	61	5725.98
73	62	14935
73	63	12028.1
73	64	8023.23
73	65	5144.88
73	66	5192.56
73	67	3506.45
73	68	7462.99
73	69	15310.5
73	70	6048.99
73	71	19439.8
73	72	10194.2
74	0	13743.8
74	1	6941.92
74	2	21084.4
74	3	7122.24
74	4	30937
74	5	16842.9
74	6	7161.88
74	7	12867.8
74	8	8505.79
74	9	6591.14
74	10	18134.9
74	11	13919
74	12	10918.3
74	13	10809.8
74	14	11536.1
74	15	14906.6
74	16	17294.8
74	17	42104.2
74	18	19071.1
74	19	18197.8
74	20	5083.1
74	21	15325.7
74	22	13601.5
74	23	9426.32
74	24	13396.8
74	25	7645.77
74	26	22660.8
74	27	8343.73
74	28	11887.2
74	29	17522.5
74	30	15476.4
74	31	9119.18
74	32	13708.8
74	33	11017.7
74	34	8636.93
74	35	11852.9
74	36	18470.2
74	37	6439.64
74	38	9792.36
74	39	10106.4
74	40	11953.6
74	41	10437.2
74	42	10210.9
74	43	4572.11
74	44	4061.68
74	45	9787.25
74	46	14375.1
74	47	11580.9
74	48	47053.7
74	49	9289.32
74	50	17995.8
74	51	10714.1
74	52	17168.8
74	53	7325.26
74	54	9178.01
74	55	12855.9
74	56	4373.06
74	57	25238.5
74	58	11904
74	59	14834.2
74	60	10796.4
74	61	12362.8
74	62	19562.5
74	63	23569
74	64	3956.32
74	65	7374.2
74	66	6615.66
74	67	7666.81
74	68	12994.2
74	69	24712.3
74	70	4014.93
74	71	35626.8
74	72	8336.31
74	73	6396.85
75	0	10676.8
75	1	8389.26
75	2	13749
75	3	4398.32
75	4	21051.5
75	5	12824.1
75	6	6023.43
75	7	9393.86
75	8	8435.7
75	9	6388.07
75	10	15030.7
75	11	10115.7
75	12	8496
75	13	9551.72
75	14	9838.72
75	15	16048.4
75	16	14551
75	17	27951.6
75	18	11410.7
75	19	12819
75	20	5696.24
75	21	14217.7
75	22	15475.9
75	23	12474.7
75	24	12434.5
75	25	9658.43
75	26	16650.9
75	27	13014.7
75	28	8530.71
75	29	9320.93
75	30	14281.3
75	31	7433.99
75	32	9375.58
75	33	13367.8
75	34	12926.6
75	35	10130.8
75	36	13012.3
75	37	8780.2
75	38	9962.89
75	39	7886.48
75	40	10116.2
75	41	9754.56
75	42	7825.44
75	43	8452.64
75	44	10309.8
75	45	6964.33
75	46	9092.99
75	47	8871.49
75	48	31245.1
75	49	10361.9
75	50	12556.2
75	51	8822.53
75	52	17030.8
75	53	8860.12
75	54	9147.73
75	55	7800.89
75	56	6918.73
75	57	23093.5
75	58	9799.73
75	59	10828.8
75	60	7877.44
75	61	8825.03
75	62	16189.3
75	63	16995.2
75	64	9237.52
75	65	3720.62
75	66	9384.3
75	67	7964.82
75	68	8023.09
75	69	15796.3
75	70	8725.57
75	71	24356.1
75	72	9835.37
75	73	6854.67
75	74	8222.3
76	0	9583.46
76	1	6067.37
76	2	10995.9
76	3	6456.51
76	4	19193.9
76	5	11508.2
76	6	6066.37
76	7	8018.01
76	8	8125.46
76	9	4668.85
76	10	12593.4
76	11	9626.49
76	12	8629.28
76	13	5791.78
76	14	7478.46
76	15	9212.59
76	16	10366.2
76	17	25128.9
76	18	10866.4
76	19	9893.19
76	20	5866.37
76	21	8432.93
76	22	9751.84
76	23	7636.23
76	24	8089.87
76	25	8355.65
76	26	12054.2
76	27	8737.7
76	28	6028.95
76	29	12277.9
76	30	10426
76	31	6605.9
76	32	9692.28
76	33	8151.18
76	34	8676.39
76	35	6562.72
76	36	10113.5
76	37	7808.58
76	38	5950.42
76	39	5324.07
76	40	8337.94
76	41	9028.11
76	42	8241.85
76	43	10490.7
76	44	10167.1
76	45	6489.41
76	46	8792.77
76	47	6778.92
76	48	27632.9
76	49	7976.62
76	50	10414.5
76	51	7915.57
76	52	10505.6
76	53	6905.5
76	54	7197.74
76	55	9985.93
76	56	5609.03
76	57	15783.1
76	58	8069.96
76	59	8572.78
76	60	6753.09
76	61	8111.46
76	62	15951.2
76	63	12186.2
76	64	11436.5
76	65	6392.95
76	66	7470.89
76	67	5345.53
76	68	7898.19
76	69	13982.3
76	70	6814.14
76	71	20854.9
76	72	14322.6
76	73	5857.54
76	74	9192.96
76	75	9106.3
77	0	9671.12
77	1	7368.3
77	2	6622.05
77	3	9080.65
77	4	11911.6
77	5	14549.6
77	6	6608.36
77	7	6776.26
77	8	8560.74
77	9	6896.83
77	10	13751.5
77	11	9565.78
77	12	9790.82
77	13	5984.2
77	14	6938.16
77	15	11201.6
77	16	11378.2
77	17	14844.3
77	18	8735.38
77	19	6475.07
77	20	9983.18
77	21	9430.83
77	22	11453.8
77	23	10985
77	24	10000.6
77	25	9422.54
77	26	10335.9
77	27	10727.5
77	28	4986.56
77	29	10367.2
77	30	8324.36
77	31	6729.54
77	32	4789.96
77	33	9870.71
77	34	13784.9
77	35	6338.16
77	36	5975.89
77	37	11475.6
77	38	7063.45
77	39	4751.92
77	40	6389
77	41	11489.9
77	42	9841.93
77	43	17997.9
77	44	16683.4
77	45	5344.69
77	46	7901.89
77	47	5139.91
77	48	15248.9
77	49	9858.01
77	50	7255.56
77	51	9555.83
77	52	13091.7
77	53	8540.32
77	54	7765.38
77	55	9546.33
77	56	10141.4
77	57	12931.4
77	58	6556.99
77	59	7266.55
77	60	7835.1
77	61	5603.72
77	62	21483.9
77	63	7300.38
77	64	20043.7
77	65	7887.32
77	66	10039.9
77	67	6390.02
77	68	8229.05
77	69	12904.9
77	70	12461.7
77	71	11411.8
77	72	18588
77	73	6878.99
77	74	16865.8
77	75	11213.6
77	76	9842.99
78	0	7462.34
78	1	3029.83
78	2	8650.01
78	3	5521.16
78	4	17214.6
78	5	10547.6
78	6	3352.6
78	7	5467.79
78	8	4220.87
78	9	2375.44
78	10	11513.6
78	11	7632.72
78	12	6501.38
78	13	3252.81
78	14	4513.09
78	15	6723.03
78	16	8766.65
78	17	22835.4
78	18	8836.11
78	19	6954.52
78	20	3995.02
78	21	6489.39
78	22	7512.34
78	23	5122.64
78	24	5619.82
78	25	4941.51
78	26	10533.9
78	27	4864.62
78	28	4004.07
78	29	10403.6
78	30	6444.73
78	31	4315.58
78	32	6106.65
78	33	5340.36
78	34	6302.42
78	35	3889.02
78	36	6659.94
78	37	5066.91
78	38	3578.9
78	39	2871.99
78	40	6151.69
78	41	7831.69
78	42	5979.52
78	43	8110.17
78	44	7171.59
78	45	3779.23
78	46	6894.87
78	47	4144.76
78	48	24929.5
78	49	5784.05
78	50	8117.52
78	51	5962.31
78	52	8689.35
78	53	3602.47
78	54	4331.01
78	55	7793.38
78	56	3391.41
78	57	13624.8
78	58	5022.54
78	59	6631.92
78	60	4882.76
78	61	4985.24
78	62	15865.6
78	63	9971.55
78	64	9745.88
78	65	5047.33
78	66	4482.08
78	67	3228.25
78	68	6407.21
78	69	12568.4
78	70	4667.06
78	71	17805.7
78	72	12833.8
78	73	3509.92
78	74	7459.02
78	75	8172.12
78	76	4779
78	77	6614.53
79	0	10836.2
79	1	7483.78
79	2	14218.1
79	3	8225.61
79	4	24995
79	5	10529.8
79	6	7068.89
79	7	8743.97
79	8	7571.71
79	9	6293.88
79	10	13510
79	11	12875.3
79	12	10153.8
79	13	8101.95
79	14	8362.06
79	15	13099.7
79	16	10185.5
79	17	30154
79	18	13691.6
79	19	12412.9
79	20	6088.83
79	21	12723.8
79	22	11964.2
79	23	9799.89
79	24	10762.8
79	25	8687.32
79	26	15154.4
79	27	9100.8
79	28	8513.08
79	29	12836.6
79	30	14269.4
79	31	6928.95
79	32	14168.5
79	33	9455.62
79	34	12721.6
79	35	10158.4
79	36	14055.4
79	37	7185.45
79	38	8630.52
79	39	8553.99
79	40	12609.5
79	41	9748.13
79	42	8858.34
79	43	8992.83
79	44	8974.22
79	45	8912.75
79	46	9371.59
79	47	10988.9
79	48	33705.6
79	49	9290.14
79	50	17250.4
79	51	8790.57
79	52	12976.6
79	53	5490.79
79	54	8433.69
79	55	10706.9
79	56	6143.99
79	57	19161.2
79	58	7784.26
79	59	12204.8
79	60	8273.78
79	61	8339.68
79	62	14159.3
79	63	17802
79	64	9855.38
79	65	6962.83
79	66	8821.96
79	67	9796.13
79	68	11143.7
79	69	14573.9
79	70	6069.14
79	71	24918.8
79	72	11120.7
79	73	8692.98
79	74	7340.49
79	75	9149.95
79	76	9757.87
79	77	14143.7
79	78	7226.9
80	0	6724.47
80	1	4192.44
80	2	5683.35
80	3	7447.27
80	4	11946
80	5	5658.9
80	6	4913.17
80	7	4716.51
80	8	7730.01
80	9	4533.96
80	10	8457.03
80	11	8412.65
80	12	6355.68
80	13	3772.4
80	14	6092.76
80	15	5625.27
80	16	3586.8
80	17	16263
80	18	7680.09
80	19	4529.1
80	20	5979.42
80	21	5239.67
80	22	6670.16
80	23	6109.67
80	24	5250
80	25	9111.47
80	26	5982.06
80	27	7526.53
80	28	2571.27
80	29	11088
80	30	6429.6
80	31	5192.17
80	32	10280
80	33	5942.44
80	34	10114.1
80	35	3678.53
80	36	4738.04
80	37	8816.88
80	38	4670.7
80	39	3922.55
80	40	6584.14
80	41	7010.76
80	42	6503.46
80	43	13458.3
80	44	12810.6
80	45	5399.86
80	46	5175.75
80	47	6056.39
80	48	17014.3
80	49	7194.97
80	50	9918.12
80	51	5562.99
80	52	5911.86
80	53	7852.73
80	54	7591.56
80	55	8359.97
80	56	6388.35
80	57	10131.7
80	58	8433.37
80	59	5622.51
80	60	3508.61
80	61	5425.35
80	62	9493.97
80	63	6717.72
80	64	14224.2
80	65	6695.5
80	66	7746.72
80	67	6774.65
80	68	7635.59
80	69	6705.83
80	70	7602.62
80	71	11906.6
80	72	14549.9
80	73	5932.83
80	74	12494.2
80	75	10238.7
80	76	6799.08
80	77	7992.02
80	78	5075.44
80	79	8606.02
81	0	9441.14
81	1	5174.28
81	2	10454.6
81	3	8889.85
81	4	14077.2
81	5	9465.98
81	6	5601.61
81	7	6687.08
81	8	8780.63
81	9	6462.48
81	10	12924.2
81	11	9933.23
81	12	7488.98
81	13	5184.6
81	14	5889.56
81	15	3969.02
81	16	7660.73
81	17	23547.7
81	18	8782.48
81	19	7933.79
81	20	7851.4
81	21	4506.11
81	22	5396.21
81	23	4177.72
81	24	5120.99
81	25	8966.39
81	26	9464.7
81	27	7350.57
81	28	4921.46
81	29	16654.7
81	30	7183.2
81	31	7114.42
81	32	13065.8
81	33	6199.81
81	34	8942.43
81	35	5898.56
81	36	8426.28
81	37	9725
81	38	5151.4
81	39	6017.33
81	40	8630.24
81	41	9813.16
81	42	7079.28
81	43	12913.3
81	44	13563.8
81	45	7017.24
81	46	8224.32
81	47	8104.93
81	48	24326.2
81	49	11277.2
81	50	10121.3
81	51	6649.82
81	52	6486.41
81	53	9149.87
81	54	8426.71
81	55	12985.5
81	56	6712.24
81	57	10835.6
81	58	8967.73
81	59	8120.78
81	60	5016.56
81	61	7419.23
81	62	15750.3
81	63	7728.45
81	64	15356.5
81	65	8650.42
81	66	7421.27
81	67	6793.86
81	68	10299.9
81	69	11428.6
81	70	7529.57
81	71	17445.1
81	72	16562.5
81	73	8765.7
81	74	12957.9
81	75	13009.1
81	76	7723.24
81	77	10693.5
81	78	5895.52
81	79	10659.8
81	80	4735.09
82	0	10102
82	1	6938.06
82	2	11804.7
82	3	5708.12
82	4	18149.8
82	5	13252.9
82	6	5163.62
82	7	8506.41
82	8	7747.05
82	9	5571.54
82	10	13425.4
82	11	9108.82
82	12	7979.14
82	13	6663.53
82	14	9123.87
82	15	12477.3
82	16	14119.5
82	17	26127.7
82	18	11030.8
82	19	10497.1
82	20	6270.42
82	21	11190.5
82	22	12351.3
82	23	9674.22
82	24	10785.5
82	25	7793.64
82	26	14438.7
82	27	9545.95
82	28	7367.63
82	29	10129.4
82	30	10310.5
82	31	7052.11
82	32	7549.3
82	33	9348.39
82	34	11589.7
82	35	7277.6
82	36	10793.8
82	37	7622.83
82	38	8792
82	39	6905.03
82	40	7423.4
82	41	10212.7
82	42	7166.62
82	43	9716.41
82	44	10821.1
82	45	5783.71
82	46	7771.14
82	47	6745.29
82	48	28749.5
82	49	9810.67
82	50	8773.38
82	51	8880.46
82	52	14441.5
82	53	8612.79
82	54	8095.11
82	55	10123
82	56	6206.65
82	57	16737.8
82	58	9196.19
82	59	8884.1
82	60	7045.46
82	61	8197.64
82	62	18839.5
82	63	12703.3
82	64	12594.1
82	65	5306.61
82	66	8243.52
82	67	5103.26
82	68	7480.65
82	69	16050.5
82	70	7716.59
82	71	21194.2
82	72	12613.6
82	73	6358.33
82	74	9896.42
82	75	7895.93
82	76	9065.78
82	77	9239.95
82	78	6619.7
82	79	11792.1
82	80	8816.51
82	81	10519.8
83	0	8622.77
83	1	6196.24
83	2	6450.81
83	3	8545.55
83	4	10555.4
83	5	9810.48
83	6	5948.1
83	7	5469.38
83	8	9453.85
83	9	6675.87
83	10	10297.6
83	11	9279.63
83	12	8195.31
83	13	4936.56
83	14	6170.97
83	15	6984.21
83	16	8030.66
83	17	15651.9
83	18	6713.33
83	19	5632.6
83	20	9113.27
83	21	5247.4
83	22	7452.86
83	23	7055.55
83	24	7519.48
83	25	9575.22
83	26	7616.55
83	27	9172.66
83	28	4502.73
83	29	11311.1
83	30	7669.41
83	31	5884.32
83	32	9467.73
83	33	7538.38
83	34	13067
83	35	5239.54
83	36	6915.81
83	37	10156.8
83	38	6025.26
83	39	5158.77
83	40	6487.72
83	41	9813.44
83	42	7788.01
83	43	16460.3
83	44	17014.4
83	45	6099.86
83	46	5546.24
83	47	6035.4
83	48	16699.2
83	49	11305
83	50	7034.87
83	51	8291.34
83	52	8779.86
83	53	8660.69
83	54	7594.75
83	55	11181.1
83	56	8809.55
83	57	9243.07
83	58	6454.54
83	59	6597.43
83	60	5236.55
83	61	5479.06
83	62	17370.1
83	63	5151.92
83	64	19431.8
83	65	7354.03
83	66	9302.02
83	67	6350.36
83	68	8066.75
83	69	8617.61
83	70	9771.27
83	71	11431.8
83	72	18493.6
83	73	9038.75
83	74	16030.4
83	75	11958.6
83	76	8178.75
83	77	6819.2
83	78	6805.38
83	79	11389.2
83	80	5208.53
83	81	5720.82
83	82	9236.34
84	0	7116.56
84	1	5358.55
84	2	6547.36
84	3	5642.53
84	4	13288.6
84	5	9052.77
84	6	4134.33
84	7	5760.35
84	8	6662.28
84	9	3919.95
84	10	10021.5
84	11	7829.77
84	12	6090.65
84	13	4041.87
84	14	5309.89
84	15	8767.12
84	16	7750.59
84	17	18792.8
84	18	6007.98
84	19	6189.88
84	20	4936.41
84	21	7228.61
84	22	8542.99
84	23	7342.21
84	24	6926.28
84	25	7108.28
84	26	7749.93
84	27	7896.64
84	28	3737.56
84	29	8890.09
84	30	6946.91
84	31	4923.22
84	32	6703.02
84	33	6048.55
84	34	10158.7
84	35	4666.95
84	36	6384.3
84	37	7541.29
84	38	5855.41
84	39	4278.99
84	40	6329.57
84	41	7069.91
84	42	5692.54
84	43	11036.9
84	44	12335.7
84	45	4060.55
84	46	5580.8
84	47	5336.11
84	48	20411.7
84	49	8706.18
84	50	6704.19
84	51	5754.32
84	52	8663.77
84	53	6161.27
84	54	5826.93
84	55	7362.52
84	56	5669.8
84	57	11542.7
84	58	6196.7
84	59	6024.45
84	60	4752.04
84	61	4661.79
84	62	14046.5
84	63	8032.21
84	64	13341.1
84	65	4633.01
84	66	7202.94
84	67	5334.09
84	68	5573.88
84	69	9191.69
84	70	6932.33
84	71	14237.4
84	72	13789.1
84	73	5457.72
84	74	10998.6
84	75	8060.95
84	76	7135.85
84	77	7037.46
84	78	4829.61
84	79	8828.82
84	80	5305.12
84	81	6995.56
84	82	6935.47
84	83	6013.96
85	0	11374.8
85	1	5831.09
85	2	17273.1
85	3	4983.74
85	4	25626.3
85	5	15409.8
85	6	4749.8
85	7	10829.2
85	8	5786.92
85	9	4745.22
85	10	16479.8
85	11	10314.3
85	12	8292.92
85	13	7969.84
85	14	8266.31
85	15	12242.5
85	16	15887.3
85	17	36834.4
85	18	13624.8
85	19	14711
85	20	4319.99
85	21	11709.2
85	22	12462.1
85	23	7429.58
85	24	9830.69
85	25	5390.1
85	26	19059
85	27	7751.29
85	28	9411.65
85	29	14546.7
85	30	11439.7
85	31	7380
85	32	10150
85	33	9034.72
85	34	7333.81
85	35	8484.31
85	36	14655.8
85	37	4938.1
85	38	7725.18
85	39	7842.06
85	40	9302.38
85	41	10051.5
85	42	7823.16
85	43	4178.08
85	44	5778.41
85	45	6819.88
85	46	11606.9
85	47	8976.92
85	48	40563.2
85	49	9730.94
85	50	12721.1
85	51	8099.86
85	52	14414.8
85	53	6549.51
85	54	7121.04
85	55	11618
85	56	3399.35
85	57	21379.6
85	58	9332.08
85	59	12035.6
85	60	7805.98
85	61	9550.42
85	62	19192.2
85	63	18382.3
85	64	6379.59
85	65	5384.22
85	66	5823.77
85	67	5140.73
85	68	9113.35
85	69	21508.7
85	70	4561.78
85	71	30117.8
85	72	9062.78
85	73	5574.45
85	74	4417.45
85	75	7665.37
85	76	7706.14
85	77	13152.1
85	78	5392.12
85	79	8188.93
85	80	10183.6
85	81	9907.87
85	82	7588.05
85	83	12478.5
85	84	7984.47
86	0	7926.87
86	1	4279.37
86	2	10450.1
86	3	4049.68
86	4	16217.1
86	5	9640.61
86	6	3421.7
86	7	5253.41
86	8	5513.98
86	9	3593.66
86	10	11030
86	11	7423.11
86	12	6145.12
86	13	4243.3
86	14	5771.38
86	15	7900.7
86	16	10275.1
86	17	24811.2
86	18	7001.04
86	19	7946.03
86	20	4287.59
86	21	6655.67
86	22	7797.99
86	23	5176.42
86	24	6036.8
86	25	6592.21
86	26	11831
86	27	7059.99
86	28	5137.92
86	29	8935.58
86	30	8625.6
86	31	3866.19
86	32	8567.59
86	33	6581.54
86	34	8977.98
86	35	5456.76
86	36	9021.11
86	37	4360.23
86	38	5363.89
86	39	4596.66
86	40	6563.12
86	41	8745.15
86	42	5323.01
86	43	7300.54
86	44	9861.21
86	45	4438.64
86	46	5252.83
86	47	5136.33
86	48	26901.7
86	49	9345.45
86	50	8493.43
86	51	5996.06
86	52	10127.6
86	53	5977.39
86	54	5152.2
86	55	8679.86
86	56	4174.78
86	57	13968.6
86	58	5676.76
86	59	7388.41
86	60	4665.99
86	61	5897.46
86	62	15776
86	63	9169.01
86	64	11206.8
86	65	3349.55
86	66	5623.14
86	67	4270.74
86	68	5898.87
86	69	11623.5
86	70	5300.19
86	71	19202.6
86	72	10621.6
86	73	6321.28
86	74	8267.93
86	75	6747.43
86	76	6021.3
86	77	8303.38
86	78	4431.21
86	79	7022.17
86	80	5691.92
86	81	5751.18
86	82	5927.65
86	83	5277.95
86	84	4969.77
86	85	5862.44
87	0	5980.06
87	1	3892.93
87	2	5215.71
87	3	5521.12
87	4	13084
87	5	5452.59
87	6	3933.55
87	7	3929.61
87	8	5959.37
87	9	3210.28
87	10	7956.47
87	11	7227.48
87	12	6194.02
87	13	2844.21
87	14	5735.84
87	15	7128.5
87	16	4657.71
87	17	16840
87	18	6046.07
87	19	4440.77
87	20	4045.75
87	21	6596.04
87	22	7145.88
87	23	6329.92
87	24	5964.37
87	25	7285.1
87	26	6455.06
87	27	6355.17
87	28	2600.27
87	29	7227.44
87	30	7594.63
87	31	3133.83
87	32	8126.14
87	33	5375.45
87	34	10365.7
87	35	3599.55
87	36	5558.77
87	37	5568.29
87	38	4558.95
87	39	3073.28
87	40	5870.72
87	41	7214.72
87	42	5059.36
87	43	10487.6
87	44	10307.4
87	45	4152.12
87	46	3817.03
87	47	4777.82
87	48	18661
87	49	6604.1
87	50	8994.77
87	51	4704.76
87	52	7864.68
87	53	4964.5
87	54	5732.61
87	55	6991.24
87	56	4896.83
87	57	10551.4
87	58	5615.42
87	59	5427.12
87	60	3533.24
87	61	4131.54
87	62	10085.8
87	63	7844.51
87	64	12454.9
87	65	4242.29
87	66	6716.24
87	67	5393.95
87	68	5595.88
87	69	7274.99
87	70	5695.35
87	71	12410.8
87	72	12424
87	73	5072.53
87	74	9774.69
87	75	7658.6
87	76	6033.93
87	77	6900.67
87	78	3877.77
87	79	5756.15
87	80	3096.59
87	81	5419.82
87	82	7302.6
87	83	4622.25
87	84	3992.58
87	85	7911.36
87	86	3787.16
88	0	9440.22
88	1	8828.42
88	2	5174.86
88	3	10047.5
88	4	9476.48
88	5	9795.11
88	6	7466.78
88	7	7285.12
88	8	11535.5
88	9	8081.5
88	10	10262.3
88	11	10379.6
88	12	9008.84
88	13	6656.35
88	14	8896.01
88	15	11079.8
88	16	8158.61
88	17	12863.2
88	18	7845.76
88	19	5762.41
88	20	10402.9
88	21	9826.25
88	22	9761.3
88	23	11848.9
88	24	10292.4
88	25	11991.1
88	26	7150.43
88	27	11787.7
88	28	5170.9
88	29	11654.5
88	30	8378.39
88	31	8287.65
88	32	9441.69
88	33	9627.59
88	34	16898.5
88	35	6463.97
88	36	6452.01
88	37	14143.8
88	38	8972.89
88	39	6652.67
88	40	6547.22
88	41	10765.6
88	42	9916.94
88	43	19908.4
88	44	18750.3
88	45	7059.7
88	46	7635.72
88	47	8498.1
88	48	14306.8
88	49	12155.3
88	50	9656.91
88	51	8828.06
88	52	11139
88	53	11014.1
88	54	10400.1
88	55	11781.8
88	56	11525.7
88	57	10560.4
88	58	9503.04
88	59	7599.53
88	60	6517.92
88	61	6713.59
88	62	15832.9
88	63	7758.64
88	64	21263.3
88	65	8821.87
88	66	12162
88	67	9292.31
88	68	8673.65
88	69	9316.06
88	70	12141.6
88	71	9488.19
88	72	19561
88	73	9534.17
88	74	18676.9
88	75	12847.7
88	76	11073.4
88	77	7205.84
88	78	8766.27
88	79	14458.3
88	80	6500.55
88	81	9104.43
88	82	11299.8
88	83	6962.2
88	84	6764.3
88	85	14683.1
88	86	9349.53
88	87	6432.8
89	0	13655.1
89	1	11649.8
89	2	16303.6
89	3	8604.47
89	4	27344
89	5	16369.1
89	6	9206.51
89	7	12597.7
89	8	11031.3
89	9	8893.18
89	10	18455
89	11	13626.4
89	12	12474.4
89	13	11810.6
89	14	13884.1
89	15	20722.1
89	16	17675.9
89	17	31025.3
89	18	14975.5
89	19	15597.6
89	20	8045.23
89	21	18247.9
89	22	18083.8
89	23	16474.9
89	24	15723
89	25	11833
89	26	19070
89	27	15692.6
89	28	11628
89	29	10167.5
89	30	18464.5
89	31	10305.2
89	32	11339
89	33	15300.2
89	34	17702.3
89	35	13059.6
89	36	16926.1
89	37	9657.85
89	38	14246.5
89	39	11277.1
89	40	13055.4
89	41	13709.9
89	42	9732.64
89	43	9910.58
89	44	12989.4
89	45	9867.66
89	46	12445.7
89	47	12296.5
89	48	35211.2
89	49	12916.6
89	50	16293.9
89	51	11606.1
89	52	23523
89	53	11566
89	54	12516.8
89	55	11670.8
89	56	9499.64
89	57	28371.1
89	58	12700.3
89	59	13930.1
89	60	11295.4
89	61	12066.6
89	62	18502.8
89	63	21148.8
89	64	12884.6
89	65	6933.03
89	66	12883.8
89	67	11050.9
89	68	9898.6
89	69	19761.2
89	70	10964.5
89	71	28214.2
89	72	14175.5
89	73	9910.69
89	74	10617.5
89	75	7802.05
89	76	12506.4
89	77	14551.4
89	78	10346.5
89	79	11734.9
89	80	13643.6
89	81	16786
89	82	10556.2
89	83	15293.1
89	84	10651
89	85	10068.8
89	86	9915.76
89	87	10267.9
89	88	16540.1
90	0	10433.2
90	1	8219.24
90	2	9997.54
90	3	8752.89
90	4	16893.6
90	5	11164.7
90	6	7323.6
90	7	8209.85
90	8	10089
90	9	7861.14
90	10	12709.6
90	11	11769.3
90	12	9249.26
90	13	7517.23
90	14	9052.46
90	15	11767.6
90	16	10239.3
90	17	20907.2
90	18	10979.3
90	19	8571.02
90	20	8731.3
90	21	11019.2
90	22	11612.1
90	23	11017.2
90	24	10409.3
90	25	10980.4
90	26	11383.7
90	27	11227.4
90	28	7024.8
90	29	12523.2
90	30	10404.7
90	31	7920.53
90	32	10825.6
90	33	10806.4
90	34	13884.2
90	35	7759.18
90	36	9161.56
90	37	11101.4
90	38	9544.94
90	39	7469.07
90	40	9313.93
90	41	10342
90	42	9285.36
90	43	15286.3
90	44	15067.6
90	45	7631.64
90	46	8639.96
90	47	9109.31
90	48	22536.5
90	49	10931.2
90	50	11802
90	51	9625.9
90	52	12609.2
90	53	10045.6
90	54	9207.87
90	55	11825.4
90	56	9608.75
90	57	15646.5
90	58	10343.1
90	59	8598.6
90	60	7784.99
90	61	7919.48
90	62	16442.6
90	63	11774.7
90	64	16354.6
90	65	8296.44
90	66	10623.8
90	67	8967.59
90	68	10179.8
90	69	12616.6
90	70	10592
90	71	16783.3
90	72	16707.3
90	73	8875.24
90	74	14527.4
90	75	11472.6
90	76	10354.7
90	77	10321.2
90	78	8352.99
90	79	12327.2
90	80	7952.66
90	81	10156.2
90	82	10700
90	83	9253.24
90	84	8336.65
90	85	12475.4
90	86	8302.79
90	87	7027.45
90	88	9430.54
90	89	15294.3
91	0	10299.7
91	1	7135.89
91	2	14462.1
91	3	4747.1
91	4	24529.9
91	5	13282.9
91	6	5149.31
91	7	9557.12
91	8	7091.85
91	9	4975.42
91	10	15951.3
91	11	10424.1
91	12	8860.95
91	13	7780.02
91	14	8991.79
91	15	14440.2
91	16	13519.7
91	17	29121.8
91	18	12496.9
91	19	12398.3
91	20	4679.85
91	21	13556.6
91	22	14380.6
91	23	11070.3
91	24	10624.8
91	25	7792.82
91	26	16075.6
91	27	11708.5
91	28	7378.44
91	29	10314.8
91	30	13303.3
91	31	7791.07
91	32	8932.45
91	33	11254.2
91	34	11593
91	35	8881.62
91	36	12445.4
91	37	6504.04
91	38	8993.53
91	39	7901.64
91	40	10386.9
91	41	9462.28
91	42	6526.83
91	43	6888.71
91	44	7903.99
91	45	6690.34
91	46	9337.06
91	47	8742.86
91	48	33339.5
91	49	8931.38
91	50	12629.5
91	51	8106.58
91	52	15168.2
91	53	7801.68
91	54	9461.4
91	55	9701.72
91	56	4999.18
91	57	22353.1
91	58	9278.58
91	59	10521.9
91	60	6361.21
91	61	9085.39
91	62	15629.6
91	63	17288.5
91	64	7965.87
91	65	5010.58
91	66	8235.57
91	67	6802.87
91	68	7268.11
91	69	17104.6
91	70	6802.35
91	71	26037.9
91	72	10731.3
91	73	5796.59
91	74	6891.16
91	75	5786.09
91	76	7835.42
91	77	11869.4
91	78	6138.15
91	79	8027.29
91	80	9555.05
91	81	11753.5
91	82	7617.31
91	83	12562.7
91	84	7457.45
91	85	6121.95
91	86	6639.41
91	87	7067.25
91	88	13828.3
91	89	7570.48
91	90	11622.9
92	0	7496.08
92	1	5314.88
92	2	6212.88
92	3	6805.74
92	4	12279.9
92	5	9299.8
92	6	4441.4
92	7	4873.62
92	8	6716.89
92	9	4724
92	10	9930.97
92	11	8213.11
92	12	6967.09
92	13	4200.26
92	14	5401.21
92	15	8088.3
92	16	7815.07
92	17	16969.5
92	18	7473.96
92	19	5432.62
92	20	6672.05
92	21	6602.33
92	22	8725.96
92	23	7436.73
92	24	6525.88
92	25	7714.65
92	26	8556.21
92	27	7764.54
92	28	3393.53
92	29	9617.04
92	30	7116.27
92	31	5484.69
92	32	6841.46
92	33	7129.85
92	34	10671.9
92	35	4184.91
92	36	5761.49
92	37	8804.52
92	38	5314.68
92	39	3740.28
92	40	5801.47
92	41	8391.22
92	42	6973.54
92	43	13577.6
92	44	13010.3
92	45	4295.69
92	46	6116.61
92	47	4850.36
92	48	18026.3
92	49	8236.2
92	50	7623.08
92	51	6903.69
92	52	9356.98
92	53	6917.05
92	54	6599.59
92	55	8120.15
92	56	6794.14
92	57	11890.1
92	58	6407.03
92	59	5997.34
92	60	4957.9
92	61	4944.73
92	62	15177.4
92	63	6775.95
92	64	15000.2
92	65	5712.38
92	66	7202.36
92	67	5127.22
92	68	6970.7
92	69	9486.63
92	70	8738.08
92	71	12684.7
92	72	14844
92	73	5668.27
92	74	12547.8
92	75	9055.62
92	76	7146.73
92	77	5863.39
92	78	4804.64
92	79	10054.3
92	80	4633.98
92	81	6685.96
92	82	7789.37
92	83	5692.45
92	84	5189.82
92	85	9608.52
92	86	5507.31
92	87	4396.88
92	88	6968.93
92	89	12478.6
92	90	8239.56
92	91	8983.56
93	0	7353.89
93	1	5286.31
93	2	7024.32
93	3	5536.85
93	4	14804.2
93	5	8779.03
93	6	4128.82
93	7	5886.3
93	8	5845.28
93	9	3632.42
93	10	10744.3
93	11	6816.54
93	12	6558.51
93	13	4405.63
93	14	7253.2
93	15	10411.7
93	16	9151.64
93	17	19270.7
93	18	7222.34
93	19	6193.28
93	20	4753.69
93	21	9477.51
93	22	10400.2
93	23	8938
93	24	7911.33
93	25	7348.01
93	26	9827.43
93	27	8155.24
93	28	4278.1
93	29	7177.15
93	30	7525.69
93	31	4581.7
93	32	5273.1
93	33	8324.51
93	34	10259.1
93	35	4693.1
93	36	5694.55
93	37	6550.13
93	38	6095.07
93	39	4075.34
93	40	6321.68
93	41	8754.75
93	42	5845.81
93	43	9938.16
93	44	9992.69
93	45	3955.9
93	46	5627.16
93	47	4638.3
93	48	20822.1
93	49	7586.77
93	50	8024.62
93	51	5897.21
93	52	11532.1
93	53	6521.25
93	54	6459.06
93	55	6887.6
93	56	5511.66
93	57	14429.1
93	58	7066.26
93	59	6088.28
93	60	5117.61
93	61	5620.06
93	62	13831.2
93	63	10271.2
93	64	12107.7
93	65	4293.62
93	66	7539.81
93	67	5442.64
93	68	5575.15
93	69	11199.9
93	70	7329.81
93	71	14785
93	72	12559.3
93	73	4551.74
93	74	10357
93	75	7045.34
93	76	7063.48
93	77	6669.11
93	78	4157.48
93	79	9852.14
93	80	5805.22
93	81	8291.12
93	82	6005.43
93	83	7937.64
93	84	5058.44
93	85	7487.99
93	86	5397.32
93	87	4491.78
93	88	8074.92
93	89	9584.68
93	90	8235.77
93	91	6472.41
93	92	5328.59
94	0	8060.85
94	1	5531.3
94	2	8123.94
94	3	8534.49
94	4	14909.5
94	5	5145.7
94	6	6622.22
94	7	6386.84
94	8	9634.05
94	9	6174.08
94	10	10511
94	11	10642.3
94	12	7379.94
94	13	5167.72
94	14	7812.29
94	15	6272.43
94	16	3596.79
94	17	20255.9
94	18	9075.33
94	19	6825.33
94	20	6215.7
94	21	5870.71
94	22	8225.63
94	23	6421.8
94	24	6271.98
94	25	11019.9
94	26	7220.71
94	27	9044.19
94	28	4104.42
94	29	12805.2
94	30	8430.82
94	31	6404.33
94	32	14364.1
94	33	6804.31
94	34	11302.1
94	35	5911.79
94	36	7316.06
94	37	9788.94
94	38	5929.5
94	39	6145.44
94	40	10626.2
94	41	7566.61
94	42	7163.83
94	43	13170
94	44	13086.5
94	45	7741.33
94	46	6098.41
94	47	8895.45
94	48	21058.3
94	49	8656.76
94	50	12775.1
94	51	6361.47
94	52	5356.48
94	53	9728.76
94	54	9327.19
94	55	9458.63
94	56	6705.94
94	57	11938.2
94	58	10801.1
94	59	7745.95
94	60	4420.24
94	61	7611.8
94	62	8263.95
94	63	9022.06
94	64	14184.8
94	65	7726.04
94	66	9238.04
94	67	9178.55
94	68	9066.11
94	69	7214.28
94	70	7636.67
94	71	15411.9
94	72	15388.1
94	73	7887.31
94	74	12323
94	75	10757.4
94	76	8646.98
94	77	11356.3
94	78	6635.19
94	79	7521.68
94	80	3473.82
94	81	5503.61
94	82	10591.3
94	83	7014.16
94	84	6551.81
94	85	10955.7
94	86	6720.93
94	87	3803.93
94	88	8814.75
94	89	14620.2
94	90	9551.46
94	91	9637.41
94	92	6929.5
94	93	7913.19
95	0	9326.71
95	1	5340.22
95	2	8977.92
95	3	8584.39
95	4	14485.7
95	5	10398.3
95	6	7237.74
95	7	7158.78
95	8	9196.11
95	9	5892.73
95	10	12712.1
95	11	10380.3
95	12	8864.67
95	13	5665.1
95	14	7481.72
95	15	6436.45
95	16	8040.68
95	17	22469
95	18	9859.04
95	19	7965.88
95	20	7554.94
95	21	5797.73
95	22	7838.08
95	23	5886.18
95	24	6820.65
95	25	10201.1
95	26	10119.1
95	27	8744.45
95	28	5669.37
95	29	14024.1
95	30	8871.97
95	31	5384.18
95	32	11223.2
95	33	7748.62
95	34	9555.85
95	35	6074.09
95	36	7755.2
95	37	9134.23
95	38	4688.15
95	39	4466.73
95	40	8761.8
95	41	8622.48
95	42	8949.04
95	43	13680.9
95	44	13930.2
95	45	7483.76
95	46	7778.02
95	47	6279.74
95	48	22411.4
95	49	9384.1
95	50	9617.61
95	51	8438.55
95	52	8337.64
95	53	8199.49
95	54	7320.59
95	55	8756.73
95	56	7036.14
95	57	12267.1
95	58	8807.75
95	59	8303.4
95	60	7399.46
95	61	7395.67
95	62	16700.2
95	63	8336.39
95	64	14807.1
95	65	7913.71
95	66	7440.29
95	67	6840.51
95	68	9659.98
95	69	10616.2
95	70	9245.53
95	71	16472.9
95	72	16331.9
95	73	6762.14
95	74	12080.7
95	75	10981.8
95	76	8262.63
95	77	8293.61
95	78	6322.07
95	79	10584.8
95	80	5835.19
95	81	7286.12
95	82	10131
95	83	7084.26
95	84	6898.07
95	85	11019.1
95	86	6513.81
95	87	5600.62
95	88	10512.7
95	89	14526.2
95	90	10429.7
95	91	11155.9
95	92	6543.81
95	93	8149.01
95	94	6921.78
96	0	7431.92
96	1	4444.91
96	2	6810.54
96	3	5377.13
96	4	12818.5
96	5	10193
96	6	3342.62
96	7	5281.9
96	8	5548.12
96	9	4010.43
96	10	10335.8
96	11	7615.1
96	12	6079.59
96	13	3868.93
96	14	4021.59
96	15	7990.98
96	16	8974.85
96	17	18911
96	18	7310.46
96	19	6013.1
96	20	5751.39
96	21	6365.81
96	22	8652.31
96	23	6459.49
96	24	6185.98
96	25	5180.57
96	26	9220.28
96	27	6650.25
96	28	3596.29
96	29	9936.63
96	30	5939.15
96	31	4741.49
96	32	5297.04
96	33	6090.08
96	34	9279.48
96	35	4077.39
96	36	5870.47
96	37	7863.81
96	38	4887.13
96	39	3521.16
96	40	5051.92
96	41	7710.77
96	42	5965.98
96	43	11647.6
96	44	11452.8
96	45	3660.74
96	46	6564.25
96	47	4704.78
96	48	20582.5
96	49	8164.01
96	50	5871.92
96	51	6231.32
96	52	8824.81
96	53	5562.24
96	54	5305.15
96	55	8779.75
96	56	5400.46
96	57	10924.2
96	58	5083.58
96	59	6061.79
96	60	4484.22
96	61	4185.08
96	62	16933.4
96	63	7228.17
96	64	13637.4
96	65	4911.76
96	66	6302.73
96	67	3719.54
96	68	5577.02
96	69	11345.9
96	70	7073.24
96	71	14115.1
96	72	13876.5
96	73	4589.13
96	74	10903.9
96	75	8487.47
96	76	6347.26
96	77	5634.37
96	78	4122.38
96	79	9180.29
96	80	5254.23
96	81	6387.42
96	82	6500.11
96	83	5107.38
96	84	4376.65
96	85	7798.48
96	86	4830.88
96	87	4111.52
96	88	6800.58
96	89	11540
96	90	8040.57
96	91	7951.36
96	92	4373.97
96	93	4955.15
96	94	7219.49
96	95	6868.07
97	0	7488.6
97	1	5654.05
97	2	8758.25
97	3	4115.95
97	4	13838.7
97	5	8532.77
97	6	2938.85
97	7	5933.38
97	8	6941.35
97	9	4702.62
97	10	9721.78
97	11	8249.56
97	12	5235.99
97	13	4969.06
97	14	6197.7
97	15	10067.4
97	16	8776.87
97	17	21428.3
97	18	7440.33
97	19	7754.96
97	20	4150.99
97	21	8894.25
97	22	9065.99
97	23	7896.55
97	24	8411.7
97	25	6284.98
97	26	10297
97	27	8001.42
97	28	4642.23
97	29	9687.02
97	30	8359.8
97	31	5197.7
97	32	8510.16
97	33	7501.64
97	34	11024.8
97	35	5440.21
97	36	9239.17
97	37	7103.91
97	38	7463.37
97	39	5679.15
97	40	5374.19
97	41	6930.41
97	42	4958.25
97	43	9337.12
97	44	10320.9
97	45	4334.16
97	46	6068.18
97	47	7235.57
97	48	24846.7
97	49	9591.98
97	50	8471.56
97	51	5267.81
97	52	9781.79
97	53	7026.48
97	54	6985.24
97	55	9218.02
97	56	5085.55
97	57	12933.6
97	58	7003.99
97	59	6938.26
97	60	3844.07
97	61	5438.78
97	62	13394.5
97	63	10627.2
97	64	11437.8
97	65	3534.83
97	66	6905.82
97	67	5317.04
97	68	5867.81
97	69	11658.9
97	70	5622.17
97	71	16908.6
97	72	10537.9
97	73	5777.87
97	74	8809.67
97	75	6959.69
97	76	7366.94
97	77	9136.01
97	78	5855.74
97	79	7364.67
97	80	5649.2
97	81	6718.79
97	82	6483.31
97	83	5993.95
97	84	4190.5
97	85	6607.12
97	86	4360.85
97	87	4025.46
97	88	7379.73
97	89	10287.4
97	90	8059.42
97	91	7588.21
97	92	6109.33
97	93	5864.75
97	94	6417.39
97	95	8466.69
97	96	4778.1
98	0	7718.12
98	1	7820.39
98	2	4175.59
98	3	8321.39
98	4	8236.25
98	5	7870.58
98	6	6045.63
98	7	5827.22
98	8	9287.76
98	9	6876.3
98	10	9710.54
98	11	8576.95
98	12	7650.49
98	13	5027.61
98	14	6718.29
98	15	10084.2
98	16	6639.3
98	17	11989.1
98	18	5081.36
98	19	3776.21
98	20	8837.66
98	21	7842.19
98	22	11184.6
98	23	10466.2
98	24	6838.92
98	25	10510.1
98	26	6025.03
98	27	11296.4
98	28	3336.75
98	29	9054.6
98	30	7438.03
98	31	7093.12
98	32	7739.26
98	33	8622.13
98	34	14528.4
98	35	4772.81
98	36	4141.66
98	37	11953.4
98	38	8147.97
98	39	5386.04
98	40	6816.08
98	41	9801.59
98	42	7378.91
98	43	17901.3
98	44	18534.8
98	45	5256.49
98	46	5707.34
98	47	6428.62
98	48	11671
98	49	11317.5
98	50	6928.65
98	51	7020.56
98	52	9144.68
98	53	10239.1
98	54	8732.4
98	55	9555.5
98	56	10082.4
98	57	9647.05
98	58	7993.91
98	59	5906.81
98	60	5030.18
98	61	5143.16
98	62	14080.7
98	63	5137.18
98	64	21128.5
98	65	7298.29
98	66	11103.7
98	67	8144.28
98	68	6514.86
98	69	6864.84
98	70	12630.4
98	71	7597.61
98	72	18306.6
98	73	8179.85
98	74	18640.4
98	75	11416.9
98	76	9562.29
98	77	6465.15
98	78	7311.25
98	79	13385.4
98	80	4919.48
98	81	7441.95
98	82	9521.99
98	83	5554.48
98	84	5069.64
98	85	13493.4
98	86	7198.94
98	87	4856.99
98	88	5439.98
98	89	14880.4
98	90	8918.44
98	91	11558.8
98	92	5182.73
98	93	5980.34
98	94	7183.48
98	95	8432.91
98	96	5164.91
98	97	6303.72
99	0	9795.53
99	1	7088.77
99	2	11660.2
99	3	5453.76
99	4	21008.3
99	5	13093.2
99	6	4492.33
99	7	8616.73
99	8	6823.17
99	9	5154.02
99	10	14137.5
99	11	10040.2
99	12	8308.45
99	13	7390.61
99	14	8584.87
99	15	14876.8
99	16	13733.4
99	17	25018.4
99	18	12170.4
99	19	10854.2
99	20	5838.96
99	21	14199
99	22	13979.6
99	23	12719.8
99	24	12339.8
99	25	7108.49
99	26	14386.8
99	27	9333.47
99	28	7207.98
99	29	9558.42
99	30	11507.1
99	31	7553.5
99	32	6227.72
99	33	10676.3
99	34	12490.4
99	35	8096.07
99	36	10674.9
99	37	7944.14
99	38	8613.62
99	39	6880.18
99	40	8048.12
99	41	9188.59
99	42	7851.84
99	43	9447.88
99	44	7192.3
99	45	5229.02
99	46	8415.52
99	47	7244.59
99	48	28916
99	49	7804.62
99	50	11954.9
99	51	8468.43
99	52	15590.7
99	53	6468.77
99	54	7771.58
99	55	8946.12
99	56	6201.97
99	57	19822.3
99	58	7794.5
99	59	9621.86
99	60	6795.74
99	61	6886.5
99	62	17603.6
99	63	16070.1
99	64	8848.4
99	65	4547.48
99	66	8483
99	67	6266.97
99	68	7971.54
99	69	16992.3
99	70	7020.79
99	71	21952.2
99	72	10551.9
99	73	5414.72
99	74	7816.66
99	75	5507.29
99	76	8234.65
99	77	9657.14
99	78	6128.81
99	79	8440.18
99	80	8910.03
99	81	12034
99	82	6591.98
99	83	11000.9
99	84	7342.8
99	85	7059.52
99	86	7356.09
99	87	7083.9
99	88	11658
99	89	9538.87
99	90	10182.1
99	91	5456.52
99	92	7783.65
99	93	5927.05
99	94	10588
99	95	11552.6
99	96	7260.58
99	97	6542.9
99	98	10977.8
