100,78,9
101,45,6
102,65,3
103,80,28
104,56,20
105,87,13
106,100,39
107,73,1
108,23,21
109,101,67
110,19,2
111,105,35
112,108,15
113,104,70
114,109,107
115,25,14
116,94,16
117,106,47
118,102,86
119,71,48
120,117,31
121,97,60
122,74,64
123,110,98
124,103,92
125,111,96
126,58,53
127,113,85
128,120,38
129,115,114
130,112,81
131,125,84
132,119,17
133,123,36
134,131,124
135,134,128
136,126,61
137,33,27
138,69,26
139,127,37
140,129,8
141,116,5
142,77,32
143,121,42
144,118,75
145,135,93
146,140,66
147,83,63
148,130,24
149,46,7
150,136,54
151,122,43
152,99,91
153,144,143
154,149,145
155,138,133
156,148,52
157,151,139
158,154,59
159,157,44
160,153,68
161,158,51
162,161,40
163,146,12
164,162,150
165,155,147
166,160,82
167,156,95
168,50,18
169,164,142
170,163,137
171,159,152
172,141,62
173,170,30
174,165,88
175,169,166
176,171,79
177,76,49
178,167,22
179,175,11
180,174,168
181,179,173
182,177,176
183,55,29
184,181,0
185,184,41
186,182,34
187,180,178
188,185,90
189,187,57
190,188,186
191,183,89
192,172,10
193,132,4
194,190,72
195,192,189
196,194,191
197,195,193
198,197,196
