0.00869991,0.00740033
0.0178126,0.0376011
0.0274014,0.106002
0.0374553,0.184602
0.0478826,0.257602
0.0585338,0.300801
0.0692924,0.324801
0.0801014,0.335601
0.0909339,0.342401
0.101778,0.346401
0.112628,0.347201
0.12348,0.348601
0.134334,0.349201
0.145189,0.349201
0.156043,0.349401
0.166899,0.349601
0.177754,0.349601
0.188609,0.349601
0.199465,0.349601
0.21032,0.349601
0.221175,0.349601
0.232031,0.349601
0.242886,0.349601
0.253741,0.349601
0.264597,0.349601
0.275452,0.349601
0.286308,0.349601
0.297163,0.349601
0.308018,0.349601
