0.0259996,0.0268011
0.0527791,0.0928016
0.0804301,0.176001
0.108897,0.241601
0.137785,0.271201
0.166832,0.285001
0.195938,0.290401
0.225066,0.293401
0.254204,0.293601
0.283345,0.293601
0.312488,0.293601
0.341631,0.294001
0.370774,0.294401
0.399918,0.294401
0.429061,0.294401
0.458205,0.294401
0.487348,0.294401
0.516492,0.294401
0.545635,0.294401
0.574779,0.294401
0.603922,0.294401
0.633066,0.294401
0.66221,0.294401
0.691353,0.294401
0.720497,0.294401
0.74964,0.294401
0.778784,0.294401
0.807927,0.294401
0.837071,0.294401
0.866215,0.294401
0.895358,0.294401
0.924502,0.294401
0.953645,0.294401
0.982789,0.294401
1.01193,0.294401
1.04108,0.294401
1.07022,0.294401
1.09936,0.294401
1.12851,0.294401
1.15765,0.294401
1.18679,0.294401
1.21594,0.294401
1.24508,0.294401
1.27422,0.294401
1.30337,0.294401
1.33251,0.294401
1.36166,0.294401
1.3908,0.294401
1.41994,0.294401
1.44909,0.294401
1.47823,0.294401
