0.0311994,0.0328012
0.0633306,0.121802
0.0964969,0.209202
0.130644,0.272601
0.165256,0.298001
0.200035,0.313001
0.234873,0.316401
0.269734,0.318201
0.304603,0.319001
0.339475,0.319401
0.374348,0.319601
0.409222,0.319601
0.444096,0.319601
0.47897,0.319601
0.513844,0.319601
0.548719,0.319601
0.583593,0.319601
0.618468,0.319601
0.653342,0.319601
0.688217,0.319601
0.723091,0.319601
0.757966,0.319601
0.79284,0.319601
0.827715,0.319601
0.862589,0.319601
0.897463,0.319601
0.932338,0.319601
0.967212,0.319601
1.00209,0.319601
1.03696,0.319601
1.07184,0.319601
1.10671,0.319601
1.14158,0.319601
1.17646,0.319601
1.21133,0.319601
1.24621,0.319601
1.28108,0.319601
1.31596,0.319601
1.35083,0.319601
1.38571,0.319601
1.42058,0.319601
1.45545,0.319601
1.49033,0.319601
