0.0217495,0.0186006
0.0444403,0.0742014
0.0681852,0.153601
0.0928935,0.223401
0.118169,0.256801
0.143698,0.272401
0.169327,0.278401
0.194997,0.279801
0.220683,0.281001
0.246376,0.281401
0.272072,0.281601
0.29777,0.282201
0.323468,0.282201
0.349166,0.282201
0.374865,0.282201
0.400564,0.282201
0.426263,0.282201
0.451961,0.282201
0.47766,0.282201
0.503359,0.282201
0.529058,0.282201
0.554757,0.282201
0.580455,0.282201
0.606154,0.282201
0.631853,0.282201
0.657552,0.282201
0.683251,0.282201
0.70895,0.282201
0.734648,0.282201
