0.0482995,0.0448015
0.097347,0.131002
0.147182,0.247801
0.19779,0.309001
0.248652,0.330801
0.299588,0.337001
0.350545,0.338601
0.40151,0.340001
0.452477,0.340201
0.503444,0.340201
0.554412,0.340201
0.605379,0.340201
0.656347,0.340201
0.707315,0.340201
0.758283,0.340201
0.80925,0.340201
0.860218,0.340201
0.911186,0.340201
0.962154,0.340201
1.01312,0.340201
1.06409,0.340201
1.11506,0.340201
1.16602,0.340201
1.21699,0.340201
1.26796,0.340201
1.31893,0.340201
1.3699,0.340201
1.42086,0.340201
1.47183,0.340201
