0.0155998,0.0178007
0.0316717,0.0592012
0.0482761,0.118601
0.0653858,0.190601
0.0828069,0.226401
0.100371,0.244801
0.117994,0.251001
0.135642,0.254601
0.1533,0.256401
0.170963,0.257801
0.188628,0.258601
0.206294,0.258601
0.223961,0.258601
0.241628,0.258601
0.259296,0.258601
0.276963,0.258801
0.29463,0.259001
0.312298,0.259001
0.329965,0.259001
0.347633,0.259001
0.3653,0.259001
0.382968,0.259001
0.400635,0.259001
0.418302,0.259001
0.43597,0.259001
0.453637,0.259001
0.471305,0.259001
0.488972,0.259001
0.506639,0.259001
0.524307,0.259001
0.541974,0.259001
0.559642,0.259001
0.577309,0.259001
0.594977,0.259001
0.612644,0.259001
0.630311,0.259001
0.647979,0.259001
0.665646,0.259001
0.683314,0.259001
0.700981,0.259001
0.718649,0.259001
0.736316,0.259001
0.753983,0.259001
0.771651,0.259001
0.789318,0.259001
0.806986,0.259001
0.824653,0.259001
0.842321,0.259001
0.859988,0.259001
0.877655,0.259001
0.895323,0.259001
0.91299,0.259001
0.930658,0.259001
0.948325,0.259001
0.965993,0.259001
0.98366,0.259001
1.00133,0.259001
1.01899,0.259001
1.03666,0.259001
1.05433,0.259001
1.072,0.259001
1.08966,0.259001
1.10733,0.259001
1.125,0.259001
1.14267,0.259001
1.16033,0.259001
1.178,0.259001
1.19567,0.259001
1.21334,0.259001
1.231,0.259001
1.24867,0.259001
1.26634,0.259001
1.28401,0.259001
1.30167,0.259001
1.31934,0.259001
1.33701,0.259001
1.35468,0.259001
1.37234,0.259001
1.39001,0.259001
1.40768,0.259001
1.42535,0.259001
1.44301,0.259001
1.46068,0.259001
1.47835,0.259001
1.49602,0.259001
