0.0124284,0.0120005
0.025447,0.0596014
0.0391459,0.141601
0.0535022,0.250801
0.0683561,0.312201
0.0834748,0.348001
0.0987128,0.370401
0.114004,0.379801
0.129319,0.382401
0.144646,0.385201
0.159978,0.387201
0.175313,0.389201
0.190649,0.389801
0.205986,0.389801
0.221322,0.389801
0.236659,0.389801
0.251996,0.389801
0.267333,0.389801
0.282671,0.389801
0.298008,0.389801
0.313345,0.389801
0.328682,0.389801
0.344019,0.389801
0.359357,0.389801
0.374694,0.389801
0.390031,0.389801
0.405368,0.389801
0.420705,0.389801
0.436043,0.389801
