0.043498,0.0408015
0.0888909,0.149802
0.136439,0.258601
0.185924,0.326401
0.236255,0.357401
0.286873,0.367601
0.337589,0.371601
0.388341,0.373001
0.439104,0.373801
0.489871,0.374601
0.54064,0.374601
0.59141,0.374601
0.64218,0.374601
0.692951,0.374601
0.743721,0.374601
0.794492,0.374601
0.845262,0.374601
0.896032,0.374601
0.946803,0.374601
0.997573,0.374601
1.04834,0.374601
1.09911,0.374601
1.14988,0.374601
1.20065,0.374601
1.25143,0.374601
1.3022,0.374601
1.35297,0.374601
1.40374,0.374601
1.45451,0.374601
