0.0108749,0.0112005
0.0222651,0.0482015
0.0342497,0.121402
0.046814,0.226002
0.0598274,0.305601
0.07309,0.345801
0.0864655,0.364401
0.0998933,0.375001
0.113345,0.377801
0.126809,0.378201
0.140277,0.379401
0.153748,0.379401
0.16722,0.379601
0.180693,0.379601
0.194166,0.380001
0.207639,0.380001
0.221112,0.380001
0.234585,0.380001
0.248059,0.380001
0.261532,0.380001
0.275005,0.380001
0.288478,0.380001
0.301951,0.380001
0.315425,0.380001
0.328898,0.380001
0.342371,0.380001
0.355844,0.380001
0.369318,0.380001
0.382791,0.380001
