0.0393329,0.0390017
0.0793928,0.116802
0.120235,0.229001
0.161848,0.288601
0.203751,0.317001
0.245748,0.325001
0.287774,0.328801
0.329811,0.329801
0.37185,0.330601
0.41389,0.330801
0.455931,0.331001
0.497972,0.331001
0.540013,0.331001
0.582055,0.331001
0.624096,0.331001
0.666137,0.331001
0.708179,0.331001
0.75022,0.331001
0.792261,0.331001
0.834302,0.331001
0.876344,0.331001
0.918385,0.331001
0.960426,0.331001
1.00247,0.331001
1.04451,0.331001
1.08655,0.331001
1.12859,0.331001
1.17063,0.331001
1.21267,0.331001
1.25472,0.331001
1.29676,0.331001
1.3388,0.331001
1.38084,0.331001
1.42288,0.331001
1.46492,0.331001
