0.00966656,0.00920039
0.0197507,0.0412008
0.0303039,0.0888011
0.041288,0.142601
0.0525835,0.182001
0.064058,0.203601
0.0756159,0.216801
0.0872122,0.222601
0.0988261,0.224601
0.110449,0.225401
0.122075,0.226201
0.133704,0.226201
0.145333,0.226201
0.156964,0.226201
0.168594,0.226201
0.180225,0.226201
0.191856,0.226201
0.203487,0.226201
0.215118,0.226201
0.226749,0.226201
0.23838,0.226201
0.250011,0.226201
0.261642,0.226201
0.273273,0.226201
0.284904,0.226201
0.296535,0.226201
0.308167,0.226201
0.319798,0.226201
0.331429,0.226201
0.34306,0.226201
0.354691,0.226201
0.366322,0.226201
0.377953,0.226201
0.389584,0.226201
0.401215,0.226201
0.412846,0.226201
0.424477,0.226201
0.436108,0.226201
0.447739,0.226201
0.45937,0.226201
0.471001,0.226201
0.482632,0.226201
0.494264,0.226201
0.505895,0.226201
0.517526,0.226201
0.529157,0.226201
0.540788,0.226201
0.552419,0.226201
0.56405,0.226201
0.575681,0.226201
0.587312,0.226201
0.598943,0.226201
0.610574,0.226201
0.622205,0.226201
0.633836,0.226201
0.645467,0.226201
0.657098,0.226201
0.668729,0.226201
0.68036,0.226201
0.691992,0.226201
0.703623,0.226201
0.715254,0.226201
0.726885,0.226201
0.738516,0.226201
0.750147,0.226201
0.761778,0.226201
0.773409,0.226201
0.78504,0.226201
0.796671,0.226201
0.808302,0.226201
0.819933,0.226201
0.831564,0.226201
0.843195,0.226201
0.854826,0.226201
0.866457,0.226201
0.878089,0.226201
0.88972,0.226201
0.901351,0.226201
0.912982,0.226201
0.924613,0.226201
0.936244,0.226201
0.947875,0.226201
0.959506,0.226201
0.971137,0.226201
0.982768,0.226201
0.994399,0.226201
1.00603,0.226201
1.01766,0.226201
1.02929,0.226201
1.04092,0.226201
1.05255,0.226201
1.06419,0.226201
1.07582,0.226201
1.08745,0.226201
1.09908,0.226201
1.11071,0.226201
1.12234,0.226201
1.13397,0.226201
1.1456,0.226201
1.15723,0.226201
1.16887,0.226201
1.1805,0.226201
1.19213,0.226201
1.20376,0.226201
1.21539,0.226201
1.22702,0.226201
1.23865,0.226201
1.25028,0.226201
1.26191,0.226201
1.27354,0.226201
1.28518,0.226201
1.29681,0.226201
1.30844,0.226201
1.32007,0.226201
1.3317,0.226201
1.34333,0.226201
1.35496,0.226201
1.36659,0.226201
1.37822,0.226201
1.38986,0.226201
1.40149,0.226201
1.41312,0.226201
1.42475,0.226201
1.43638,0.226201
1.44801,0.226201
1.45964,0.226201
1.47127,0.226201
1.4829,0.226201
1.49453,0.226201
