0.0353996,0.0356012
0.0714549,0.104802
0.108222,0.205802
0.145685,0.283201
0.183426,0.312401
0.221259,0.320001
0.259121,0.322801
0.296994,0.324401
0.334871,0.324801
0.372749,0.325001
0.410628,0.325001
0.448507,0.325001
0.486386,0.325001
0.524266,0.325001
0.562145,0.325001
0.600024,0.325001
0.637904,0.325001
0.675783,0.325001
0.713662,0.325001
0.751542,0.325001
0.789421,0.325001
0.8273,0.325001
0.865179,0.325001
0.903059,0.325001
0.940938,0.325001
0.978817,0.325001
1.0167,0.325001
1.05458,0.325001
1.09246,0.325001
1.13033,0.325001
1.16821,0.325001
1.20609,0.325001
1.24397,0.325001
1.28185,0.325001
1.31973,0.325001
1.35761,0.325001
1.39549,0.325001
1.43337,0.325001
1.47125,0.325001
