0.0144998,0.0134006
0.0296244,0.0592009
0.045448,0.113001
0.0619143,0.168801
0.078816,0.210201
0.0959354,0.233201
0.11315,0.241401
0.130405,0.244201
0.147678,0.248201
0.16496,0.249201
0.182247,0.249801
0.199536,0.249801
0.216825,0.249801
0.234115,0.249801
0.251405,0.249801
0.268696,0.249801
0.285986,0.249801
0.303276,0.249801
0.320567,0.249801
0.337857,0.249801
0.355147,0.249801
0.372438,0.249801
0.389728,0.249801
0.407019,0.249801
0.424309,0.249801
0.441599,0.249801
0.45889,0.249801
0.47618,0.249801
0.49347,0.249801
0.510761,0.249801
0.528051,0.249801
0.545342,0.249801
0.562632,0.249801
0.579922,0.249801
0.597213,0.249801
0.614503,0.249801
0.631794,0.249801
0.649084,0.249801
0.666374,0.249801
0.683665,0.249801
0.700955,0.249801
0.718246,0.249801
0.735536,0.249801
0.752826,0.249801
0.770117,0.249801
0.787407,0.249801
0.804697,0.249801
0.821988,0.249801
0.839278,0.249801
0.856569,0.249801
0.873859,0.249801
0.891149,0.249801
0.90844,0.249801
0.92573,0.249801
0.943021,0.249801
0.960311,0.249801
0.977601,0.249801
0.994892,0.249801
1.01218,0.249801
1.02947,0.249801
1.04676,0.249801
1.06405,0.249801
1.08134,0.249801
1.09863,0.249801
1.11592,0.249801
1.13321,0.249801
1.15051,0.249801
1.1678,0.249801
1.18509,0.249801
1.20238,0.249801
1.21967,0.249801
1.23696,0.249801
1.25425,0.249801
1.27154,0.249801
1.28883,0.249801
1.30612,0.249801
1.32341,0.249801
1.3407,0.249801
1.35799,0.249801
1.37528,0.249801
1.39257,0.249801
1.40986,0.249801
1.42715,0.249801
1.44444,0.249801
1.46173,0.249801
1.47902,0.249801
1.49631,0.249801
