0.0173331,0.0170007
0.0351865,0.0650012
0.0536203,0.133201
0.0726122,0.189601
0.0919374,0.230801
0.111406,0.248001
0.130931,0.255801
0.15048,0.259401
0.170038,0.260201
0.189601,0.260201
0.209166,0.260201
0.228732,0.260201
0.248298,0.260401
0.267864,0.260401
0.28743,0.260401
0.306997,0.260401
0.326563,0.260401
0.34613,0.260401
0.365696,0.260401
0.385262,0.260401
0.404829,0.260401
0.424395,0.260401
0.443961,0.260401
0.463528,0.260401
0.483094,0.260401
0.50266,0.260401
0.522227,0.260401
0.541793,0.260401
0.56136,0.260401
0.580926,0.260401
0.600492,0.260401
0.620059,0.260401
0.639625,0.260401
0.659191,0.260401
0.678758,0.260401
0.698324,0.260401
0.71789,0.260401
0.737457,0.260401
0.757023,0.260401
0.77659,0.260401
0.796156,0.260401
0.815722,0.260401
0.835289,0.260401
0.854855,0.260401
0.874421,0.260401
0.893988,0.260401
0.913554,0.260401
0.93312,0.260401
0.952687,0.260401
0.972253,0.260401
0.991819,0.260401
1.01139,0.260401
1.03095,0.260401
1.05052,0.260401
1.07008,0.260401
1.08965,0.260401
1.10922,0.260401
1.12878,0.260401
1.14835,0.260401
1.16792,0.260401
1.18748,0.260401
1.20705,0.260401
1.22662,0.260401
1.24618,0.260401
1.26575,0.260401
1.28531,0.260401
1.30488,0.260401
1.32445,0.260401
1.34401,0.260401
1.36358,0.260401
1.38315,0.260401
1.40271,0.260401
1.42228,0.260401
1.44185,0.260401
1.46141,0.260401
1.48098,0.260401
