0.0194998,0.0152006
0.0395846,0.0712013
0.0603245,0.136401
0.0816914,0.209401
0.103418,0.241201
0.1253,0.257801
0.147243,0.265601
0.169209,0.267401
0.191185,0.268601
0.213164,0.268801
0.235146,0.268801
0.257128,0.268801
0.279111,0.268801
0.301094,0.268801
0.323077,0.268801
0.34506,0.268801
0.367043,0.268801
0.389026,0.268801
0.41101,0.268801
0.432993,0.268801
0.454976,0.268801
0.476959,0.268801
0.498942,0.268801
0.520926,0.268801
0.542909,0.268801
0.564892,0.268801
0.586875,0.268801
0.608858,0.268801
0.630841,0.268801
0.652825,0.268801
0.674808,0.268801
0.696791,0.268801
0.718774,0.268801
0.740757,0.268801
0.762741,0.268801
0.784724,0.268801
0.806707,0.268801
0.82869,0.268801
0.850673,0.268801
0.872656,0.268801
0.89464,0.268801
0.916623,0.268801
0.938606,0.268801
0.960589,0.268801
0.982572,0.268801
1.00456,0.268801
1.02654,0.268801
1.04852,0.268801
1.07051,0.268801
1.09249,0.268801
1.11447,0.268801
1.13645,0.268801
1.15844,0.268801
1.18042,0.268801
1.2024,0.268801
1.22439,0.268801
1.24637,0.268801
1.26835,0.268801
1.29034,0.268801
1.31232,0.268801
1.3343,0.268801
1.35629,0.268801
1.37827,0.268801
1.40025,0.268801
1.42224,0.268801
1.44422,0.268801
1.4662,0.268801
1.48819,0.268801
