0.0442495,0.0354011
0.0893177,0.115602
0.135271,0.233002
0.182087,0.304001
0.229209,0.329601
0.276424,0.336001
0.323668,0.339801
0.370921,0.341201
0.418177,0.341401
0.465435,0.341401
0.512693,0.341401
0.559951,0.341401
0.607209,0.341401
0.654468,0.341401
0.701726,0.341401
0.748984,0.341401
0.796242,0.341401
0.8435,0.341401
0.890759,0.341401
0.938017,0.341401
0.985275,0.341401
1.03253,0.341401
1.07979,0.341401
1.12705,0.341401
1.17431,0.341401
1.22157,0.341401
1.26882,0.341401
1.31608,0.341401
1.36334,0.341401
1.4106,0.341401
1.45786,0.341401
