0.0173997,0.0180007
0.035547,0.0814013
0.0545297,0.151002
0.0742765,0.217202
0.0945118,0.251602
0.114971,0.265401
0.135524,0.270401
0.156119,0.273801
0.176732,0.276201
0.197354,0.277001
0.21798,0.277801
0.238607,0.277801
0.259236,0.278001
0.279864,0.278201
0.300493,0.278201
0.321122,0.278201
0.341751,0.278201
0.36238,0.278201
0.383009,0.278201
0.403638,0.278201
0.424267,0.278201
0.444896,0.278201
0.465525,0.278201
0.486154,0.278201
0.506782,0.278201
0.527411,0.278201
0.54804,0.278201
0.568669,0.278201
0.589298,0.278201
