0.038999,0.0350012
0.0791744,0.117002
0.120656,0.223801
0.16335,0.292001
0.206543,0.325
0.24991,0.3368
0.293334,0.3412
0.336777,0.3434
0.380227,0.3442
0.42368,0.3444
0.467134,0.3444
0.510588,0.3444
0.554042,0.3444
0.597497,0.3444
0.640951,0.3444
0.684405,0.3444
0.72786,0.3444
0.771314,0.3444
0.814768,0.3444
0.858223,0.3444
0.901677,0.3444
0.945131,0.3444
0.988586,0.3444
1.03204,0.3444
1.07549,0.3444
1.11895,0.3444
1.1624,0.3444
1.20586,0.3444
1.24931,0.3444
1.29277,0.3444
1.33622,0.3444
1.37967,0.3444
1.42313,0.3444
1.46658,0.3444
