0.0108749,0.0096004
0.0222199,0.0446009
0.0340938,0.0932013
0.0464562,0.145801
0.0591647,0.181401
0.0720608,0.202201
0.0850441,0.211201
0.0980665,0.216401
0.111107,0.218801
0.124156,0.219801
0.137209,0.220001
0.150264,0.220201
0.16332,0.220201
0.176377,0.220201
0.189433,0.220201
0.20249,0.220201
0.215546,0.220201
0.228603,0.220201
0.24166,0.220201
0.254716,0.220201
0.267773,0.220201
0.28083,0.220201
0.293886,0.220201
0.306943,0.220201
0.32,0.220201
0.333056,0.220201
0.346113,0.220201
0.35917,0.220201
0.372227,0.220201
0.385283,0.220201
0.39834,0.220201
0.411397,0.220201
0.424453,0.220201
0.43751,0.220201
0.450567,0.220201
0.463623,0.220201
0.47668,0.220201
0.489737,0.220201
0.502793,0.220201
0.51585,0.220201
0.528907,0.220201
0.541964,0.220201
0.55502,0.220201
0.568077,0.220201
0.581134,0.220201
0.59419,0.220201
0.607247,0.220201
0.620304,0.220201
0.63336,0.220201
0.646417,0.220201
0.659474,0.220201
0.672531,0.220201
0.685587,0.220201
0.698644,0.220201
0.711701,0.220201
0.724757,0.220201
0.737814,0.220201
0.750871,0.220201
0.763927,0.220201
0.776984,0.220201
0.790041,0.220201
0.803097,0.220201
0.816154,0.220201
0.829211,0.220201
0.842268,0.220201
0.855324,0.220201
0.868381,0.220201
0.881438,0.220201
0.894494,0.220201
0.907551,0.220201
0.920608,0.220201
0.933664,0.220201
0.946721,0.220201
0.959778,0.220201
0.972834,0.220201
0.985891,0.220201
0.998948,0.220201
1.012,0.220201
1.02506,0.220201
1.03812,0.220201
1.05117,0.220201
1.06423,0.220201
1.07729,0.220201
1.09034,0.220201
1.1034,0.220201
1.11646,0.220201
1.12951,0.220201
1.14257,0.220201
1.15563,0.220201
1.16868,0.220201
1.18174,0.220201
1.1948,0.220201
1.20785,0.220201
1.22091,0.220201
1.23397,0.220201
1.24703,0.220201
1.26008,0.220201
1.27314,0.220201
1.2862,0.220201
1.29925,0.220201
1.31231,0.220201
1.32537,0.220201
1.33842,0.220201
1.35148,0.220201
1.36454,0.220201
1.37759,0.220201
1.39065,0.220201
1.40371,0.220201
1.41676,0.220201
1.42982,0.220201
1.44288,0.220201
1.45593,0.220201
1.46899,0.220201
1.48205,0.220201
1.4951,0.220201
