0.0222854,0.022001
0.0452374,0.0854015
0.0689373,0.152001
0.0933493,0.207001
0.118153,0.243201
0.143115,0.259001
0.168135,0.264601
0.193177,0.266401
0.218229,0.266801
0.243284,0.267401
0.268341,0.268001
0.293398,0.268401
0.318456,0.268401
0.343514,0.268401
0.368572,0.268401
0.39363,0.268401
0.418688,0.268401
0.443745,0.268401
0.468803,0.268401
0.493861,0.268401
0.518919,0.268401
0.543977,0.268401
0.569035,0.268401
0.594093,0.268401
0.619151,0.268401
0.644209,0.268401
0.669267,0.268401
0.694325,0.268401
0.719383,0.268401
0.744441,0.268401
0.769499,0.268401
0.794557,0.268401
0.819614,0.268401
0.844672,0.268401
0.86973,0.268401
0.894788,0.268401
0.919846,0.268401
0.944904,0.268401
0.969962,0.268401
0.99502,0.268401
1.02008,0.268401
1.04514,0.268401
1.07019,0.268401
1.09525,0.268401
1.12031,0.268401
1.14537,0.268401
1.17043,0.268401
1.19548,0.268401
1.22054,0.268401
1.2456,0.268401
1.27066,0.268401
1.29572,0.268401
1.32077,0.268401
1.34583,0.268401
1.37089,0.268401
1.39595,0.268401
1.42101,0.268401
1.44606,0.268401
1.47112,0.268401
1.49618,0.268401
