0.0124284,0.0110005
0.0253939,0.0538008
0.0389616,0.108201
0.0530821,0.157402
0.0675872,0.196601
0.0822977,0.216201
0.0971021,0.225401
0.111948,0.228801
0.126812,0.229601
0.141684,0.230601
0.15656,0.230801
0.171438,0.230801
0.186316,0.230801
0.201195,0.231201
0.216074,0.231201
0.230953,0.231201
0.245833,0.231201
0.260712,0.231201
0.275591,0.231201
0.290471,0.231201
0.30535,0.231201
0.32023,0.231201
0.335109,0.231201
0.349989,0.231201
0.364868,0.231201
0.379747,0.231201
0.394627,0.231201
0.409506,0.231201
0.424386,0.231201
0.439265,0.231201
0.454145,0.231201
0.469024,0.231201
0.483903,0.231201
0.498783,0.231201
0.513662,0.231201
0.528542,0.231201
0.543421,0.231201
0.558301,0.231201
0.57318,0.231201
0.58806,0.231201
0.602939,0.231201
0.617818,0.231201
0.632698,0.231201
0.647577,0.231201
0.662457,0.231201
0.677336,0.231201
0.692216,0.231201
0.707095,0.231201
0.721974,0.231201
0.736854,0.231201
0.751733,0.231201
0.766613,0.231201
0.781492,0.231201
0.796372,0.231201
0.811251,0.231201
0.82613,0.231201
0.84101,0.231201
0.855889,0.231201
0.870769,0.231201
0.885648,0.231201
0.900528,0.231201
0.915407,0.231201
0.930286,0.231201
0.945166,0.231201
0.960045,0.231201
0.974925,0.231201
0.989804,0.231201
1.00468,0.231201
1.01956,0.231201
1.03444,0.231201
1.04932,0.231201
1.0642,0.231201
1.07908,0.231201
1.09396,0.231201
1.10884,0.231201
1.12372,0.231201
1.1386,0.231201
1.15348,0.231201
1.16836,0.231201
1.18324,0.231201
1.19812,0.231201
1.213,0.231201
1.22787,0.231201
1.24275,0.231201
1.25763,0.231201
1.27251,0.231201
1.28739,0.231201
1.30227,0.231201
1.31715,0.231201
1.33203,0.231201
1.34691,0.231201
1.36179,0.231201
1.37667,0.231201
1.39155,0.231201
1.40643,0.231201
1.42131,0.231201
1.43619,0.231201
1.45107,0.231201
1.46595,0.231201
1.48083,0.231201
1.4957,0.231201
