0.0222854,0.0242009
0.0452897,0.0960021
0.0691109,0.205802
0.0937183,0.323801
0.118798,0.382401
0.144075,0.407201
0.16943,0.418601
0.194816,0.423401
0.220216,0.427201
0.245621,0.428001
0.271028,0.428001
0.296436,0.428001
0.321845,0.428001
0.347254,0.428001
0.372663,0.428001
0.398072,0.428001
0.423481,0.428001
0.44889,0.428001
0.474299,0.428001
0.499709,0.428001
0.525118,0.428001
0.550527,0.428001
0.575936,0.428001
0.601345,0.428001
0.626754,0.428001
0.652163,0.428001
0.677572,0.428001
0.702981,0.428001
0.728391,0.428001
