0.00869991,0.00980043
0.0177804,0.041801
0.0272896,0.0796011
0.0371936,0.136201
0.0473869,0.169201
0.057751,0.195601
0.068198,0.206401
0.0786839,0.211401
0.089188,0.214801
0.099701,0.215801
0.110218,0.216201
0.120738,0.216401
0.131259,0.217001
0.14178,0.217001
0.152302,0.217201
0.162824,0.217401
0.173346,0.217401
0.183868,0.217401
0.194391,0.217401
0.204913,0.217401
0.215435,0.217401
0.225958,0.217401
0.23648,0.217401
0.247003,0.217401
0.257525,0.217401
0.268047,0.217401
0.27857,0.217401
0.289092,0.217401
0.299614,0.217401
0.310137,0.217401
0.320659,0.217401
0.331182,0.217401
0.341704,0.217401
0.352226,0.217401
0.362749,0.217401
0.373271,0.217401
0.383793,0.217401
0.394316,0.217401
0.404838,0.217401
0.41536,0.217401
0.425883,0.217401
0.436405,0.217401
0.446928,0.217401
0.45745,0.217401
0.467972,0.217401
0.478495,0.217401
0.489017,0.217401
0.499539,0.217401
0.510062,0.217401
0.520584,0.217401
0.531107,0.217401
0.541629,0.217401
0.552151,0.217401
0.562674,0.217401
0.573196,0.217401
0.583718,0.217401
0.594241,0.217401
0.604763,0.217401
0.615286,0.217401
0.625808,0.217401
0.63633,0.217401
0.646853,0.217401
0.657375,0.217401
0.667897,0.217401
0.67842,0.217401
0.688942,0.217401
0.699464,0.217401
0.709987,0.217401
0.720509,0.217401
0.731032,0.217401
0.741554,0.217401
0.752076,0.217401
0.762599,0.217401
0.773121,0.217401
0.783643,0.217401
0.794166,0.217401
0.804688,0.217401
0.81521,0.217401
0.825733,0.217401
0.836255,0.217401
0.846778,0.217401
0.8573,0.217401
0.867822,0.217401
0.878345,0.217401
0.888867,0.217401
0.899389,0.217401
0.909912,0.217401
0.920434,0.217401
0.930957,0.217401
0.941479,0.217401
0.952001,0.217401
0.962524,0.217401
0.973046,0.217401
0.983568,0.217401
0.994091,0.217401
1.00461,0.217401
1.01514,0.217401
1.02566,0.217401
1.03618,0.217401
1.0467,0.217401
1.05722,0.217401
1.06775,0.217401
1.07827,0.217401
1.08879,0.217401
1.09931,0.217401
1.10984,0.217401
1.12036,0.217401
1.13088,0.217401
1.1414,0.217401
1.15193,0.217401
1.16245,0.217401
1.17297,0.217401
1.18349,0.217401
1.19402,0.217401
1.20454,0.217401
1.21506,0.217401
1.22558,0.217401
1.23611,0.217401
1.24663,0.217401
1.25715,0.217401
1.26767,0.217401
1.27819,0.217401
1.28872,0.217401
1.29924,0.217401
1.30976,0.217401
1.32028,0.217401
1.33081,0.217401
1.34133,0.217401
1.35185,0.217401
1.36237,0.217401
1.3729,0.217401
1.38342,0.217401
1.39394,0.217401
1.40446,0.217401
1.41499,0.217401
1.42551,0.217401
1.43603,0.217401
1.44655,0.217401
1.45707,0.217401
1.4676,0.217401
1.47812,0.217401
1.48864,0.217401
1.49916,0.217401
