0.028999,0.0286012
0.0592469,0.105802
0.0909155,0.198601
0.123873,0.267201
0.157502,0.293001
0.191387,0.304401
0.225373,0.307001
0.259398,0.310801
0.293438,0.312001
0.327486,0.312601
0.361536,0.312601
0.395588,0.312801
0.429641,0.312801
0.463694,0.312801
0.497747,0.312801
0.5318,0.312801
0.565853,0.312801
0.599906,0.312801
0.633959,0.312801
0.668012,0.312801
0.702065,0.312801
0.736118,0.312801
0.770171,0.312801
0.804224,0.312801
0.838277,0.312801
0.87233,0.312801
0.906383,0.312801
0.940436,0.312801
0.974489,0.312801
