0.00966656,0.00760031
0.01979,0.0334012
0.0304398,0.103202
0.0416012,0.210201
0.0531652,0.286001
0.0649642,0.337601
0.0768755,0.359201
0.088838,0.366401
0.100825,0.368201
0.112824,0.371201
0.124829,0.372201
0.136836,0.373001
0.148845,0.373001
0.160855,0.373201
0.172865,0.373401
0.184875,0.373401
0.196886,0.373401
0.208896,0.373401
0.220906,0.373401
0.232917,0.373601
0.244927,0.373601
0.256938,0.373601
0.268948,0.373601
0.280958,0.373601
0.292969,0.373601
0.304979,0.373601
0.31699,0.373601
0.329,0.373601
0.341011,0.373601
